0.862821
0.759372
0.494979
0.556902
0.393934
0.908055
0.35761
0.865296
0.865855
0.591089
0.838742
0.485175
0.389846
0.561362
0.276652
0.6936
0.924565
0.556636
0.241336
0.111113
0.575925
0.456715
0.262921
0.77944
0.994321
0.88422
0.258411
0.835864
0.462236
0.100478
0.308285
0.956528
0.32457
0.870625
0.049738
0.32456
0.376153
0.743978
0.694603
0.764284
0.183216
0.25541
0.851618
0.756083
0.262228
0.678616
0.491276
0.806437
0.349895
0.739313
0.916641
0.987152
0.525314
0.769321
0.475266
0.0223191
0.623967
0.838563
0.901295
0.248409
0.324266
0.645239
0.609651
0.212758
0.467455
0.33929
0.414766
0.291675
0.278589
0.791613
0.78277
0.849635
0.104801
0.929046
0.594035
0.606226
0.178754
0.244204
0.975925
0.312479
0.563451
0.727166
0.413762
0.457502
0.390335
0.197242
0.0112251
0.525992
0.878775
0.329015
0.649909
0.760475
0.740378
0.858529
0.0293328
0.370081
0.0774318
0.1898
0.831062
0.64583
0.671672
0.766563
0.851861
0.718016
0.104665
0.663778
0.945063
0.0482647
0.985106
0.839512
0.175846
0.7602
0.169199
0.353188
0.266378
0.994931
0.478252
0.929241
0.286712
0.0606487
0.81764
0.535284
0.328916
0.870608
0.81566
0.477633
0.912103
0.688752
0.115689
0.120989
0.375265
0.306543
0.647338
0.53592
0.633139
0.476706
0.950965
0.588482
0.775252
0.0474442
0.100381
0.628997
0.164953
0.512536
0.272055
0.144615
0.87604
0.822026
0.441393
0.571349
0.517241
0.62779
0.8883
0.344539
0.430592
0.973557
0.79842
0.454343
0.534946
0.261888
0.987687
0.42256
0.61213
0.132582
0.970642
0.374166
0.182842
0.382157
0.498934
0.76006
0.0446968
0.211314
0.559973
0.606027
0.139006
0.757156
0.635616
0.169219
0.606466
0.736325
0.828703
0.459947
0.953925
0.336358
0.459273
0.465014
0.444768
0.780463
0.974204
0.138768
0.244114
0.875719
0.433456
0.699352
0.101072
0.722503
0.686759
0.086722
0.549262
0.84766
0.374556
0.613544
0.00625931
0.0815449
0.600758
0.516535
0.627337
0.548746
0.877691
0.854717
0.113774
0.0969548
0.914356
0.139883
0.389607
0.531824
0.0235474
0.691053
0.0231408
0.0893348
0.394327
0.778175
0.623169
0.616501
0.491201
0.209771
0.894531
0.424616
0.849502
0.178636
0.117849
0.589937
0.583361
0.311079
0.587866
0.612238
0.272035
0.203682
0.723266
0.348712
0.12678
0.557898
0.428883
0.426659
0.780233
0.991259
0.885037
0.178673
0.530877
0.265408
0.982023
0.135353
0.540791
0.46918
0.804764
0.877365
0.715925
0.120787
0.927003
0.813489
0.982163
0.764371
0.481203
0.133172
0.420808
0.0623943
0.273588
0.30205
0.0704553
0.692905
0.105761
0.083332
0.288938
0.843321
0.382649
0.458411
0.723994
0.138881
0.773887
0.472696
0.974559
0.90125
0.681596
0.114171
0.820566
0.451176
0.400903
0.795551
0.633693
0.663639
0.594164
0.759959
0.57914
0.841179
0.115916
0.998373
0.778174
0.32819
0.0125391
0.628779
0.881673
0.56858
0.0978221
0.998644
0.757285
0.40473
0.866487
0.393813
0.592134
0.941964
0.859603
0.878757
0.759757
0.603231
0.828822
0.308995
0.137003
0.404644
0.580141
0.263725
0.350151
0.990493
0.380289
0.605959
0.128593
0.879616
0.622518
0.638958
0.582918
0.225229
0.0570393
0.800197
0.705702
0.356088
0.522872
0.362532
0.273536
0.866682
0.000476674
0.938514
0.576833
0.710967
0.660796
0.254975
0.285207
0.552684
0.719123
0.187048
0.280596
0.561343
0.746707
0.71002
0.0698347
0.5536
0.35032
0.305327
0.115342
0.410807
0.242331
0.517621
0.66851
0.462712
0.555478
0.607916
0.0191082
0.158369
0.904252
0.163366
0.572991
0.684306
0.704883
0.180826
0.270682
0.473943
0.586444
0.333428
0.723664
0.118629
0.776359
0.988141
0.757192
0.211427
0.736825
0.183472
0.4633
0.378404
0.239752
0.565748
0.0715167
0.173403
0.929144
0.129201
0.455215
0.207519
0.958826
0.572367
0.81921
0.240636
0.340479
0.0215197
0.338822
0.119855
0.402474
0.212108
0.659123
0.458178
0.877663
0.635039
0.992805
0.869667
0.196146
0.965012
0.270321
0.717013
0.579591
0.350887
0.715089
0.935946
0.298833
0.535636
0.125333
0.773952
0.0903432
0.0348051
0.0853339
0.859343
0.0819435
0.814664
0.848659
0.120349
0.786733
0.415724
0.82939
0.580486
0.00673964
0.462652
0.550087
0.855787
0.916238
0.76936
0.458109
0.637763
0.921703
0.668423
0.669415
0.367632
0.522959
0.830823
0.63076
0.283838
0.496984
0.553866
0.835326
0.554279
0.253406
0.036973
0.944103
0.232491
0.806296
0.559507
0.291085
0.236517
0.721982
0.9279
0.918308
0.795412
0.233519
0.550743
0.882129
0.552715
0.160242
0.0407916
0.036239
0.789808
0.127447
0.860828
0.690807
0.929437
0.817375
0.173057
0.485738
0.750308
0.948302
0.469674
0.840526
0.483837
0.492446
0.327996
0.181244
0.49099
0.820535
0.0733511
0.89804
0.713464
0.0452166
0.122446
0.717022
0.969228
0.456793
0.344647
0.698504
0.903518
0.506725
0.0630605
0.781488
0.34724
0.202515
0.62691
0.914488
0.175298
0.765153
0.218275
0.526453
0.87906
0.343652
0.90299
0.76191
0.447343
0.422815
0.240947
0.240211
0.234133
0.961263
0.742861
0.554476
0.741138
0.0216748
0.391455
0.13686
0.335772
0.104819
0.172849
0.250504
0.514827
0.411107
0.467989
0.51568
0.724933
0.226734
0.717649
0.102
0.0854674
0.506219
0.40255
0.729934
0.980988
0.970609
0.312467
0.665277
0.412894
0.299959
0.53125
0.101417
0.0646136
0.959756
0.0113124
0.908614
0.251877
0.0139392
0.477247
0.220264
0.632237
0.778848
0.270314
0.632775
0.211596
0.657425
0.336842
0.190669
0.90698
0.161856
0.463845
0.741645
0.250514
0.957451
0.136997
0.11735
0.649567
0.796279
0.696576
0.210514
0.613659
0.9852
0.800829
0.431028
0.607197
0.650138
0.321778
0.806917
0.268912
0.222354
0.5708
0.822227
0.00339168
0.171535
0.98525
0.0212493
0.922211
0.539578
0.441201
0.346535
0.914396
0.340053
0.831335
0.423936
0.492117
0.632628
0.579193
0.134386
0.018633
0.991188
0.671466
0.499451
0.2218
0.285569
0.548075
0.886755
0.569007
0.0502707
0.013801
0.319305
0.751325
0.106937
0.396433
0.185925
0.170637
0.724071
0.472484
0.301061
0.197369
0.606896
0.611232
0.706123
0.271054
0.290441
0.279342
0.937216
0.690873
0.658802
0.370986
0.896165
0.605141
0.430626
0.666026
0.0774167
0.538209
0.125088
0.596559
0.208329
0.0104509
0.0552327
0.863264
0.333126
0.595453
0.985593
0.616423
0.358912
0.0862622
0.866809
0.947306
0.691077
0.600553
0.126777
0.369834
0.973915
0.639606
0.384548
0.23027
0.619343
0.25419
0.861651
0.61668
0.753862
0.392913
0.739054
0.313435
0.335718
0.629726
0.856485
0.0524805
0.655624
0.529321
0.288111
0.762066
0.175644
0.995777
0.597761
0.765773
0.596915
0.298042
0.919931
0.624841
0.278796
0.555404
0.520738
0.628375
0.612027
0.352073
0.164542
0.768177
0.186102
0.931815
0.126007
0.544045
0.927665
0.287075
0.440966
0.933217
0.255868
0.433097
0.281579
0.745757
0.85382
0.827882
0.115264
0.845488
0.639772
0.946974
0.302686
0.882932
0.458257
0.886938
0.192301
0.955519
0.93696
0.140014
0.590584
0.836356
0.30681
0.921222
0.60442
0.576791
0.687154
0.821341
0.100659
0.206474
0.515537
0.332533
0.232534
0.379384
0.842173
0.344341
0.868156
0.622551
0.504501
0.831113
0.933805
0.765759
0.519923
0.105878
0.474968
0.961542
0.240997
0.318184
0.284294
0.347756
0.987881
0.968621
0.960281
0.81345
0.560387
0.57333
0.250206
0.903477
0.176493
0.360166
0.734962
0.262828
0.625736
0.517289
0.481692
0.230138
0.625273
0.127015
0.0687168
0.153982
0.764263
0.573822
0.0216012
0.258021
0.215629
0.555692
0.809531
0.670942
0.547734
0.152166
0.743474
0.549141
0.209792
0.675044
0.0778696
0.622059
0.900566
0.788608
0.828278
0.826345
0.33236
0.0128131
0.280521
0.0524243
0.641364
0.667014
0.86566
0.663177
0.829057
0.507735
0.895372
0.491383
0.214148
0.153693
0.540158
0.634124
0.22479
0.0233537
0.656024
0.730217
0.359713
0.0736256
0.696915
0.449811
0.203877
0.993188
0.418787
0.0297394
0.111212
0.641935
0.11923
0.886241
0.015211
0.450683
0.00434449
0.154046
0.0146944
0.501368
0.967887
0.046913
0.554909
0.123116
0.519429
0.786437
0.32228
0.759519
0.511968
0.15679
0.785559
0.748992
0.698872
0.242628
0.105833
0.674632
0.0186853
0.460486
0.559485
0.191998
0.565542
0.316442
0.565656
0.961622
0.878171
0.356427
0.35895
0.694245
0.313116
0.0207284
0.468229
0.586578
0.440732
0.850015
0.76233
0.15473
0.872043
0.723856
0.218992
0.592153
0.812912
0.673903
0.494261
0.617403
0.254372
0.887668
0.740292
0.118079
0.533728
0.00745271
0.205462
0.913421
0.609063
0.55622
0.865139
0.442764
0.310649
0.557121
0.932478
0.34169
0.782552
0.708445
0.0165328
0.231954
0.10991
0.610793
0.557925
0.158043
0.348088
0.0641963
0.79327
0.966531
0.92591
0.830029
0.134532
0.15003
0.139464
0.643884
0.607741
0.500333
0.627557
0.759215
0.980067
0.08931
0.621682
0.656133
0.208414
0.936843
0.414901
0.19448
0.850129
0.251499
0.778198
0.992906
0.787037
0.113192
0.77415
0.661097
0.295645
0.302168
0.97693
0.225873
0.995526
0.00393121
0.673831
0.0973504
0.994522
0.0833966
0.0478017
0.195996
0.950553
0.182205
0.149618
0.655451
0.965728
0.972785
0.120921
0.917326
0.168809
0.461848
0.856942
0.812417
0.500046
0.240522
0.404942
0.220301
0.396693
0.318166
0.671215
0.469928
0.0200009
0.0900791
0.349308
0.518481
0.806879
0.0136644
0.351086
0.941615
0.297282
0.898554
0.51993
0.0410459
0.569967
0.112142
0.370586
0.637703
0.173176
0.596083
0.413763
0.942575
0.139265
0.257716
0.219365
0.270064
0.668513
0.663638
0.497649
0.872801
0.0387135
0.830256
0.257699
0.481489
0.0833532
0.110218
0.613973
0.353825
0.0744452
0.959389
0.733041
0.454156
0.428251
0.244836
0.560759
0.568381
0.594162
0.228699
0.968766
0.447919
0.224586
0.219477
0.895489
0.945331
0.335078
0.70889
0.683451
0.865653
0.0412713
0.437676
0.299765
0.74039
0.62752
0.898943
0.78445
0.467527
0.157159
0.966072
0.0476486
0.784111
0.815681
0.807904
0.359361
0.988348
0.0669355
0.132193
0.0518592
0.287408
0.0364841
0.6208
0.815777
0.69571
0.248183
0.230759
0.889779
0.692249
0.395913
0.935436
0.22812
0.0684589
0.782339
0.215711
0.668026
0.200323
0.923518
0.72473
0.687949
0.15139
0.706838
0.884229
0.413118
0.366056
0.749857
0.331601
0.848847
0.00179044
0.618077
0.726145
0.284699
0.530662
0.925095
0.300467
0.204249
0.0486903
0.484631
0.648974
0.233317
0.836904
0.297053
0.882988
0.368988
0.736705
0.981668
0.0705695
0.557234
0.538942
0.0397931
0.150148
0.559946
0.543385
0.498844
0.642583
0.990205
0.634456
0.544986
0.394952
0.00829549
0.517313
0.506977
0.738973
0.695891
0.748516
0.682201
0.204276
0.545869
0.148919
0.347703
0.208658
0.690524
0.626028
0.420431
0.742724
0.739395
0.543475
0.648092
0.027686
0.26683
0.713228
0.45422
0.51647
0.690683
0.11663
0.461586
0.0441501
0.596147
0.0980328
0.778913
0.0828447
0.914166
0.764504
0.442328
0.442632
0.695804
0.635136
0.284256
0.0690918
0.611086
0.762933
0.50359
0.952465
0.507345
0.941424
0.645557
0.991536
0.251146
0.71091
0.748561
0.386936
0.0799858
0.703682
0.278379
0.146466
0.476395
0.514315
0.209138
0.944197
0.188252
0.756221
0.117374
0.900693
0.18825
0.0880746
0.263747
0.893812
0.396155
0.68879
0.787381
0.615341
0.151034
0.81002
0.456215
0.251548
0.994087
0.307692
0.917227
0.308148
0.0526962
0.11632
0.486892
0.671122
0.988482
0.994219
0.982977
0.631551
0.600179
0.190427
0.719206
0.117227
0.0829187
0.822404
0.227243
0.844694
0.107703
0.998323
0.888135
0.641814
0.646784
0.892616
0.860406
0.904556
0.815921
0.0357576
0.206551
0.406829
0.684565
0.593697
0.230768
0.349475
0.162002
0.283187
0.0803629
0.495072
0.0261042
0.115396
0.126932
0.966063
0.68444
0.110951
0.192799
0.923006
0.96593
0.787299
0.769992
0.990951
0.386326
0.988322
0.0441932
0.0698625
0.651886
0.344628
0.840668
0.995568
0.0440688
0.583441
0.0588515
0.50224
0.372538
0.062964
0.998227
0.166154
0.578249
0.303028
0.227701
0.00492974
0.184698
0.320578
0.36927
0.206819
0.647054
0.375558
0.67091
0.730401
0.43502
0.055288
0.755351
0.075271
0.52745
0.490117
0.717679
0.392983
0.506668
0.272406
0.853652
0.0630702
0.117323
0.495937
0.795985
0.611324
0.0769222
0.524106
0.580682
0.66011
0.654211
0.300914
0.711963
0.499797
0.24391
0.933212
0.0931516
0.300952
0.421906
0.337914
0.785862
0.176172
0.721474
0.35691
0.189079
0.402401
0.357174
0.668269
0.409434
0.00925706
0.205879
0.597992
0.360287
0.484806
0.324063
0.980887
0.43004
0.443498
0.90717
0.623647
0.64906
0.757416
0.0730639
0.86812
0.110445
0.301111
0.676659
0.274706
0.875381
0.383461
0.12433
0.0915869
0.328501
0.00586221
0.988298
0.177213
0.881039
0.269851
0.83155
0.935905
0.48375
0.360681
0.982318
0.290182
0.905265
0.936714
0.699682
0.786671
0.470851
0.809435
0.972001
0.413799
0.730398
0.974004
0.596037
0.426606
0.269046
0.844433
0.862722
0.158323
0.913888
0.458353
0.752955
0.653093
0.439653
0.204479
0.911
0.480426
0.122817
0.554651
0.609836
0.324543
0.915244
0.283819
0.659913
0.285723
0.287768
0.60031
0.445878
0.888623
0.225123
0.995556
0.201294
0.835953
0.0499037
0.754177
0.907693
0.493953
0.663924
0.35797
0.515848
0.672363
0.589383
0.827479
0.234219
0.455017
0.432971
0.19628
0.115511
0.167964
0.36301
0.922486
0.0885436
0.604949
0.377721
0.635846
0.604874
0.0891372
0.431803
0.865845
0.683546
0.754352
0.784163
0.613252
0.796525
0.970196
0.669417
0.148991
0.327941
0.038355
0.625748
0.224499
0.609812
0.0440023
0.977851
0.195539
0.811733
0.629052
0.867224
0.18516
0.704017
0.163093
0.129639
0.260207
0.988649
0.911234
0.705292
0.0728329
0.32003
0.805001
0.345388
0.64301
0.948147
0.248264
0.713202
0.0494811
0.907967
0.475687
0.737272
0.832131
0.216402
0.0503522
0.293871
0.367823
0.880332
0.594266
0.437489
0.123162
0.705231
0.967354
0.55914
0.0642807
0.622235
0.456528
0.677638
0.263412
0.542943
0.226234
0.186409
0.204161
0.454768
0.0761791
0.995587
0.773881
0.673111
0.928867
0.138253
0.476289
0.60268
0.100884
0.505225
0.72017
0.702282
0.00772759
0.052715
0.281453
0.0558661
0.584321
0.256328
0.675383
0.373304
0.324644
0.651982
0.947308
0.806093
0.750865
0.844401
0.612487
0.806234
0.578907
0.150295
0.22059
0.806113
0.97055
0.307658
0.0699022
0.183594
0.578028
0.838649
0.387012
0.0793653
0.636262
0.0840192
0.774178
0.246191
0.357583
0.506484
0.877764
0.276866
0.781403
0.858206
0.958093
0.289289
0.647628
0.32927
0.432849
0.311296
0.952571
0.621131
0.803203
0.67909
0.989845
0.0438032
0.752897
0.996255
0.182029
0.377121
0.502285
0.884821
0.446421
0.976282
0.164681
0.763704
0.945551
0.0982055
0.807183
0.0012793
0.35327
0.386052
0.388319
0.75281
0.710356
0.252154
0.483591
0.244282
0.539514
0.653332
0.14281
0.975964
0.39666
0.351797
0.881019
0.991827
0.267654
0.604207
0.504071
0.817656
0.47704
0.0903601
0.187735
0.41436
0.624115
0.672098
0.792871
0.0762421
0.392156
0.699277
0.114269
0.04102
0.417025
0.269229
0.983328
0.148922
0.0178785
0.475919
0.419494
0.659468
0.683249
0.674598
0.523054
0.765655
0.522895
0.432452
0.860237
0.733386
0.392108
0.243863
0.138917
0.937721
0.0766621
0.140539
0.630809
0.0801538
0.125294
0.87276
0.250527
0.352713
0.517344
0.26272
0.500019
0.0542981
0.97079
0.604341
0.532971
0.327363
0.424187
0.166117
0.0383315
0.705031
0.44266
0.892491
0.0342605
0.760921
0.449696
0.0272756
0.261135
0.750556
0.962985
0.0884354
0.467219
0.762239
0.444307
0.444887
0.175774
0.842925
0.858089
0.6498
0.733682
0.949207
0.971467
0.458303
0.261869
0.641515
0.782247
0.167993
0.316289
0.992055
0.253672
0.743784
0.0420126
0.497014
0.972697
0.239475
0.0773716
0.841565
0.458495
0.287378
0.17612
0.353545
0.777645
0.976562
0.415003
0.526478
0.485912
0.722699
0.216501
0.529169
0.683359
0.225042
0.0732387
0.824077
0.865406
0.055815
0.233294
0.466811
0.507841
0.830926
0.552671
0.661261
0.0664423
0.736541
0.175531
0.238047
0.0371726
0.754134
0.173871
0.679293
0.647472
0.449375
0.756413
0.66509
0.0324866
0.355019
0.993671
0.0316378
0.387032
0.296402
0.716092
0.860508
0.551366
0.312456
0.186079
0.315205
0.487895
0.0178943
0.631807
0.754513
0.534796
0.318718
0.614167
0.346759
0.440406
0.961708
0.64604
0.198117
0.832194
0.242104
0.168954
0.595327
0.616026
0.697642
0.669907
0.865609
0.63495
0.86641
0.107931
0.00142398
0.0701382
0.412794
0.107344
0.15199
0.936444
0.0213334
0.103814
0.0695109
0.0198673
0.0359462
0.379351
0.664854
0.444566
0.538369
0.673284
0.936357
0.662267
0.381348
0.38734
0.690524
0.203197
0.515408
0.541839
0.462819
0.6982
0.0137963
0.775666
0.0606249
0.62387
0.514335
0.808508
0.584202
0.673971
0.0652954
0.219095
0.0850359
0.0494651
0.494663
0.874502
0.592391
0.950997
0.296407
0.0814009
0.837043
0.381362
0.89037
0.634933
0.50022
0.921534
0.275562
0.0804913
0.110876
0.886297
0.953774
0.414181
0.687146
0.860484
0.145881
0.504941
0.506789
0.951235
0.140602
0.399773
0.517565
0.933142
0.736374
0.164918
0.85482
0.536749
0.933624
0.292712
0.0779871
0.661842
0.167207
0.529276
0.719539
0.804938
0.273031
0.199734
0.473939
0.865031
0.0608065
0.539849
0.308184
0.730696
0.234893
0.451101
0.55624
0.481958
0.212075
0.253639
0.065873
0.0981766
0.910849
0.180672
0.314762
0.85934
0.35875
0.928088
0.157343
0.09148
0.0944514
0.195895
0.504233
0.775925
0.805436
0.833425
0.41551
0.0503109
0.570692
0.471066
0.236814
0.442452
0.375338
0.473485
0.788439
0.124335
0.091678
0.375183
0.672085
0.120033
0.714773
0.301014
0.675481
0.749025
0.616211
0.916776
0.900895
0.138669
0.0308814
0.845257
0.890608
0.388117
0.84384
0.447721
0.620806
0.849645
0.0386091
0.235681
0.171051
0.389539
0.0234909
0.15148
0.972774
0.307185
0.895059
0.638859
0.347862
0.73796
0.145775
0.645101
0.742415
0.0365946
0.672475
0.548405
0.26657
0.629715
0.583012
0.00365818
0.0597634
0.562617
0.110857
0.967091
0.733814
0.431932
0.545076
0.512253
0.758974
0.839463
0.732125
0.546403
0.188073
0.717456
0.614771
0.197876
0.854891
0.954863
0.812546
0.966604
0.92246
0.443259
0.00916066
0.209507
0.650661
0.333651
0.592378
0.76628
0.0791921
0.0429855
0.631835
0.621459
0.958489
0.265929
0.758708
0.510697
0.831026
0.529117
0.726328
0.973597
0.850785
0.319154
0.0350519
0.718023
0.173189
0.85295
0.192813
0.694606
0.062897
0.0532666
0.67592
0.194725
0.501058
0.141754
0.58961
0.788063
0.376992
0.440281
0.185156
0.0449928
0.283974
0.718199
0.362191
0.779582
0.843308
0.669227
0.82348
0.466085
0.771948
0.538597
0.267145
0.149233
0.0808534
0.371899
0.0934659
0.20661
0.193994
0.682792
0.0872703
0.645759
0.421326
0.188331
0.350245
0.0702267
0.24517
0.351646
0.504528
0.527622
0.762122
0.0561036
0.870738
0.371626
0.268613
0.0879389
0.871138
0.916704
0.616384
0.526647
0.609895
0.445979
0.958506
0.34664
0.843079
0.187225
0.310481
0.362833
0.987565
0.979835
0.870649
0.18757
0.547871
0.154194
0.877648
0.827214
0.642133
0.28188
0.358718
0.560748
0.780335
0.399602
0.649017
0.412924
0.11639
0.619891
0.57721
0.542269
0.786906
0.128206
0.00959518
0.47861
0.896423
0.513817
0.925264
0.634905
0.471795
0.512408
0.805623
0.86206
0.818525
0.198034
0.00416951
0.800743
0.205241
0.28444
0.854768
0.483935
0.379522
0.468852
0.751552
0.711615
0.976372
0.516409
0.560956
0.111092
0.907
0.281762
0.177489
0.101178
0.632116
0.0858181
0.386191
0.935799
0.734644
0.51443
0.133173
0.696868
0.832979
0.245999
0.620271
0.887273
0.846118
0.257965
0.705066
0.77759
0.364264
0.0326321
0.213184
0.353568
0.473692
0.937852
0.289102
0.0964948
0.350386
0.0421401
0.879385
0.753539
0.554015
0.667853
0.891294
0.0386863
0.559688
0.994089
0.100157
0.681354
0.577227
0.925958
0.329343
0.277468
0.114488
0.787743
0.529399
0.796239
0.592108
0.418573
0.29288
0.881457
0.0410418
0.298109
0.605701
0.686057
0.95137
0.512842
0.371857
0.517977
0.0287624
0.718183
0.290049
0.709425
0.295008
0.0122137
0.259984
0.192768
0.895478
0.971241
0.358012
0.693541
0.4249
0.12367
0.0345976
0.616041
0.932468
0.654905
0.0507659
0.246301
0.318584
0.0427651
0.428023
0.428563
0.208539
0.0119023
0.948591
0.140013
0.594221
0.744319
0.507642
0.93642
0.114234
0.217231
0.209487
0.795017
0.186792
0.307882
0.0388795
0.0433283
0.494703
0.78168
0.580908
0.281281
0.855176
0.279259
0.462057
0.674849
0.993409
0.310267
0.900892
0.379476
0.788953
0.827307
0.0161746
0.0609977
0.657386
0.441661
0.304216
0.413442
0.457911
0.902993
0.835056
0.609672
0.0695227
0.243443
0.624627
0.277186
0.712491
0.956582
0.043065
0.137224
0.840019
0.534542
0.000636389
0.831122
0.616619
0.435625
0.740202
0.686141
0.78311
0.95432
0.308931
0.9591
0.107862
0.951407
0.433034
0.127666
0.855369
0.579163
0.899923
0.0707464
0.775518
0.295468
0.478262
0.361664
0.299417
0.483408
0.73486
0.223767
0.160793
0.497746
0.301831
0.336823
0.473571
0.92437
0.296299
0.980294
0.89803
0.119016
0.052234
0.103492
0.95188
0.131969
0.747316
0.260883
0.776808
0.389476
0.241544
0.579967
0.143057
0.952263
0.471134
0.0157271
0.672716
0.306546
0.0170772
0.148177
0.104698
0.993036
0.157467
0.767807
0.569956
0.213572
0.74187
0.431823
0.92231
0.0423871
0.534406
0.908211
0.570707
0.359793
0.29483
0.796703
0.576254
0.633922
0.0524026
0.5337
0.998529
0.231438
0.653038
0.214878
0.360769
0.604221
0.517851
0.30394
0.826048
0.197988
0.917152
0.019288
0.156499
0.63406
0.434597
0.380644
0.891366
0.601686
0.423677
0.94479
0.253365
0.643109
0.330867
0.101345
0.114848
0.952284
0.56916
0.144493
0.430891
0.781898
0.286669
0.702636
0.745182
0.607563
0.789848
0.626877
0.556242
0.414109
0.944407
0.327313
0.671487
0.152186
0.525054
0.229279
0.350803
0.905125
0.498786
0.00994188
0.593415
0.475969
0.662386
0.656671
0.661473
0.14683
0.368852
0.152858
0.0666866
0.842443
0.32544
0.807085
0.39063
0.0795072
0.54641
0.932566
0.200462
0.724701
0.84004
0.0983011
0.450848
0.806127
0.0634671
0.447536
0.338648
0.257794
0.974849
0.117015
0.69369
0.824787
0.0802263
0.520328
0.00305825
0.485546
0.654626
0.858016
0.595029
0.903953
0.108704
0.22787
0.0246105
0.813483
0.662465
0.997976
0.27986
0.881074
0.377564
0.470751
0.503211
0.138391
0.371834
0.511858
0.735254
0.470564
0.677224
0.151259
0.0326982
0.904406
0.361188
0.937466
0.0417477
0.490905
0.599449
0.596588
0.0614186
0.436533
0.529815
0.212542
0.921485
0.88114
0.066865
0.964522
0.405699
0.554626
0.361233
0.339214
0.444121
0.457975
0.780838
0.291354
0.774362
0.151031
0.688554
0.771135
0.0689895
0.783992
0.337273
0.154764
0.564666
0.786783
0.00512246
0.919378
0.98721
0.789395
0.0692659
0.735627
0.376604
0.429263
0.0128383
0.367781
0.278703
0.593719
0.803749
0.432904
0.554125
0.336147
0.897273
0.336831
0.697814
0.278273
0.2612
0.0912021
0.073246
0.717381
0.22806
0.044562
0.799457
0.0407999
0.469939
0.408748
0.62454
0.241967
0.63859
0.553356
0.926513
0.186111
0.019023
0.476437
0.299899
0.838721
0.516456
0.690747
0.445869
0.198922
0.230558
0.116515
0.337334
0.0211226
0.576926
0.982513
0.07306
0.652981
0.99174
0.765988
0.198904
0.703805
0.510267
0.700326
0.45427
0.0303927
0.831049
0.6283
0.121794
0.333869
0.217827
0.238568
0.584854
0.588319
0.267287
0.461257
0.350059
0.89563
0.257912
0.94936
0.610975
0.194979
0.496338
0.119258
0.546544
0.0358686
0.0416518
0.671097
0.697131
0.669948
0.613626
0.67104
0.833682
0.962604
0.055595
0.269571
0.532341
0.393414
0.990945
0.0122612
0.545148
0.442585
0.895115
0.207322
0.0925898
0.507205
0.534248
0.746429
0.33799
0.601823
0.150982
0.370631
0.137766
0.568345
0.776698
0.461554
0.0446542
0.605219
0.448527
0.06266
0.816277
0.815026
0.0785084
0.323448
0.794124
0.925364
0.680148
0.966094
0.827135
0.22784
0.502741
0.541151
0.247831
0.762984
0.915268
0.202967
0.726287
0.756408
0.463414
0.888733
0.996233
0.248567
0.485069
0.390351
0.327573
0.384884
0.117196
0.856325
0.056532
0.498784
0.884205
0.0937434
0.578995
0.494452
0.119934
0.198927
0.561757
0.0954393
0.67179
0.948341
0.825943
0.999133
0.278808
0.446901
0.212031
0.784822
0.212282
0.605942
0.502084
0.637119
0.264864
0.76699
0.882081
0.231654
0.120154
0.988996
0.341361
0.195681
0.475166
0.860482
0.503382
0.660419
0.738873
0.0739466
0.361158
0.850642
0.7428
0.847317
0.918732
0.471015
0.776955
0.779637
0.886273
0.874999
0.609529
0.412884
0.0814967
0.300059
0.0111401
0.539348
0.504154
0.0856359
0.56261
0.964322
0.589105
0.839204
0.137658
0.851543
0.14803
0.0356982
0.553731
0.529675
0.940779
0.179586
0.733863
0.138006
0.891704
0.915289
0.430675
0.60356
0.839121
0.341395
0.377121
0.0793581
0.993895
0.639223
0.114685
0.403
0.968637
0.0989948
0.0219616
0.503527
0.235803
0.165306
0.0107508
0.313724
0.818127
0.230564
0.684105
0.188698
0.873906
0.490879
0.519922
0.943079
0.435755
0.934309
0.652095
0.735716
0.313903
0.0231383
0.915401
0.165412
0.258568
0.835446
0.653693
0.596459
0.346736
0.0532816
0.523591
0.842825
0.56088
0.078345
0.257998
0.992123
0.816436
0.409292
0.214268
0.119257
0.753637
0.703874
0.0380454
0.626624
0.362042
0.66515
0.801163
0.610544
0.626443
0.397369
0.745195
0.354942
0.803149
0.823673
0.384148
0.594053
0.989522
0.671331
0.0305753
0.69075
0.104438
0.748719
0.522326
0.0441266
0.573954
0.692409
0.380606
0.618791
0.245859
0.0544471
0.617885
0.490278
0.892431
0.815858
0.882654
0.717866
0.444067
0.911811
0.865033
0.615123
0.211208
0.690083
0.287767
0.921965
0.928752
0.538998
0.725799
0.477611
0.773498
0.581409
0.0214682
0.249465
0.196754
0.33513
0.782928
0.44034
0.642106
0.275353
0.124369
0.266085
0.919906
0.0551362
0.404126
0.180808
0.493152
0.189771
0.00857656
0.228395
0.916415
0.910423
0.285022
0.72083
0.51998
0.347411
0.173793
0.638664
0.982238
0.21574
0.70554
0.432152
0.447932
0.229697
0.25183
0.534067
0.499414
0.504052
0.750204
0.202228
0.295385
0.781188
0.689445
0.156889
0.910478
0.00919952
0.0491871
0.566781
0.351417
0.805399
0.294594
0.797137
0.219315
0.819959
0.0596654
0.463675
0.0139356
0.134041
0.57499
0.838979
0.472832
0.15305
0.615916
0.201813
0.0768505
0.470664
0.59453
0.991675
0.0992875
0.584964
0.392724
0.0173503
0.448677
0.317416
0.682841
0.848679
0.467148
0.368641
0.101302
0.771583
0.398888
0.576226
0.201629
0.315655
0.494618
0.0460701
0.592294
0.72077
0.70619
0.83336
0.986929
0.915081
0.589133
0.675315
0.593414
0.213649
0.500234
0.0838837
0.18359
0.222463
0.338933
0.255428
0.0440206
0.458612
0.418474
0.0915463
0.782746
0.107507
0.501931
0.0633318
0.922945
0.814381
0.629334
0.608093
0.552005
0.360709
0.486017
0.231316
0.631433
0.0375763
0.999585
0.263911
0.158282
0.992298
0.500848
0.895944
0.558988
0.550938
0.469847
0.00812318
0.879652
0.830679
0.201928
0.292346
0.805447
0.647003
0.429521
0.0980367
0.0172583
0.567591
0.665603
0.245934
0.206086
0.318416
0.387656
0.420054
0.912741
0.355239
0.959973
0.345108
0.135452
0.256282
0.441339
0.51899
0.0798799
0.0996837
0.330312
0.97083
0.472549
0.0725458
0.39789
0.635668
0.286622
0.384448
0.563373
0.209762
0.258267
0.909812
0.758594
0.130105
0.100029
0.524438
0.958953
0.139396
0.878652
0.0195263
0.481215
0.84654
0.929554
0.466983
0.869679
0.837968
0.466017
0.185626
0.190065
0.678743
0.25376
0.674078
0.478344
0.688007
0.827914
0.91657
0.363307
0.0869198
0.331881
0.935355
0.524738
0.38269
0.582481
0.117543
0.787031
0.881214
0.476501
0.323716
0.639827
0.625009
0.216538
0.645499
0.909612
0.938235
0.820448
0.983558
0.112715
0.261316
0.629119
0.916255
0.392318
0.558954
0.509756
0.97318
0.354712
0.442982
0.819737
0.796569
0.553804
0.326864
0.414491
0.504786
0.88969
0.103053
0.622795
0.37212
0.693579
0.0307011
0.0313118
0.555906
0.811171
0.495859
0.199319
0.418537
0.887519
0.216082
0.0233867
0.749686
0.674358
0.550365
0.157462
0.25703
0.898935
0.453107
0.951633
0.727922
0.73454
0.561775
0.821657
0.58023
0.913468
0.337436
0.365287
0.239213
0.570912
0.763437
0.569318
0.416847
0.517773
0.0237944
0.591592
0.601361
0.740714
0.202863
0.530325
0.469222
0.814147
0.326675
0.0305354
0.67681
0.9247
0.309022
0.377208
0.70923
0.962888
0.308186
0.431989
0.0515011
0.897025
0.81632
0.15143
0.126382
0.728642
0.891393
0.520865
0.503739
0.95015
0.231334
0.708409
0.812395
0.815034
0.296217
0.604496
0.680038
0.607993
0.937031
0.471404
0.326502
0.813916
0.737127
0.728874
0.21629
0.761431
0.00974284
0.636176
0.580759
0.115326
0.150563
0.419216
0.230987
0.4851
0.756806
0.124908
0.940612
0.301736
0.63005
0.0662239
0.64901
0.656417
0.368529
0.974618
0.562605
0.381922
0.170244
0.653378
0.838074
0.333591
0.534224
0.988878
0.693609
0.38868
0.172676
0.919187
0.465304
0.141856
0.953018
0.712181
0.670577
0.190333
0.400788
0.048789
0.043397
0.145326
0.260716
0.91392
0.370197
0.467673
0.316603
0.196317
0.946385
0.910577
0.415863
0.0550715
0.149355
0.659456
0.415336
0.306352
0.962921
0.38514
0.32838
0.403019
0.558543
0.0939734
0.95459
0.963237
0.299677
0.915709
0.81294
0.856584
0.876709
0.911116
0.418128
0.302198
0.504747
0.0794405
0.136078
0.164394
0.804145
0.873955
0.117059
0.416329
0.742734
0.0384648
0.114622
0.311406
0.225148
0.447728
0.604086
0.651519
0.29773
0.829073
0.350467
0.759717
0.00569225
0.746125
0.767126
0.474683
0.0240199
0.431215
0.510104
0.401856
0.797512
0.850194
0.83624
0.130481
0.877123
0.580483
0.0484261
0.130235
0.0167148
0.364232
0.858812
0.471315
0.655368
0.0478242
0.0490117
0.720428
0.317833
0.299542
0.643084
0.0369606
0.243556
0.0573674
0.938509
0.943171
0.448299
0.884204
0.0537496
0.561322
0.739057
0.515781
0.316925
0.109083
0.645922
0.322451
0.531041
0.460952
0.285341
0.166342
0.354864
0.151037
0.680582
0.920988
0.163828
0.866969
0.652327
0.61284
0.990662
0.330072
0.995602
0.276999
0.736602
0.0643549
0.450253
0.744071
0.512463
0.975051
0.294059
0.74065
0.20358
0.738242
0.957884
0.644268
0.357106
0.338407
0.128547
0.379667
0.105384
0.606789
0.973029
0.490083
0.626918
0.588017
0.489704
0.360397
0.934303
0.192184
0.215418
0.481022
0.220703
0.626694
0.0108384
0.346076
0.757815
0.557389
0.602512
0.516565
0.345549
0.135904
0.463289
0.416246
0.774104
0.0555791
0.322631
0.259877
0.753846
0.309851
0.554552
0.192432
0.430793
0.904213
0.186625
0.403294
0.837054
0.958103
0.714024
0.58592
0.619654
0.184599
0.0161347
0.524397
0.488823
0.406319
0.5618
0.026309
0.110657
0.0189304
0.928888
0.546045
0.269604
0.419917
0.644494
0.195607
0.118904
0.585315
0.69538
0.195209
0.781663
0.203797
0.209388
0.945095
0.131276
0.967999
0.713902
0.916126
0.963078
0.670564
0.0300634
0.96967
0.0297311
0.927376
0.609241
0.390874
0.936533
0.393334
0.14279
0.659823
0.549132
0.554856
0.717935
0.936472
0.371663
0.811535
0.0510723
0.0931618
0.42518
0.579372
0.811853
0.113111
0.10263
0.200502
0.794677
0.208933
0.800381
0.500024
0.519512
0.259866
0.981134
0.325229
0.93568
0.861266
0.250227
0.869039
0.313326
0.103183
0.680465
0.060421
0.926307
0.0953427
0.0611559
0.144805
0.630922
0.815954
0.244133
0.153061
0.673315
0.902387
0.293403
0.485884
0.365901
0.531492
0.204046
0.190168
0.563363
0.443959
0.424297
0.257447
0.69032
0.252753
0.847616
0.21787
0.977521
0.883691
0.961773
0.407346
0.604667
0.914104
0.834164
0.434685
0.0180466
0.486986
0.331639
0.249903
0.527018
0.498747
0.784348
0.755285
0.649691
0.687722
0.413213
0.362246
0.259821
0.0841084
0.682244
0.380324
0.779886
0.78442
0.398033
0.10709
0.00260668
0.703431
0.9966
0.924359
0.477301
0.93547
0.862455
0.289645
0.0266432
0.432724
0.448979
0.334313
0.307536
0.977281
0.374022
0.603274
0.733396
0.665228
0.737501
0.141964
0.150414
0.44854
0.728067
0.247358
0.510345
0.204993
0.504594
0.0978467
0.583131
0.926737
0.45217
0.438564
0.444308
0.204019
0.188004
0.104198
0.821043
0.144603
0.983311
0.844197
0.123837
0.635361
0.628062
0.82378
0.738992
0.870633
0.716634
0.529486
0.0774088
0.809139
0.892087
0.652259
0.77452
0.193363
0.772666
0.184841
0.489151
0.80587
0.0621175
0.851238
0.782887
0.756176
0.0873093
0.545369
0.273134
0.584973
0.723587
0.411504
0.175987
0.656426
0.1686
0.51091
0.438532
0.199952
0.362313
0.961202
0.118528
0.924244
0.343738
0.0878597
0.790814
0.501917
0.0758249
0.589662
0.66407
0.663404
0.850592
0.907131
0.610374
0.992586
0.573252
0.145135
0.698065
0.913801
0.697359
0.521046
0.316094
0.697696
0.193567
0.840588
0.785082
0.198917
0.434075
0.663045
0.561823
0.0904253
0.0874217
0.629088
0.426063
0.56011
0.754897
0.869373
0.235543
0.922365
0.228584
0.939749
0.458615
0.307381
0.617256
0.808183
0.408024
0.707621
0.468928
0.599764
0.256941
0.950298
0.603293
0.142538
0.630977
0.121505
0.691709
0.350431
0.399425
0.304891
0.962
0.793475
0.702018
0.680784
0.485234
0.436942
0.883474
0.716178
0.902148
0.0424731
0.6627
0.0327225
0.349973
0.119547
0.949691
0.602019
0.931642
0.243306
0.91023
0.0794783
0.266493
0.952069
0.0316715
0.168222
0.20799
0.161339
0.673109
0.557041
0.619679
0.10998
0.996674
0.543593
0.618356
0.176628
0.855868
0.764212
0.10407
0.750538
0.257415
0.904101
0.0886015
0.278905
0.375074
0.277359
0.0605542
0.454917
0.848582
0.264672
0.851915
0.427255
0.706162
0.731995
0.00416721
0.497726
0.634662
0.89307
0.771452
0.598767
0.288639
0.823092
0.644297
0.526032
0.364052
0.447739
0.0700019
0.38911
0.916686
0.0062631
0.0493149
0.442046
0.68158
0.112229
0.420086
0.315997
0.450543
0.521735
0.45478
0.835058
0.983982
0.643918
0.251135
0.0991619
0.11823
0.850747
0.376189
0.94893
0.128298
0.649812
0.13912
0.705211
0.421589
0.261579
0.56809
0.54895
0.79479
0.582575
0.184625
0.914216
0.0968886
0.0466143
0.552519
0.775853
0.490685
0.16289
0.124417
0.417059
0.460049
0.927521
0.605822
0.337055
0.37767
0.821627
0.566192
0.0381943
0.814236
0.464231
0.503022
0.458366
0.795412
0.0995047
0.482983
0.12817
0.0120322
0.0857393
0.0054347
0.877632
0.486952
0.273047
0.313807
0.152244
0.960819
0.452337
0.637565
0.0997788
0.36377
0.951697
0.957281
0.0459239
0.351053
0.687783
0.283369
0.595021
0.396569
0.145586
0.319174
0.620989
0.740438
0.792103
0.0804132
0.104825
0.412206
0.490238
0.436147
0.294213
0.418047
0.548769
0.741375
0.938618
0.411379
0.348698
0.511195
0.60546
0.545109
0.35268
0.7429
0.801043
0.897272
0.152555
0.814491
0.172027
0.0902422
0.621702
0.522388
0.0925942
0.142032
0.0436584
0.333335
0.186495
0.00955989
0.917128
0.434083
0.0785171
0.734911
0.490831
0.0901282
0.827495
0.947654
0.162404
0.31104
0.141083
0.787462
0.968733
0.806944
0.767
0.739921
0.640414
0.910398
0.737057
0.331527
0.0893525
0.534609
0.582531
0.609257
0.665012
0.877489
0.54352
0.21156
0.285283
0.699812
0.709338
0.00486231
0.803643
0.803273
0.703385
0.073212
0.103884
0.850711
0.0779315
0.218127
0.896168
0.00704237
0.323807
0.762413
0.884321
0.162708
0.39718
0.179015
0.868609
0.75321
0.76635
0.601481
0.909271
0.585044
0.909111
0.965796
0.514333
0.349327
0.534774
0.197152
0.883493
0.372285
0.925233
0.818401
0.508574
0.879729
0.438151
0.0234394
0.204525
0.774909
0.857391
0.345094
0.923892
0.842131
0.639698
0.873603
0.0505251
0.436963
0.569611
0.645046
0.977768
0.64878
0.143191
0.779468
0.541668
0.443642
0.0460126
0.200545
0.854948
0.890414
0.289052
0.594083
0.245123
0.131461
0.629356
0.854285
0.0884398
0.404864
0.907673
0.0439518
0.00986947
0.961759
0.824842
0.553171
0.787934
0.845984
0.558425
0.431004
0.476759
0.0175949
0.377313
0.419055
0.221505
0.101739
0.257501
0.882272
0.00310429
0.22191
0.709706
0.612864
0.204889
0.86438
0.989522
0.909447
0.678772
0.454615
0.402972
0.543504
0.555383
0.0634246
0.53848
0.0406103
0.738425
0.227822
0.346043
0.112159
0.206787
0.75623
0.400707
0.632472
0.950506
0.825313
0.148389
0.965318
0.735355
0.145967
0.745484
0.572409
0.604383
0.153272
0.124243
0.725156
0.531174
0.0395652
0.392892
0.861262
0.881235
0.214297
0.580059
0.205617
0.937002
0.834212
0.836285
0.613952
0.230373
0.0169585
0.541614
0.395517
0.82464
0.783417
0.871437
0.463468
0.560976
0.775527
0.595893
0.0737745
0.546934
0.670565
0.752766
0.185631
0.23711
0.663523
0.982229
0.358944
0.571701
0.445552
0.282374
0.13667
0.982491
0.446217
0.971095
0.187643
0.791761
0.930211
0.068679
0.930779
0.497251
0.969503
0.821783
0.055823
0.914301
0.243811
0.834646
0.113974
0.657723
0.87351
0.233915
0.501559
0.28824
0.0266581
0.903943
0.0783083
0.819946
0.46867
0.395109
0.0124863
0.600673
0.557526
0.400158
0.780442
0.910189
0.135753
0.269992
0.615032
0.205106
0.703391
0.598005
0.66444
0.166648
0.506139
0.979806
0.13193
0.5014
0.972337
0.0523772
0.291791
0.465442
0.737981
0.401986
0.612814
0.239571
0.0452286
0.414767
0.668297
0.203476
0.155724
0.695105
0.710221
0.00486601
0.977876
0.00486891
0.566014
0.667468
0.897456
0.919326
0.916507
0.204525
0.441212
0.685945
0.0584586
0.931713
0.295758
0.0704319
0.0210324
0.393576
0.00558709
0.0851438
0.0489251
0.595507
0.859443
0.75742
0.402028
0.389164
0.111949
0.107716
0.577448
0.37913
0.839102
0.657903
0.730086
0.752937
0.937124
0.8215
0.385538
0.68629
0.860657
0.704494
0.995833
0.512026
0.975788
0.994933
0.705795
0.19968
0.521376
0.271634
0.5413
0.685317
0.4944
0.060125
0.523037
0.458509
0.451883
0.69521
0.00765968
0.2616
0.999281
0.224041
0.454992
0.757964
0.501167
0.832196
0.944505
0.499474
0.747874
0.15291
0.0202992
0.462829
0.348013
0.963525
0.84845
0.106551
0.351272
0.21409
0.163169
0.762293
0.521544
0.895229
0.130361
0.831245
0.771293
0.312056
0.213336
0.14009
0.369288
0.550258
0.37944
0.0782137
0.913317
0.497313
0.271346
0.954733
0.660359
0.987653
0.681187
0.355252
0.445942
0.602185
0.162367
0.467005
0.403564
0.294838
0.938148
0.507308
0.891622
0.374428
0.850342
0.971602
0.122969
0.304305
0.543146
0.42638
0.0952966
0.38479
0.102861
0.150314
0.135367
0.826937
0.589641
0.0889874
0.0799402
0.92933
0.308226
0.639414
0.00794216
0.161614
0.318479
0.0299716
0.887301
0.909932
0.510784
0.339577
0.930314
0.0784985
0.553127
0.578867
0.327691
0.879891
0.555711
0.945544
0.176927
0.648363
0.814948
0.288299
0.976268
0.51657
0.565664
0.459856
0.167673
0.466425
0.954349
0.971025
0.397631
0.324115
0.528991
0.366134
0.34072
0.268502
0.00681486
0.495143
0.434952
0.553886
0.0713069
0.376302
0.270111
0.891057
0.149387
0.85067
0.387942
0.531017
0.0555061
0.775241
0.264129
0.836533
0.0751967
0.4729
0.590211
0.666755
0.843692
0.148872
0.818979
0.614694
0.638427
0.0839658
0.538744
0.394118
0.440459
0.661631
0.914182
0.0746218
0.256392
0.1251
0.924577
0.540905
0.831867
0.404198
0.900699
0.532815
0.122874
0.737813
0.936513
0.451964
0.39391
0.643112
0.503947
0.317238
0.484593
0.0982761
0.315663
0.157293
0.0499706
0.200733
0.401487
0.0888667
0.988605
0.462773
0.304843
0.344865
0.849765
0.390579
0.131899
0.604029
0.254869
0.391465
0.0780514
0.186007
0.0678447
0.929935
0.711476
0.700245
0.0792126
0.83142
0.827679
0.647328
0.0574882
0.901732
0.327289
0.401208
0.840806
0.263714
0.519309
0.166303
0.993133
0.762254
0.829512
0.434988
0.192843
0.608585
0.752287
0.121801
0.0475456
0.23449
0.345977
0.273365
0.77934
0.590761
0.28635
0.882136
0.648263
0.294473
0.772368
0.14905
0.19846
0.712432
0.285553
0.46547
0.555406
0.846555
0.982184
0.401638
0.311701
0.632915
0.404491
0.307169
0.926934
0.534567
0.312794
0.407114
0.135448
0.656179
0.399425
0.224956
0.727974
0.518551
0.776245
0.00594494
0.207651
0.230853
0.913523
0.186923
0.256031
0.106491
0.61445
0.756143
0.509688
0.551648
0.339553
0.713788
0.604817
0.543585
0.567773
0.542807
0.404214
0.335644
0.567542
0.013739
0.297836
0.131599
0.629358
0.700502
0.00641314
0.0676993
0.325025
0.321532
0.961516
0.398505
0.557106
0.714606
0.375694
0.917063
0.52371
0.0960492
0.314141
0.207038
0.198805
0.90025
0.0789739
0.452498
0.496416
0.366621
0.0781649
0.226719
0.833577
0.265918
0.756684
0.78886
0.422908
0.949852
0.559903
0.785853
0.105828
0.902599
0.217234
0.108349
0.384657
0.121954
0.89111
0.117615
0.473679
0.0437657
0.956887
0.227265
0.669466
0.273695
0.158115
0.167884
0.36515
0.758414
0.939507
0.352445
0.444662
0.266505
0.325233
0.491642
0.817244
0.0981671
0.0837169
0.0237014
0.624689
0.139074
0.0234326
0.866424
0.0492569
0.848623
0.153515
0.719099
0.260264
0.0850959
0.0400727
0.177572
0.338193
0.186276
0.397873
0.00909386
0.26622
0.714694
0.117635
0.445815
0.522731
0.364989
0.274533
0.496248
0.857315
0.592555
0.791238
0.127871
0.89436
0.901032
0.277028
0.0763202
0.809924
0.44131
0.481609
0.953741
0.138983
0.860517
0.0013967
0.822485
0.884077
0.461148
0.674987
0.169492
0.861276
0.720441
0.377545
0.913807
0.865306
0.751168
0.0490515
0.175457
0.994291
0.616124
0.421551
0.768313
0.974224
0.677641
0.736323
0.00997506
0.633327
0.497922
0.586638
0.844024
0.491395
0.654451
0.943494
0.223584
0.292839
0.680197
0.852409
0.547978
0.603489
0.463918
0.350371
0.122115
0.649782
0.922579
0.0599888
0.0918635
0.162037
0.0533913
0.960898
0.493015
0.100447
0.473934
0.988395
0.281879
0.959748
0.503626
0.927929
0.407417
0.670995
0.425894
0.726171
0.153183
0.910888
0.0523081
0.632667
0.219147
0.906119
0.0181293
0.931456
0.0448733
0.0592744
0.691303
0.324595
0.730428
0.401152
0.462388
0.353527
0.91208
0.482501
0.185169
0.479441
0.0668893
0.776052
0.253581
0.222567
0.835355
0.514328
0.556726
0.52153
0.457344
0.313264
0.702072
0.610408
0.293847
0.765336
0.762856
0.291225
0.953996
0.825374
0.418025
0.184848
0.413244
0.73241
0.850492
0.386237
0.522739
0.768621
0.492038
0.0437869
0.422533
0.492824
0.51741
0.799554
0.894754
0.0864048
0.445159
0.650091
0.901525
0.07585
0.776295
0.0490846
0.502421
0.997197
0.317849
0.899386
0.666735
0.949587
0.33235
0.6036
0.853682
0.5512
0.119744
0.963044
0.979696
0.783293
0.282653
0.335535
0.696063
0.239715
0.549523
0.693088
0.439096
0.878409
0.218246
0.933228
0.773402
0.893689
0.0124035
0.596099
0.723638
0.508663
0.366947
0.958012
0.0881917
0.0917627
0.595536
0.933835
0.814907
0.70105
0.690467
0.0489115
0.653817
0.826012
0.769318
0.265457
0.601154
0.0301658
0.308961
0.15221
0.830605
0.393758
0.308172
0.85844
0.030854
0.207695
0.440886
0.588514
0.0917485
0.611097
0.578347
0.313674
0.162047
0.578969
0.541291
0.546761
0.525912
0.060936
0.962557
0.471477
0.799514
0.341862
0.528935
0.313604
0.367132
0.917171
0.84175
0.904535
0.202074
0.869616
0.996297
0.0902399
0.0299176
0.20848
0.472976
0.657693
0.649977
0.656176
0.267359
0.187292
0.654185
0.579613
0.994086
0.583269
0.0863816
0.195818
0.140005
0.298683
0.301872
0.806616
0.762772
0.336743
0.626641
0.822378
0.605459
0.284698
0.131107
0.0491271
0.395148
0.414294
0.787074
0.475021
0.656878
0.536799
0.186047
0.497912
0.386227
0.602527
0.451877
0.39048
0.616065
0.654681
0.799846
0.655485
0.0510974
0.00591621
0.409885
0.639768
0.114962
0.464957
0.919574
0.119752
0.163791
0.86028
0.120637
0.178645
0.426796
0.0563883
0.134168
0.949073
0.239485
0.638676
0.794036
0.821532
0.965241
0.913365
0.45531
0.815949
0.908976
0.12008
0.58025
0.144975
0.594157
0.887112
0.868367
0.0856609
0.623281
0.423166
0.624148
0.229684
0.866671
0.347795
0.846302
0.572301
0.661481
0.294389
0.737181
0.545732
0.0371535
0.578761
0.445737
0.00256167
0.0547323
0.703339
0.183143
0.383617
0.215672
0.809553
0.49671
0.260956
0.757489
0.765732
0.258742
0.888474
0.342786
0.145864
0.0160272
0.761645
0.780533
0.0810168
0.567692
0.375291
0.663364
0.522611
0.909723
0.55699
0.987818
0.398278
0.424775
0.430183
0.68092
0.55393
0.98492
0.449761
0.858841
0.518345
0.507739
0.385636
0.658682
0.935514
0.598615
0.110288
0.0810979
0.581748
0.790422
0.291567
0.506938
0.475505
0.0280602
0.297047
0.756306
0.777407
0.977132
0.33408
0.136472
0.242719
0.166765
0.577733
0.965852
0.197565
0.634969
0.0595212
0.500913
0.166504
0.290794
0.156329
0.0639388
0.911852
0.720494
0.19062
0.475533
0.324762
0.0665419
0.550427
0.0961664
0.903248
0.186666
0.264645
0.552634
0.258146
0.412357
0.616989
0.727316
0.772705
0.33789
0.11666
0.364699
0.419511
0.401828
0.713606
0.195404
0.0660451
0.0422707
0.948361
0.296985
0.147157
0.879869
0.585353
0.241583
0.876039
0.00210047
0.380815
0.440377
0.590129
0.524303
0.904047
0.0818853
0.780634
0.259286
0.0886074
0.40773
0.557197
0.241536
0.0179379
0.154092
0.463214
0.652569
0.463658
0.739822
0.751845
0.0398145
0.270678
0.32974
0.879269
0.695679
0.31608
0.553997
0.841348
0.976256
0.358293
0.508973
0.0966884
0.430536
0.0380691
0.645967
0.288534
0.705633
0.269352
0.526593
0.07193
0.106987
0.577912
0.752544
0.709297
0.770056
0.348296
0.658365
0.580313
0.858204
0.398622
0.173376
0.147166
0.648416
0.797054
0.790382
0.442112
0.534106
0.00818583
0.122604
0.300383
0.605111
0.714675
0.281394
0.429403
0.353817
0.482047
0.080864
0.334392
0.107782
0.24359
0.610393
0.907262
0.778359
0.566922
0.425418
0.816498
0.289149
0.198109
0.424295
0.0659
0.184896
0.211535
0.283678
0.852385
0.791277
0.540688
0.17317
0.0213556
0.499188
0.928157
0.664627
0.628762
0.522632
0.0766623
0.174795
0.747903
0.545064
0.878455
0.696506
0.934174
0.595783
0.268658
0.672664
0.328495
0.970816
0.1548
0.703935
0.549778
0.875468
0.734493
0.181413
0.898115
0.900381
0.523066
0.207389
0.704453
0.322676
0.156607
0.915936
0.130887
0.736911
0.951479
0.482186
0.611206
0.750594
0.766585
0.538842
0.949631
0.283143
0.923739
0.222468
0.142963
0.190279
0.299867
0.628372
0.589252
0.364099
0.0288373
0.156593
0.395569
0.0405122
0.835867
0.648737
0.828862
0.461882
0.563814
0.732839
0.941102
0.436601
0.0353287
0.288723
0.772691
0.861765
0.505292
0.929819
0.975158
0.303571
0.0348741
0.233087
0.256392
0.795077
0.275578
0.131705
0.853988
0.0314846
0.36109
0.997326
0.0608645
0.0891334
0.315812
0.790349
0.477536
0.151213
0.0339261
0.216561
0.115594
0.597139
0.335225
0.345768
0.157457
0.855076
0.228413
0.458655
0.586786
0.629868
0.669779
0.561034
0.610089
0.38395
0.415755
0.701253
0.518069
0.222149
0.361548
0.134554
0.886972
0.527853
0.957551
0.598412
0.120899
0.448128
0.44362
0.27379
0.142374
0.202597
0.92076
0.0585894
0.280599
0.317099
0.268285
0.613226
0.122835
0.485788
0.278151
0.253124
0.177327
0.00350722
0.383251
0.177678
0.102694
0.521617
0.287328
0.0635642
0.302515
0.856607
0.296257
0.147176
0.580541
0.561338
0.259335
0.752903
0.389918
0.338572
0.436491
0.691567
0.191285
0.3906
0.70202
0.138492
0.415826
0.0689717
0.25988
0.870087
0.506336
0.231041
0.113075
0.980438
0.833777
0.954334
0.44883
0.854636
0.322452
0.885594
0.481402
0.0746047
0.0725452
0.881726
0.0377321
0.596512
0.103371
0.616917
0.083142
0.729793
0.566485
0.810436
0.782742
0.0456261
0.443552
0.523742
0.699473
0.0745627
0.639663
0.0730505
0.314554
0.0270335
0.366193
0.748228
0.679456
0.482681
0.512482
0.733661
0.848593
0.663129
0.983015
0.136536
0.767293
0.893658
0.71277
0.899489
0.720291
0.927632
0.00683095
0.476043
0.82236
0.038363
0.350702
0.368833
0.720458
0.00351215
0.770349
0.574124
0.505757
0.466252
0.531111
0.115249
0.814224
0.0667031
0.35701
0.0764592
0.766448
0.998983
0.121773
0.52057
0.970287
0.576363
0.411246
0.209709
0.900273
0.428995
0.414324
0.643192
0.742084
0.274446
0.250698
0.79869
0.242397
0.7261
0.991273
0.802081
0.0344379
0.396442
0.493451
0.793735
0.90592
0.40576
0.537867
0.578172
0.270511
0.873087
0.308684
0.836948
0.72294
0.774721
0.100895
0.156853
0.0832186
0.0462404
0.227946
0.447026
0.636045
0.204082
0.948562
0.0823402
0.895662
0.0721856
0.220995
0.553824
0.387403
0.705762
0.519218
0.911414
0.388129
0.598218
0.375235
0.0773188
0.555625
0.202945
0.526263
0.352756
0.523217
0.568781
0.37242
0.978446
0.148648
0.8112
0.273468
0.754961
0.480952
0.0435321
0.171797
0.0395142
0.712352
0.114311
0.159719
0.225126
0.174359
0.409678
0.872274
0.861733
0.753857
0.354229
0.677746
0.74228
0.880344
0.777411
0.871417
0.117362
0.315016
0.747017
0.0217312
0.0834893
0.18882
0.581981
0.368921
0.646494
0.0377334
0.526264
0.78184
0.990734
0.456358
0.00135542
0.788126
0.312358
0.226451
0.993769
0.0671903
0.0332399
0.00343689
0.252634
0.63192
0.231611
0.25399
0.840842
0.889321
0.819413
0.922792
0.162073
0.68166
0.549585
0.63945
0.803664
0.607197
0.153412
0.772919
0.880364
0.0614944
0.141436
0.499088
0.275366
0.456344
0.334539
0.847556
0.0690352
0.593812
0.145282
0.298574
0.823491
0.926154
0.883449
0.746167
0.93679
0.277592
0.125561
0.0556537
0.930305
0.139554
0.993105
0.0621381
0.767511
0.710289
0.216479
0.720876
0.115091
0.119863
0.883395
0.159565
0.3461
0.793574
0.556261
0.230594
0.721878
0.51528
0.693332
0.303645
0.149426
0.0886037
0.0291674
0.84729
0.684493
0.799684
0.874212
0.00172839
0.350571
0.422667
0.881687
0.753382
0.358382
0.774783
0.759255
0.271305
0.00936144
0.793121
0.842965
0.809421
0.706847
0.063434
0.706025
0.121377
0.594786
0.426616
0.0442195
0.698143
0.761857
0.806389
0.964615
0.208219
0.199788
0.893729
0.238555
0.800892
0.356288
0.472871
0.813826
0.70329
0.201445
0.955162
0.01117
0.571583
0.0464538
0.276842
0.67121
0.420323
0.9646
0.26618
0.247288
0.0172348
0.627195
0.482215
0.470026
0.937354
0.415713
0.419204
0.36342
0.241333
0.928858
0.205454
0.794809
0.722998
0.193924
0.838449
0.0291683
0.0236135
0.553271
0.153543
0.375042
0.784398
0.771178
0.942181
0.504452
0.765481
0.624221
0.28769
0.482342
0.40768
0.318842
0.45748
0.997675
0.0582189
0.538833
0.91539
0.818812
0.637704
0.850611
0.894771
0.466981
0.679931
0.738434
0.0604447
0.708646
0.543595
0.894798
0.232558
0.0270006
0.168364
0.488681
0.861644
0.897896
0.0030565
0.0259846
0.39263
0.330096
0.633053
0.190705
0.295324
0.778063
0.983692
0.52906
0.857856
0.258028
0.529569
0.101196
0.423353
0.144845
0.400412
0.847242
0.101156
0.707915
0.572184
0.652727
0.805834
0.309047
0.11774
0.0961091
0.933837
0.57202
0.84042
0.604382
0.37998
0.900362
0.45686
0.61074
0.916883
0.770088
0.636251
0.199581
0.757437
0.00977728
0.79464
0.712403
0.588017
0.440889
0.00367495
0.74028
0.357064
0.763639
0.642535
0.692763
0.718031
0.764328
0.173543
0.841924
0.447895
0.193627
0.0384674
0.8833
0.986716
0.947668
0.725087
0.050065
0.476678
0.208915
0.918722
0.076619
0.924351
0.762219
0.729311
0.420617
0.651414
0.531501
0.411036
0.650112
0.710806
0.882357
0.635399
0.156803
0.143532
0.859912
0.42648
0.731914
0.490297
0.506322
0.517997
0.955623
0.882241
0.929791
0.725655
0.680551
0.883505
0.914892
0.45687
0.40229
0.113009
0.186281
0.726369
0.152206
0.0401367
0.908335
0.776888
0.540331
0.35531
0.670257
0.358624
0.161811
0.0309823
0.903867
0.6622
0.235216
0.0118034
0.566048
0.0635133
0.765531
0.585533
0.977119
0.809078
0.467489
0.60749
0.416589
0.545387
0.598015
0.569306
0.7334
0.589639
0.990505
0.238663
0.736314
0.80849
0.89369
0.509066
0.230484
0.857918
0.118058
0.440037
0.0786261
0.735011
0.984339
0.315254
0.60417
0.35893
0.5486
0.671655
0.572623
0.461915
0.786907
0.737459
0.0714629
0.234184
0.676056
0.0193935
0.65851
0.330062
0.97044
0.709487
0.774339
0.55199
0.72561
0.624088
0.35228
0.955952
0.976946
0.273836
0.000900075
0.254609
0.605022
0.805606
0.670303
0.791312
0.0426498
0.0478273
0.0555369
0.910212
0.246124
0.545559
0.382698
0.784216
0.320589
0.439905
0.304052
0.721114
0.540283
0.530544
0.0436248
0.435956
0.106735
0.213921
0.2066
0.923898
0.915978
0.273494
0.234826
0.858703
0.0519875
0.842714
0.213152
0.940991
0.536283
0.926238
0.83435
0.176123
0.938158
0.654506
0.574317
0.652407
0.529127
0.176808
0.365893
0.597407
0.903344
0.813236
0.07033
0.872844
0.510926
0.0748729
0.981563
0.116271
0.507242
0.817302
0.546879
0.114664
0.878868
0.0321579
0.193396
0.490565
0.34924
0.506772
0.298933
0.702001
0.581088
0.765549
0.791094
0.798956
0.367077
0.0517593
0.242222
0.38096
0.020139
0.634273
0.113826
0.737656
0.00883552
0.884665
0.226267
0.870345
0.482912
0.303047
0.205316
0.540163
0.6553
0.417574
0.297167
0.377665
0.529601
0.753616
0.514168
0.999269
0.00361503
0.231334
0.338347
0.466518
0.500813
0.898963
0.0867171
0.540415
0.508324
0.182574
0.523896
0.319879
0.0952128
0.52197
0.865918
0.714438
0.552332
0.950598
0.2182
0.609416
0.779853
0.632025
0.804486
0.505274
0.827978
0.0914894
0.305368
0.306627
0.481541
0.0248293
0.311861
0.235168
0.753748
0.384924
0.669889
0.861613
0.261112
0.842538
0.833003
0.0576601
0.736321
0.358003
0.896917
0.358681
0.719905
0.581409
0.933387
0.763491
0.25625
0.684619
0.902784
0.0793982
0.0208747
0.030664
0.871248
0.193449
0.950815
0.65887
0.893798
0.28357
0.365894
0.716976
0.937988
0.342237
0.107552
0.811566
0.499116
0.416944
0.252247
0.374838
0.601337
0.375917
0.656274
0.938923
0.816696
0.0546418
0.656472
0.311582
0.49747
0.511056
0.503926
0.670444
0.404928
0.890915
0.243611
0.926468
0.468776
0.563694
0.261122
0.273261
0.851477
0.0765751
0.557277
0.490403
0.0612459
0.971039
0.449734
0.745479
0.324317
0.633613
0.343758
0.0337022
0.0748456
0.175566
0.970765
0.143393
0.898681
0.225221
0.666363
0.121053
0.710493
0.239612
0.495045
0.338722
0.495326
0.369776
0.348524
0.636861
0.151369
0.547059
0.563487
0.771043
0.685468
0.928041
0.0630264
0.555905
0.400876
0.694235
0.284681
0.567305
0.372384
0.32237
0.88173
0.607723
0.252028
0.202567
0.297405
0.146799
0.386492
0.534959
0.419579
0.913984
0.588511
0.68716
0.239685
0.177937
0.427093
0.234322
0.258684
0.922446
0.239294
0.21005
0.0275611
0.59725
0.871443
0.266363
0.524937
0.612769
0.625762
0.0399339
0.969527
0.510151
0.298915
0.595852
0.0529564
0.704495
0.174481
0.628718
0.934758
0.127848
0.675326
0.722998
0.167036
0.306305
0.220301
0.308051
0.50524
0.526618
0.151717
0.454237
0.116091
0.239986
0.252744
0.421843
0.936026
0.345288
0.981615
0.335987
0.106534
0.469396
0.381189
0.458494
0.787576
0.123068
0.284989
0.4254
0.652332
0.505932
0.354256
0.0855821
0.648814
0.916092
0.377683
0.409382
0.940394
0.765107
0.842394
0.952691
0.580628
0.139753
0.33274
0.451863
0.651869
0.411826
0.212049
0.55356
0.953091
0.459136
0.669774
0.501662
0.776281
0.824485
0.436945
0.194377
0.372876
0.050948
0.0378149
0.573296
0.423916
0.688439
0.127623
0.749033
0.356783
0.374462
0.784012
0.493033
0.346847
0.361283
0.72378
0.98878
0.0567192
0.357205
0.591437
0.679065
0.59237
0.256496
0.257711
0.460963
0.266535
0.688318
0.169369
0.249734
0.715373
0.60641
0.172997
0.830904
0.844444
0.686943
0.529126
0.707243
0.0463599
0.831819
0.0118209
0.0932618
0.219365
0.176024
0.259268
0.833835
0.0484056
0.775739
0.303071
0.50333
0.733758
0.708385
0.287286
0.54168
0.496785
0.803821
0.53629
0.633092
0.934639
0.343659
0.194975
0.383118
0.549846
0.26949
0.357836
0.0586596
0.939895
0.223705
0.714907
0.753378
0.150664
0.585955
0.0868098
0.733778
0.462164
0.521417
0.429268
0.322628
0.970171
0.873575
0.782827
0.611769
0.236192
0.523454
0.476238
0.219658
0.520884
0.242335
0.951208
0.0338987
0.281027
0.124404
0.22246
0.851855
0.296348
0.868248
0.846573
0.568969
0.965078
0.462815
0.0906847
0.851083
0.0764913
0.911468
0.187272
0.542385
0.490276
0.716832
0.269566
0.125338
0.1998
0.349646
0.760535
0.648455
0.157452
0.0269873
0.852965
0.856732
0.102687
0.75896
0.937292
0.788885
0.159384
0.199504
0.5043
0.620572
0.722385
0.641639
0.361509
0.527526
0.997977
0.719512
0.752934
0.869021
0.246168
0.817777
0.505474
0.622849
0.478682
0.462563
0.295171
0.375724
0.332485
0.0835381
0.466365
0.866872
0.48062
0.540392
0.898626
0.853703
0.573137
0.584012
0.72803
0.679389
0.249535
0.632133
0.413481
0.842456
0.47648
0.48056
0.0239351
0.182922
0.0122571
0.332152
0.182612
0.791172
0.84936
0.180669
0.645856
0.110385
0.582033
0.00475994
0.735355
0.344254
0.607888
0.0742926
0.671447
0.227189
0.637302
0.513622
0.597874
0.924084
0.485014
0.0338101
0.0840985
0.608507
0.565293
0.164472
0.80543
0.786764
0.666117
0.648218
0.658268
0.927598
0.89035
0.985988
0.203338
0.603845
0.711082
0.520936
0.405555
0.668396
0.0949004
0.634227
0.715654
0.812217
0.480311
0.28627
0.717964
0.785338
0.626131
0.548811
0.344482
0.637477
0.231129
0.68099
0.396452
0.327404
0.505887
0.330827
0.57498
0.652586
0.685152
0.63136
0.0563374
0.195539
0.475506
0.143188
0.682589
0.676896
0.88933
0.16581
0.0562075
0.786095
0.735722
0.773241
0.166899
0.756205
0.5236
0.939336
0.493385
0.588402
0.554152
0.674743
0.382665
0.325968
0.50551
0.403746
0.79475
0.872777
0.76864
0.606214
0.157894
0.4178
0.00374626
0.738568
0.796916
0.873036
0.471675
0.282158
0.357932
0.439649
0.721158
0.722919
0.519253
0.984752
0.511964
0.515046
0.902424
0.054569
0.116035
0.945033
0.902144
0.94877
0.313925
0.306159
0.049808
0.84519
0.391161
0.704899
0.975474
0.854474
0.493882
0.455525
0.494188
0.319613
0.0595462
0.762721
0.613263
0.445228
0.45466
0.338908
0.36813
0.310308
0.338368
0.948608
0.797413
0.434037
0.337253
0.773725
0.650113
0.481693
0.0954246
0.888072
0.412977
0.425446
0.130618
0.797861
0.320066
0.926549
0.0370208
0.630516
0.309473
0.36728
0.332385
0.392662
0.720006
0.455095
0.471925
0.658304
0.112278
0.4011
0.581737
0.854822
0.993801
0.535023
0.256732
0.0198669
0.469552
0.541673
0.179896
0.275164
0.338235
0.157646
0.371525
0.466103
0.633628
0.36469
0.7636
0.0802924
0.256759
0.644858
0.649336
0.95913
0.631597
0.157703
0.793168
0.350032
0.582492
0.423944
0.47891
0.69714
0.454766
0.93485
0.590407
0.687832
0.36069
0.162922
0.217872
0.173009
0.40486
0.600674
0.218527
0.358804
0.888801
0.0635245
0.0448101
0.426335
0.000375419
0.803253
0.299216
0.547184
0.919324
0.56484
0.972937
0.685952
0.328558
0.781224
0.417918
0.905772
0.0388335
0.242369
0.434969
0.192532
0.893386
0.926047
0.877088
0.137694
0.25588
0.93566
0.461516
0.956015
0.0935364
0.73279
0.495985
0.446616
0.954212
0.686832
0.37879
0.079857
0.691467
0.800181
0.746602
0.0905869
0.0127897
0.993961
0.613602
0.182228
0.717318
0.904065
0.0699011
0.82765
0.398302
0.746746
0.344996
0.864709
0.0176199
0.62887
0.516686
0.899556
0.670664
0.329688
0.288881
0.619486
0.16544
0.206623
0.680702
0.305677
0.131572
0.338386
0.027166
0.860864
0.503427
0.313683
0.864647
0.267943
0.257178
0.0265682
0.226327
0.799979
0.670152
0.693601
0.653993
0.577854
0.411722
0.314748
0.473294
0.560416
0.147209
0.980492
0.7999
0.605754
0.988627
0.992926
0.962943
0.626966
0.563114
0.499565
0.192759
0.651865
0.623478
0.0473172
0.404992
0.613433
0.538148
0.471564
0.182859
0.694958
0.586884
0.645153
0.115693
0.625814
0.75506
0.226652
0.58907
0.762801
0.846773
0.0765078
0.357797
0.113129
0.0757798
0.169472
0.112812
0.217976
0.664098
0.278078
0.578506
0.203798
0.775423
0.303965
0.296738
0.247829
0.927527
0.294484
0.31652
0.676161
0.232034
0.644897
0.775182
0.699645
0.587876
0.139556
0.413224
0.583752
0.381295
0.774283
0.877004
0.623276
0.565899
0.537874
0.438341
0.334693
0.8332
0.273902
0.535541
0.24339
0.989498
0.722969
0.822613
0.716223
0.697436
0.643475
0.129872
0.366072
0.622153
0.578965
0.997614
0.980166
0.825578
0.919959
0.622735
0.929192
0.504285
0.945817
0.929368
0.744439
0.354231
0.459707
0.139639
0.725698
0.630206
0.722545
0.064838
0.0172442
0.93131
0.536187
0.00706927
0.596914
0.181337
0.120434
0.363345
0.947327
0.705828
0.445731
0.0882973
0.905473
0.0417285
0.194655
0.859487
0.419811
0.316527
0.0658444
0.00904717
0.0664054
0.635849
0.150769
0.428806
0.473618
0.672131
0.240987
0.661327
0.359751
0.0542289
0.39164
0.249833
0.903349
0.0490533
0.0250739
0.991422
0.857155
0.473855
0.714487
0.858327
0.200273
0.346775
0.186087
0.623273
0.591569
0.00284114
0.391075
0.91088
0.380847
0.273824
0.370515
0.566871
0.926008
0.270036
0.74138
0.273151
0.200834
0.778609
0.372801
0.276684
0.991035
0.720476
0.425348
0.86127
0.607415
0.53601
0.571431
0.710756
0.740439
0.86378
0.112386
0.790802
0.19425
0.352696
0.839145
0.431438
0.863662
0.168324
0.309395
0.197616
0.673985
0.145485
0.471827
0.106062
0.932558
0.669801
0.232229
0.931472
0.961852
0.156395
0.179991
0.754875
0.911872
0.499481
0.252582
0.101477
0.871918
0.511372
0.705793
0.27112
0.132488
0.0136913
0.874369
0.287503
0.870505
0.357473
0.776978
0.795538
0.695729
0.639116
0.786439
0.0972426
0.314279
0.623501
0.100713
0.538428
0.0880712
0.870755
0.575717
0.747742
0.346871
0.695425
0.0710499
0.778391
0.0799203
0.982342
0.168247
0.75109
0.894441
0.667064
0.448352
0.842568
0.830584
0.411138
0.793919
0.989634
0.235676
0.523707
0.75321
0.284641
0.552339
0.017229
0.951559
0.36793
0.565099
0.995076
0.641426
0.67899
0.848133
0.975351
0.542787
0.455726
0.192763
0.675455
0.274232
0.550366
0.100767
0.839822
0.722238
0.02006
0.0760256
0.437084
0.741926
0.702311
0.237914
0.515318
0.754222
0.0601644
0.0299478
0.895468
0.817302
0.162897
0.766413
0.446476
0.948486
0.487127
0.688545
0.384582
0.384703
0.85454
0.28576
0.164173
0.606075
0.665505
0.158023
0.104986
0.417282
0.860616
0.421479
0.269254
0.47267
0.759657
0.487799
0.444683
0.913349
0.123894
0.353275
0.525829
0.2993
0.384046
0.856417
0.642671
0.643632
0.910889
0.0172454
0.372109
0.00546301
0.850726
0.727746
0.678779
0.141328
0.770746
0.609452
0.405263
0.96308
0.502171
0.0662461
0.142254
0.498006
0.332418
0.635179
0.146856
0.740295
0.942203
0.0670351
0.309548
0.728446
0.309423
0.52073
0.43724
0.0559246
0.296906
0.722037
0.324604
0.948431
0.635179
0.751978
0.937821
0.621466
0.865863
0.392918
0.865561
0.0366883
0.671363
0.80669
0.111488
0.775252
0.671288
0.0953447
0.0552378
0.910694
0.220043
0.964635
0.315922
0.593701
0.729365
0.66585
0.249052
0.515879
0.0119029
0.268415
0.79315
0.893154
0.0416959
0.436669
0.824942
0.726343
0.835768
0.459817
0.473354
0.433976
0.450196
0.113268
0.383983
0.402096
0.495458
0.593457
0.147067
0.251984
0.743208
0.871287
0.611203
0.0885619
0.809694
0.0173199
0.30677
0.3651
0.654307
0.197043
0.0332217
0.483955
0.10637
0.806913
0.268484
0.973909
0.0398789
0.679678
0.537728
0.321922
0.0637434
0.727075
0.724081
0.338172
0.531071
0.540912
0.231529
0.257559
0.984794
0.430455
0.733167
0.365207
0.0247609
0.205716
0.989996
0.398331
0.359498
0.0840353
0.12099
0.538308
0.913645
0.264078
0.939191
0.581618
0.531489
0.607644
0.783023
0.23235
0.0183771
0.813673
0.0850884
0.699894
0.400413
0.335005
0.528751
0.65512
0.778892
0.413812
0.577164
0.96049
0.660345
0.565064
0.615143
0.235088
0.420121
0.160336
0.35857
0.918946
0.384587
0.152147
0.378304
0.701241
0.915817
0.122072
0.094312
0.941051
0.420962
0.394807
0.764725
0.625139
0.309269
0.655858
0.174603
0.0267723
0.938449
0.647692
0.31488
0.930555
0.756767
0.952752
0.438584
0.358147
0.919299
0.975555
0.208907
0.271011
0.949032
0.135264
0.191788
0.732763
0.975726
0.791457
0.732409
0.145803
0.770237
0.201348
0.362738
0.280547
0.375802
0.0867898
0.0487075
0.519703
0.270729
0.589903
0.0312855
0.681841
0.667549
0.60589
0.149971
0.374721
0.0579295
0.0923244
0.974727
0.622053
0.872891
0.124914
0.204084
0.247604
0.320792
0.1466
0.346311
0.391495
0.61311
0.183348
0.889074
0.302643
0.995903
0.569679
0.53634
0.950986
0.851109
0.0542728
0.495284
0.634656
0.408351
0.755897
0.729577
0.409825
0.204311
0.121994
0.62923
0.225702
0.759234
0.0797496
0.947601
0.569295
0.238275
0.118828
0.905173
0.97028
0.22393
0.318114
0.0734846
0.0190104
0.709756
0.966122
0.715022
0.963166
0.571973
0.16175
0.994328
0.651847
0.043787
0.911148
0.427525
0.593677
0.155678
0.157729
0.000630305
0.643177
0.714269
0.460842
0.763456
0.0708727
0.309708
0.399931
0.457341
0.91063
0.111266
0.482683
0.898641
0.213851
0.154961
0.343249
0.394703
0.797027
0.647169
0.558089
0.544202
0.186058
0.432348
0.303259
0.891402
0.503811
0.113093
0.435739
0.944538
0.719667
0.358347
0.591833
0.863411
0.973682
0.704994
0.810626
0.606528
0.193307
0.295527
0.475633
0.433742
0.835642
0.511559
0.138493
0.951301
0.47257
0.818968
0.841711
0.127747
0.0141729
0.432177
0.457365
0.385406
0.394321
0.0379054
0.79981
0.33988
0.18596
0.144353
0.943234
0.501284
0.24564
0.28266
0.0302775
0.756217
0.153742
0.10918
0.944831
0.171865
0.014657
0.981129
0.813432
0.736679
0.524171
0.947769
0.281614
0.709289
0.764023
0.738798
0.927499
0.66018
0.320378
0.373573
0.334068
0.551849
0.925111
0.196341
0.085475
0.71293
0.777573
0.847125
0.767678
0.10272
0.0234194
0.725416
0.719685
0.249554
0.454449
0.335069
0.457569
0.0308797
0.777557
0.789059
0.114275
0.753506
0.100835
0.0118914
0.622248
0.969581
0.326497
0.505348
0.110735
0.955478
0.363343
0.262446
0.00889547
