0.869958
0.0300101
0.454907
0.608203
0.871942
0.610795
0.149148
0.364073
0.106694
0.656725
0.748862
0.629517
0.538525
0.661768
0.0593318
0.667611
0.119342
0.230673
0.133919
0.760175
0.794946
0.00556307
0.653285
0.641807
0.651654
0.627879
0.208751
0.190342
0.716733
0.720535
0.698221
0.406472
0.624294
0.81887
0.242947
0.369504
0.867453
0.90594
0.666602
0.0551369
0.941539
0.437775
0.191991
0.0697174
0.0303537
0.830047
0.0296512
0.270073
0.248509
0.0702903
0.0799751
0.353277
0.45413
0.321501
0.458961
0.88355
0.145473
0.356154
0.554478
0.869548
0.14899
0.251951
0.42729
0.738165
0.110082
0.72041
0.363918
0.647409
0.510422
0.688231
0.667889
0.47551
0.532898
0.672687
0.0792818
0.902768
0.278194
0.313321
0.725715
0.353774
0.205772
0.658222
0.438266
0.326293
0.860607
0.0282799
0.099631
0.151519
0.546863
0.826191
0.427139
0.37734
0.125501
0.657581
0.068183
0.80146
0.397386
0.0270094
0.945327
0.68365
0.0931784
0.819332
0.464857
0.784615
0.325341
0.528253
0.797895
0.948303
0.505188
0.850837
0.22837
0.197049
0.559981
0.36911
0.791437
0.510852
0.837268
0.641384
0.959541
0.709563
0.98512
0.33165
0.288972
0.268958
0.666716
0.269752
0.363122
0.109081
0.973124
0.767915
0.397146
0.999618
0.835038
0.809932
0.0283095
0.801796
0.858889
0.0778958
0.9251
0.812699
0.401653
0.46965
0.946872
0.903976
0.163054
0.644795
0.668339
0.650618
0.392421
0.412692
0.334235
0.122536
0.308505
0.755821
0.119612
0.101406
0.315493
0.311669
0.160619
0.0283519
0.417381
0.507491
0.410776
0.571186
0.642127
0.87588
0.482854
0.305411
0.203495
0.563593
0.318476
0.472758
0.573785
0.0925643
0.214164
0.0743356
0.736916
0.446931
0.167498
0.314198
0.930589
0.14036
0.982734
0.492383
0.584706
0.340924
0.503598
0.105282
0.478233
0.0816283
0.687718
0.00269825
0.6305
0.408061
0.387611
0.788067
0.982394
0.708257
0.649022
0.33996
0.920415
0.552382
0.634655
0.0744984
0.397309
0.814943
0.719683
0.746798
0.285709
0.149615
0.116179
0.609608
0.353508
0.942553
0.56095
0.847898
0.241651
0.823171
0.266059
0.784917
0.277049
0.184121
0.619213
0.734045
0.987978
0.796114
0.666314
0.291906
0.386691
0.144139
0.293721
0.420952
0.699431
0.776552
0.281331
0.0346818
0.335624
0.418683
0.994607
0.918777
0.734598
0.80907
0.484674
0.83637
0.674813
0.305253
0.820458
0.0534638
0.20462
0.477903
0.344261
0.409733
0.403942
0.823929
0.272639
0.198292
0.191442
0.187692
0.156094
0.982641
0.0166885
0.876679
0.149977
0.471269
0.921397
0.49212
0.450041
0.987738
0.235919
0.0340642
0.56357
0.593436
0.974713
0.375766
0.339031
0.889088
0.619128
0.0557576
0.290744
0.372646
0.38463
0.150228
0.300767
0.938776
0.833504
0.299261
0.183541
0.274861
0.997371
0.824922
0.051411
0.230793
0.817475
0.255354
0.480313
0.176195
0.112001
0.16144
0.975135
0.755016
0.454639
0.000799789
0.135824
0.207871
0.259454
0.0545992
0.0725467
0.680147
0.54271
0.29242
0.23365
0.296329
0.828886
0.173877
0.249802
0.244338
0.395218
0.74423
0.442722
0.205379
0.770274
0.343301
0.438943
0.171075
0.335196
0.467463
0.591645
0.267197
0.759755
0.562918
0.646092
0.866226
0.725757
0.111955
0.62781
0.988284
0.0924769
0.0939415
0.727545
0.825385
0.136463
0.671246
0.701118
0.212364
0.913616
0.925603
0.293268
0.14173
0.210822
0.0828403
0.552687
0.938044
0.0751902
0.240267
0.0719192
0.855335
0.846022
0.255582
0.00166107
0.548498
0.825233
0.675815
0.329816
0.218284
0.660154
0.0898806
0.420712
0.440908
0.753714
0.6702
0.539153
0.781613
0.748056
0.0561341
0.647954
0.650721
0.226262
0.27033
0.136869
0.84008
0.324349
0.241058
0.938571
0.210669
0.488884
0.558043
0.364193
0.493442
0.115181
0.899788
0.260717
0.703324
0.53459
0.810773
0.445479
0.767142
0.664125
0.851401
0.664617
0.545367
0.0345927
0.0901573
0.445403
0.0807797
0.732095
0.86874
0.562028
0.411313
0.956544
0.765721
0.658767
0.249811
0.790325
0.017277
0.513084
0.365322
0.11614
0.196609
0.548879
0.44214
0.136777
0.157967
0.754004
0.13219
0.0486965
0.95978
0.403647
0.991285
0.45583
0.148165
0.926019
0.638268
0.571612
0.141307
0.857124
0.511999
0.0463757
0.47156
0.315085
0.112881
0.530666
0.488839
0.708962
0.157106
0.785584
0.0945301
0.591996
0.630867
0.388284
0.689946
0.913692
0.0729312
0.248738
0.828515
0.720938
0.469964
0.860214
0.553516
0.247033
0.122977
0.575012
0.827838
0.181494
0.185504
0.319456
0.713232
0.501677
0.726123
0.0531435
0.427515
0.578297
0.547976
0.838781
0.363683
0.807371
0.294867
0.988749
0.286221
0.633862
0.295045
0.817804
0.708097
0.53977
0.707655
0.883588
0.45448
0.193643
0.183387
0.702126
0.20523
0.620051
0.668534
0.175211
0.488934
0.153249
0.832385
0.413597
0.685256
0.67573
0.0587676
0.738485
0.29611
0.348216
0.445862
0.79768
0.855238
0.85016
0.89691
0.257222
0.829802
0.15876
0.0448623
0.15006
0.786399
0.926403
0.891657
0.385915
0.700493
0.206104
0.354688
0.73022
0.0389773
0.0168003
0.465473
0.129209
0.538663
0.660577
0.641723
0.414974
0.762379
0.837378
0.379584
0.0504215
0.161745
0.624062
0.845111
0.631733
0.128833
0.0814146
0.95286
0.778249
0.530502
0.641461
0.529846
0.548006
0.209851
0.0348259
0.284965
0.455283
0.987179
0.115889
0.382079
0.597499
0.699511
0.402056
0.361188
0.921553
0.876024
0.739036
0.803255
0.499382
0.188775
0.00023302
0.0152489
0.198497
0.535456
0.621659
0.478874
0.398178
0.622706
0.0055489
0.712201
0.432762
0.988141
0.946787
0.232411
0.503353
0.82694
0.380876
0.197
0.456224
0.938718
0.779616
0.363814
0.351257
0.0351393
0.717619
0.540314
0.200097
0.612099
0.0203465
0.344558
0.0518457
0.657526
0.422098
0.0726856
0.262529
0.270663
0.0304347
0.43592
0.133221
0.928073
0.15749
0.617592
0.677636
0.381534
0.076374
0.0924528
0.0797428
0.682093
0.325293
0.0598487
0.459936
0.48911
0.902528
0.979384
0.0393666
0.881032
0.893232
0.769775
0.448058
0.0490968
0.699548
0.0126358
0.785012
0.443441
0.0506709
0.199352
0.256642
0.460919
0.390732
0.81336
0.447484
0.0728835
0.622985
0.27892
0.444309
0.956828
0.0847833
0.46298
0.328091
0.866677
0.221917
0.768782
0.723167
0.811487
0.181908
0.102614
0.84353
0.871132
0.15803
0.0115757
0.158167
0.424588
0.755884
0.0877067
0.589374
0.696436
0.0579195
0.186601
0.185227
0.464921
0.183662
0.88361
0.449062
0.485847
0.278269
0.565825
0.821206
0.0310544
0.841987
0.451651
0.0580198
0.873006
0.272002
0.805703
0.836513
0.352035
0.0301712
0.979433
0.412198
0.526759
0.1366
0.778747
0.559557
0.78877
0.48014
0.47271
0.528618
0.94984
0.792167
0.242491
0.633471
0.467204
0.477032
0.0627149
0.374135
0.786571
0.0709439
0.472248
0.314616
0.773618
0.738266
0.372574
0.625717
0.665574
0.438765
0.481179
0.0636437
0.0460001
0.585286
0.559644
0.870754
0.535558
0.0749585
0.854819
0.748047
0.61114
0.478553
0.339638
0.653713
0.496894
0.515367
0.900753
0.35324
0.595945
0.237474
0.628897
0.698006
0.911209
0.328583
0.460147
0.16697
0.0752438
0.705647
0.353637
0.991544
0.0183453
0.186383
0.694476
0.599676
0.666453
0.978523
0.399306
0.631304
0.951851
0.901694
0.680478
0.750524
0.717398
0.479355
0.332537
0.44469
0.442222
0.676983
0.24742
0.431897
0.786768
0.259448
0.313941
0.0292197
0.180549
0.470642
0.117572
0.342013
0.547233
0.980525
0.878173
0.656905
0.934044
0.35616
0.956619
0.999903
0.959926
0.601897
0.182444
0.806557
0.38953
0.818889
0.34995
0.136673
0.510087
0.560542
0.925541
0.90665
0.873696
0.31726
0.431329
0.501023
0.903082
0.718384
0.336131
0.837598
0.852664
0.0707051
0.875644
0.459394
0.942162
0.347737
0.951179
0.091194
0.690371
0.503063
0.0290142
0.733737
0.77684
0.253737
0.993147
0.083729
0.966599
0.592746
0.949942
0.0708746
0.877487
0.886814
0.553585
0.338765
0.783107
0.364709
0.517111
0.0853264
0.47299
0.640619
0.268708
0.484857
0.87267
0.867584
0.960124
0.579817
0.73067
0.970766
0.330599
0.200164
0.29371
0.895706
0.202299
0.690727
0.945314
0.473104
0.789051
0.966998
0.626657
0.922747
0.126611
0.175413
0.741198
0.229101
0.756543
0.377119
0.561294
0.517357
0.768803
0.128794
0.983161
0.445596
0.437388
0.231619
0.325861
0.228639
0.93257
0.00373955
0.0668287
0.0475288
0.88347
0.939413
0.998788
0.19933
0.237292
0.282088
0.38893
0.485337
0.889665
0.11729
0.547271
0.557081
0.190145
0.225655
0.316567
0.749842
0.379208
0.141022
0.813752
0.539002
0.826672
0.152154
0.418613
0.106747
0.152583
0.192172
0.0763554
0.862283
0.481769
0.869298
0.440824
0.597343
0.849055
0.875634
0.863642
0.523439
0.24652
0.251182
0.0549619
0.267339
0.951061
0.999613
0.374611
0.481633
0.468049
0.155682
0.716933
0.353697
0.638568
0.145461
0.100596
0.477338
0.947645
0.134421
0.672765
0.819676
0.672126
0.856896
0.995811
0.280959
0.0844731
0.689063
0.0519432
0.661071
0.335175
0.792246
0.500208
0.513752
0.609348
0.769387
0.289018
0.00905666
0.0861065
0.319575
0.565068
0.670191
0.117088
0.0872775
0.464969
0.0146212
0.541206
0.349067
0.996536
0.173704
0.611899
0.337357
0.103893
0.491391
0.779206
0.810215
0.98481
0.748174
0.318025
0.651312
0.624314
0.887166
0.97632
0.545692
0.604055
0.645489
0.714311
0.00352702
0.929271
0.972659
0.959586
0.3979
0.729062
0.719998
0.109224
0.192611
0.356959
0.461697
0.856891
0.0514324
0.970192
0.256014
0.112477
0.992327
0.194234
0.312491
0.797699
0.336918
0.536483
0.518205
0.867038
0.381983
0.207415
0.183261
0.0520319
0.594432
0.628713
0.405811
0.287932
0.502673
0.844581
0.613946
0.0347187
0.491364
0.469477
0.363151
0.954815
0.810925
0.861388
0.466139
0.770586
0.716777
0.749944
0.119862
0.459222
0.369925
0.931183
0.951285
0.309025
0.826153
0.413653
0.0932682
0.350767
0.474187
0.672235
0.325712
0.526625
0.420613
0.540944
0.35244
0.209535
0.28129
0.555446
0.630244
0.713165
0.692241
0.184853
0.726121
0.965394
0.101252
0.64397
0.129577
0.712142
0.665065
0.953693
0.726082
0.0660551
0.471708
0.622925
0.430299
0.841722
0.314246
0.313059
0.380347
0.851576
0.417292
0.336309
0.527696
0.399426
0.560792
0.923414
0.270052
0.481162
0.468064
0.70704
0.653934
0.461876
0.117222
0.539651
0.380723
0.486757
0.0432739
0.566028
0.420096
0.129935
0.0759333
0.336505
0.957121
0.0661661
0.586645
0.203176
0.118562
0.00284032
0.0817081
0.143183
0.27743
0.942372
0.947013
0.0221827
0.807315
0.691728
0.986786
0.0926891
0.0644103
0.829903
0.304281
0.959482
0.688604
0.322504
0.458397
0.505513
0.507889
0.678004
0.0245627
0.0286577
0.184446
0.286814
0.380335
0.665885
0.844517
0.863605
0.451364
0.109947
0.219473
0.271156
0.365194
0.325222
0.374072
0.649077
0.647751
0.988012
0.904427
0.814635
0.27901
0.44194
0.576781
0.271912
0.51232
0.450829
0.274321
0.984294
0.979972
0.142416
0.620087
0.11478
0.759702
0.722053
0.660781
0.679081
0.819984
0.309402
0.739556
0.768757
0.324904
0.626948
0.642509
0.000927081
0.329303
0.331023
0.0524793
0.264501
0.0920506
0.0366954
0.781437
0.0377
0.965146
0.475484
0.480599
0.367091
0.978552
0.659914
0.581114
0.292304
0.962742
0.223269
0.867215
0.286449
0.709087
0.968869
0.955226
0.487511
0.635623
0.769932
0.681704
0.533337
0.218813
0.90859
0.441971
0.0963618
0.407301
0.530307
0.924427
0.472637
0.0425916
0.0589702
0.686813
0.9395
0.331944
0.410751
0.44353
0.303444
0.493882
0.476139
0.307896
0.728201
0.638123
0.0547244
0.815752
0.80698
0.321431
0.753737
0.234872
0.461061
0.437954
0.785505
0.280521
0.959511
0.0832581
0.51678
0.643064
0.121737
0.200493
0.397264
0.403821
0.171466
0.238533
0.389281
0.806009
0.29879
0.865989
0.817133
0.737182
0.0948529
0.870321
0.149991
0.46892
0.533319
0.447171
0.501528
0.764559
0.663357
0.26379
0.61305
0.989053
0.640737
0.170657
0.814326
0.814548
0.575237
0.502861
0.335614
0.560624
0.597613
0.381037
0.779771
0.985685
0.52492
0.014623
0.580832
0.549379
0.640573
0.271433
0.470481
0.361277
0.347215
0.268872
0.730202
0.239026
0.699234
0.932986
0.0237763
0.687956
0.266213
0.270809
0.843972
0.192812
0.940208
0.793683
0.872241
0.831257
0.567923
0.237254
0.623291
0.411004
0.601105
0.620104
0.573786
0.663775
0.520588
0.34982
0.902275
0.763981
0.771073
0.447467
0.497598
0.317799
0.279574
0.879514
0.190326
0.266146
0.0659825
0.147255
0.620034
0.560756
0.491405
0.179377
0.346921
0.468721
0.0773846
0.147564
0.544162
0.853416
0.154254
0.206198
0.923636
0.258378
0.30919
0.910931
0.190785
0.516592
0.356884
0.105431
0.620171
0.466019
0.616586
0.978723
0.905085
0.664489
0.77033
0.104437
0.653437
0.186557
0.345894
0.329615
0.104874
0.952996
0.978706
0.727516
0.636501
0.587075
0.786624
0.00507065
0.930813
0.889778
0.858923
0.335537
0.991013
0.124956
0.67508
0.452069
0.301844
0.936421
0.533859
0.13821
0.995599
0.454122
0.142739
0.0210834
0.629098
0.0334233
0.235223
0.698291
0.877329
0.706293
0.852245
0.715241
0.871605
0.968527
0.952413
0.350316
0.126747
0.57315
0.680007
0.741035
0.842794
0.318311
0.228437
0.031038
0.47663
0.859962
0.905224
0.900487
0.500689
0.822285
0.446513
0.250159
0.82099
0.970276
0.0210256
0.980364
0.568039
0.0918254
0.0768666
0.507913
0.919561
0.686417
0.697212
0.328606
0.0682763
0.908108
0.51699
0.980012
0.227476
0.963236
0.70786
0.439611
0.522479
2.20624e-05
0.212024
0.825198
0.351233
0.705593
0.671606
0.996255
0.154385
0.0819878
0.999995
0.97151
0.280592
0.684622
0.968479
0.106213
0.865205
0.923527
0.18789
0.55219
0.883154
0.859516
0.516102
0.925011
0.267139
0.663478
0.968329
0.978012
0.537167
0.139413
0.546725
0.138196
0.0343992
0.0171435
0.235309
0.731798
0.461808
0.434705
0.543024
0.667636
0.964821
0.258373
0.455815
0.381502
0.216614
0.21882
0.0984794
0.152905
0.580635
0.696369
0.838933
0.239803
0.640039
0.198496
0.972503
0.567936
0.914621
0.9173
0.302402
0.366839
0.577256
0.621487
0.461865
0.409025
0.921041
0.888027
0.153273
0.284436
0.1532
0.599937
0.155357
0.74759
0.358249
0.509656
0.191312
0.160616
0.568708
0.598443
0.506386
0.0632925
0.568268
0.922075
0.544906
0.655564
0.477781
0.565053
0.715527
0.375355
0.629812
0.455514
0.123495
0.0207727
0.0287511
0.577465
0.245925
0.719002
0.505
0.746546
0.524708
0.425579
0.390091
0.31487
0.735202
0.246846
0.828713
0.830755
0.809734
0.835616
0.722638
0.61916
0.961159
0.370721
0.87473
0.45575
0.65124
0.209531
0.0066898
0.345654
0.125758
0.815721
0.421845
0.506181
0.773335
0.802764
0.618709
0.524315
0.804579
0.699002
0.455449
0.888148
0.038903
0.526811
0.155358
0.253476
0.58241
0.864731
0.586306
0.104466
0.706409
0.684476
0.11877
0.640086
0.410324
0.0927279
0.533418
0.174882
0.585182
0.246942
0.167333
0.18114
0.171358
0.995323
0.925979
0.497304
0.950455
0.646721
0.420316
0.829952
0.740532
0.446155
0.554102
0.611019
0.74015
0.271948
0.299601
0.942203
0.273636
0.946427
0.848354
0.0340631
0.0145907
0.649545
0.38835
0.263123
0.805664
0.653182
0.454566
0.891207
0.547162
0.393094
0.642177
0.423756
0.856382
0.321907
0.406207
0.113518
0.203219
0.901709
0.654353
0.439555
0.882178
0.695142
0.0604725
0.621235
0.133344
0.419087
0.376168
0.299951
0.234621
0.688627
0.430174
0.397246
0.234589
0.220214
0.51065
0.063114
0.150949
0.808733
0.1564
0.0274882
0.0780765
0.385155
0.877547
0.634884
0.523953
0.651235
0.241462
0.862973
0.591451
0.645752
0.258243
0.743824
0.172006
0.811701
0.514393
0.628852
0.643284
0.865073
0.483303
0.774033
0.206353
0.794254
0.423315
0.56847
0.349126
0.823908
0.88044
0.274167
0.0459692
0.868082
0.938446
0.509184
0.967402
0.054302
0.0718538
0.778781
0.241208
0.667876
0.0847249
0.259598
0.933565
0.857111
0.839094
0.885362
0.437817
0.575586
0.208982
0.313428
0.466948
0.528083
0.0116334
0.440785
0.908285
0.505089
0.581581
0.185904
0.230651
0.586484
0.930846
0.163371
0.226123
0.512839
0.426522
0.731204
0.433273
0.269091
0.404188
0.338435
0.270335
0.724296
0.756023
0.49345
0.253805
0.850816
0.292242
0.841323
0.195312
0.664299
0.016174
0.130063
0.615431
0.631931
0.09747
0.683961
0.178643
0.0121917
0.985549
0.188857
0.327478
0.948819
0.64027
0.971493
0.719518
0.438907
0.269826
0.379538
0.504876
0.296828
0.346362
0.43406
0.695098
0.700344
0.349549
0.554286
0.687305
0.542172
0.992705
0.668597
0.404938
0.771253
0.509098
0.680976
0.844017
0.643552
0.316849
0.255702
0.112438
0.650254
0.706446
0.957853
0.241489
0.447486
0.143355
0.0862342
0.258723
0.944096
0.113356
0.434328
0.525539
0.824187
0.809101
0.43826
0.866557
0.779112
0.80797
0.188149
0.686837
0.574623
0.631099
0.38806
0.668468
0.418822
0.0883472
0.451839
0.95603
0.708635
0.113853
0.764085
0.338977
0.342049
0.716525
0.0126111
0.276115
0.517246
0.900234
0.778994
0.705182
0.72071
0.441039
0.144472
0.988435
0.933981
0.789062
0.604423
0.324837
0.0236392
0.130064
0.957245
0.294669
0.989385
0.85079
0.0291446
0.191815
0.661731
0.540834
0.373838
0.45267
0.788216
0.232001
0.940095
0.256541
0.879803
0.351596
0.319347
0.284363
0.804665
0.887174
0.443883
0.390949
0.058361
0.948268
0.363089
0.777095
0.524641
0.410246
0.976866
0.305851
0.647076
0.881122
0.788095
0.137341
0.347756
0.585091
0.588773
0.434252
0.171466
0.332431
0.0597158
0.659128
0.551305
0.489859
0.659686
0.323963
0.165872
0.908869
0.361175
0.799704
0.900611
0.136387
0.521007
0.717639
0.709454
0.65201
0.453398
0.991366
0.237903
0.500479
0.84064
0.396489
0.57958
0.0829556
0.908433
0.857334
0.444726
0.832329
0.330797
0.27738
0.920058
0.877143
0.0431291
0.632686
0.124645
0.478924
0.865689
0.0125871
0.0598196
0.183089
0.924767
0.485285
0.563615
0.703964
0.969173
0.00464572
0.971131
0.0640076
0.0610889
0.923252
0.264002
0.420611
0.368439
0.188028
0.115987
0.595121
0.190587
0.823424
0.681202
0.532798
0.306157
0.392878
0.211722
0.158055
0.718726
0.0553858
0.747815
0.507547
0.973278
0.398138
0.00822811
0.969091
0.134585
0.128137
0.41386
0.0781079
0.800604
0.0676085
0.333822
0.0114315
0.0367114
0.403708
0.557113
0.943711
0.134194
0.617509
0.528142
0.883294
0.977064
0.145277
0.748259
0.250533
0.0105128
0.668813
0.197723
0.111798
0.0163914
0.208721
0.665532
0.796206
0.310209
0.0720486
0.123977
0.0373653
0.944723
0.836131
0.564737
0.341357
0.38357
0.817328
0.465076
0.27163
0.293998
0.569444
0.108332
0.399437
0.611416
0.517059
0.436511
0.965476
0.161258
0.500076
0.390265
0.504451
0.465938
0.013291
0.251991
0.389815
0.031992
0.486366
0.510288
0.773696
0.063049
0.142893
0.740332
0.224424
0.838967
0.588388
0.635411
0.0139216
0.411129
0.953782
0.288522
0.860311
0.815386
0.572608
0.777921
0.694573
0.0504415
0.428572
0.992723
0.00737876
0.762211
0.757031
0.178367
0.427435
0.541724
0.210875
0.869699
0.582384
0.0236613
0.525147
0.941451
0.736975
0.128342
0.155246
0.11397
0.626099
0.594361
0.654194
0.410164
0.866283
0.57301
0.363485
0.572659
0.65748
0.210268
0.555202
0.279681
0.260558
0.353384
0.364458
0.307488
0.992969
0.610036
0.292907
0.188174
0.695239
0.551979
0.182982
0.880791
0.581864
0.0897397
0.647709
0.218737
0.514088
0.407444
0.281213
0.82516
0.957797
0.712915
0.578675
0.693492
0.835818
0.547622
0.561726
0.900636
0.942561
0.292319
0.799164
0.405434
0.525354
0.920944
0.341611
0.508036
0.611688
0.810022
0.9844
0.947747
0.872945
0.299554
0.153183
0.501145
0.0781852
0.764185
0.929356
0.48027
0.425362
0.0384811
0.450254
0.58187
0.424715
0.212231
0.0962979
0.575983
0.181324
0.196816
0.0547736
0.520724
0.407969
0.45659
0.559911
0.441752
0.0293293
0.798021
0.813699
0.208011
0.302452
0.121128
0.115495
0.537069
0.946349
0.18013
0.870419
0.389016
0.0425612
0.4465
0.761354
0.740774
0.949419
0.325411
0.308802
0.569267
0.241859
0.463851
0.734306
0.951761
0.973015
0.00535296
0.240442
0.715019
0.602219
0.876707
0.441576
0.668101
0.33935
0.1695
0.691575
0.486396
0.422195
0.24623
0.485505
0.848998
0.0487774
0.994973
0.963673
0.150266
0.99488
0.13215
0.663929
0.40066
0.925971
0.849984
0.903207
0.483905
0.286614
0.599074
0.234476
0.78594
0.885116
0.979134
0.567807
0.196236
0.44967
0.57397
0.00979869
0.12632
0.0047447
0.199809
0.165551
0.713816
0.74913
0.79724
0.948211
0.473618
0.278579
0.650516
0.770485
0.987191
0.128143
0.484422
0.0625732
0.694492
0.858417
0.968745
0.814756
0.588169
0.608428
0.202629
0.69147
0.633809
0.610363
0.473006
0.440941
0.269953
0.570508
0.882589
0.308006
0.0566521
0.967162
0.221581
0.734771
0.0763771
0.531964
0.322495
0.292038
0.239619
0.210572
0.537152
0.984666
0.40146
0.764519
0.817566
0.182149
0.197695
0.468881
0.804932
0.702439
0.287559
0.984612
0.433884
0.723991
0.88813
0.749946
0.84722
0.273695
0.413631
0.0124322
0.761996
0.560031
0.0555048
0.194411
0.710791
0.0175268
0.756396
0.531163
0.882416
0.315121
0.900236
0.233386
0.157079
0.301214
0.399555
0.354836
0.997275
0.635345
0.81447
0.789273
0.859584
0.430469
0.964588
0.659306
0.350021
0.905968
0.75526
0.851543
0.870918
0.567014
0.628868
0.498183
0.225482
0.263744
0.709888
0.842146
0.460106
0.907072
0.0207035
0.391101
0.773478
0.00229212
0.222903
0.219924
0.303276
0.217326
0.00689281
0.693835
0.164338
0.98231
0.815969
0.971012
0.641463
0.434856
0.401966
0.543572
0.867702
0.481821
0.0828793
0.518548
0.146939
0.754026
0.363343
0.725794
0.792909
0.886143
0.356537
0.0801106
0.00339275
0.470591
0.819541
0.637973
0.586857
0.583509
0.987001
0.960576
0.848837
0.0115246
0.0480659
0.281256
0.842895
0.466332
0.764687
0.15578
0.318894
0.567214
0.140049
0.84097
0.722327
0.0962371
0.435891
0.929083
0.907091
0.788608
0.193381
0.964902
0.799757
0.929141
0.515144
0.678829
0.440906
0.0445415
0.524913
0.611589
0.165742
0.0458839
0.222054
0.0886218
0.263536
0.583614
0.204017
0.989344
0.214314
0.854586
0.22504
0.687664
0.760824
0.630413
0.29628
0.850627
0.812767
0.0986823
0.838182
0.523287
0.884188
0.501806
0.315944
0.765729
0.372573
0.106076
0.395878
0.500315
0.510163
0.0667032
0.688187
0.974927
0.0481229
0.562578
0.253807
0.886341
0.542266
0.521273
0.244624
0.354685
0.539614
0.856599
0.622429
0.0187106
0.728133
0.00543705
0.796122
0.385858
0.406505
0.980537
0.682179
0.129869
0.521188
0.501628
0.199212
0.302196
0.654114
0.739053
0.203492
0.049681
0.677211
0.516712
0.356439
0.225751
0.133328
0.580192
0.312686
0.325323
0.338367
0.314446
0.0857583
0.0658354
0.466211
0.171696
0.838098
0.852433
0.840524
0.790353
0.257225
0.668233
0.777041
0.839218
0.136824
0.526514
0.785177
0.958316
0.198186
0.33428
0.556212
0.109638
0.566003
0.45996
0.145114
0.734092
0.665012
0.435872
0.833119
0.116493
0.65292
0.247972
0.970193
0.00953228
0.927808
0.480738
0.607117
0.674995
0.850695
0.130084
0.182174
0.364841
0.657589
0.0741485
0.458477
0.951051
0.13715
0.254514
0.764546
0.368494
0.174108
0.893453
0.192604
0.492242
0.0566681
0.682407
0.424651
0.352107
0.920655
0.447538
0.294444
0.191001
0.261297
0.461727
0.212327
0.531047
0.458268
0.919258
0.151603
0.117122
0.28879
0.726559
0.0737432
0.292097
0.755533
0.035259
0.0110789
0.617639
0.422429
0.23708
0.792093
0.453766
0.182431
0.450733
0.357651
0.982658
0.635462
0.773915
0.303011
0.203696
0.763346
0.276599
0.787994
0.831027
0.989094
0.826267
0.901089
0.54444
0.274135
0.400481
0.881658
0.412155
0.882606
0.44487
0.474718
0.293882
0.578706
0.349529
0.541849
0.669651
0.994779
0.680278
0.490128
0.574925
0.236796
0.970445
0.245161
0.769391
0.562548
0.839473
0.488393
0.303829
0.531771
0.129547
0.296558
0.651988
0.079242
0.745481
0.80118
0.265342
0.668829
0.387028
0.993563
0.913121
0.60338
0.0375443
0.600197
0.523033
0.327775
0.193834
0.877373
0.962473
0.520112
0.080385
0.313024
0.185132
0.927264
0.42881
0.42647
0.00188236
0.620936
0.742712
0.949084
0.744035
0.175123
0.822949
0.927517
0.599717
0.963042
0.698149
0.755104
0.590422
0.403072
0.517056
0.612898
0.638129
0.632948
0.794351
0.942821
0.797796
0.875373
0.166557
0.72756
0.369655
0.560556
0.424393
0.844529
0.521102
0.3101
0.781201
0.0703967
0.419943
0.458124
0.731116
0.518547
0.807341
0.754243
0.394107
0.231465
0.790981
0.532217
0.858422
0.691562
0.700697
0.914308
0.133874
0.0222371
0.375131
0.682024
0.127723
0.0353935
0.482083
0.796616
0.26421
0.617494
0.299795
0.74835
0.933715
0.000355077
0.994295
0.909455
0.409585
0.0185029
0.0834809
0.775126
0.299378
0.634204
0.111112
0.333796
0.620901
0.590833
0.158726
0.63166
0.228599
0.665209
0.655944
0.818099
0.54992
0.406888
0.164669
0.882462
0.391517
0.260078
0.790631
0.733226
0.624462
0.944899
0.41596
0.914099
0.25062
0.00992085
0.0835879
0.768105
0.74578
0.445077
0.71964
0.205792
0.917838
0.951638
0.655823
0.772462
0.595098
0.378522
0.364371
0.484783
0.800592
0.45515
0.791276
0.887661
0.961815
0.489816
0.591698
0.453255
0.336208
0.118711
0.521256
0.63892
0.195075
0.9844
0.730061
0.295772
0.728571
0.816623
0.359738
0.466371
0.83593
0.883673
0.667979
0.138492
0.548966
0.699174
0.681852
0.649324
0.320257
0.860486
0.839636
0.735002
0.712656
0.813093
0.621265
0.442541
0.232117
0.899851
0.33665
0.774049
0.468573
0.446781
0.210297
0.465992
0.98522
0.351333
0.350648
0.960767
0.689411
0.0257379
0.950114
0.0786468
0.409864
0.241727
0.159357
0.647788
0.774845
0.538557
0.715454
0.00362217
0.420014
0.384771
0.159476
0.949467
0.816301
0.171127
0.612161
0.687881
0.088866
0.224137
0.592161
0.0325069
0.891094
0.808223
0.963917
0.709984
0.569656
0.352296
0.0909379
0.179702
0.431792
0.857586
0.945949
0.357579
0.388458
0.220558
0.443134
0.276997
0.732123
0.630275
0.16794
0.880711
0.19974
0.194526
0.0214949
0.572686
0.0868317
0.0287312
0.0227645
0.264807
0.643885
0.528696
0.495784
0.890479
0.871806
0.412376
0.551434
0.962213
0.857734
0.809751
0.792844
0.846333
0.0698752
0.297984
0.897799
0.946295
0.0958927
0.539535
0.214542
0.93196
0.901687
0.198482
0.556643
0.926413
0.940725
0.583457
0.51668
0.345929
0.246708
0.295496
0.51603
0.0226744
0.162014
0.49054
0.496633
0.00476614
0.196425
0.405287
0.388918
0.680724
0.990235
0.628318
0.0365339
0.878333
0.291314
0.519313
0.128582
0.0473058
0.0770287
0.757944
0.148571
0.435252
0.921586
0.536209
0.90061
0.448624
0.278894
0.166389
0.589086
0.439488
0.143623
0.41471
0.0438202
0.175339
0.156327
0.0598995
0.321324
0.837365
0.0251388
0.253715
0.58354
0.862322
0.41866
0.210717
0.800235
0.198507
0.544398
0.963668
0.426894
0.524812
0.532752
0.921693
0.239867
0.121799
0.76597
0.431637
0.908957
0.396708
0.743434
0.000301782
0.956663
0.51894
0.0641021
0.134685
0.704709
0.966101
0.137554
0.126153
0.68805
0.978855
0.408562
0.81161
0.892285
0.475814
0.615968
0.464353
0.430754
0.024276
0.55038
0.761878
0.478782
0.459197
0.359527
0.238029
0.926081
0.883168
0.831929
0.0755485
0.441255
0.53678
0.643955
0.593032
0.928221
0.10869
0.31844
0.471769
0.859564
0.353216
0.410221
0.058877
0.929544
0.81911
0.0807639
0.830764
0.268753
0.674295
0.905077
0.491237
0.776521
0.634345
0.52226
0.0373663
0.0298767
0.60577
0.434712
0.899377
0.65847
0.747454
0.883495
0.974386
0.0197638
0.684215
0.931765
0.783176
0.499035
0.76455
0.506477
0.7482
0.379234
0.181503
0.476386
0.125692
0.157523
0.779086
0.335411
0.98106
0.519268
0.22551
0.879421
0.974691
0.440335
0.314742
0.806929
0.737944
0.0401901
0.85846
0.423437
0.729931
0.542419
0.618618
0.607978
0.0662047
0.353357
0.976213
0.718774
0.341023
0.988376
0.48462
0.456482
0.264781
0.325308
0.52754
0.971374
0.371715
0.614832
0.651939
0.00756591
0.411234
0.806116
0.382102
0.481439
0.372026
0.680283
0.999684
0.998908
0.655291
0.563523
0.215944
0.32882
0.77941
0.942993
0.0413038
0.73388
0.332704
0.266174
0.536648
0.425422
0.984153
0.980002
0.99147
0.776361
0.313563
0.129303
0.747075
0.684222
0.792212
0.276847
0.946729
0.0774597
0.378284
0.677624
0.466549
0.437303
0.229067
0.798521
0.97465
0.287774
0.934945
0.938163
0.557549
0.343043
0.158257
0.934375
0.478744
0.0863403
0.577813
0.447844
0.855837
0.0306476
0.268789
0.481203
0.927708
0.391516
0.0226819
0.0959658
0.436604
0.538919
0.830081
0.774697
0.407668
0.377821
0.376771
0.0978035
0.713737
0.80036
0.382147
0.0412003
0.869173
0.754734
0.809385
0.836708
0.558592
0.550622
0.757118
0.907081
0.455932
0.253571
0.871897
0.251252
0.70812
0.96031
0.89212
0.212556
0.897001
0.586958
0.481449
0.523199
0.450695
0.330041
0.832554
0.928373
0.744988
0.243669
0.792136
0.661458
0.23643
0.820782
0.0637129
0.439037
0.78356
0.646054
0.664868
0.613541
0.718857
0.149197
0.588033
0.771749
0.774589
0.722171
0.207801
0.170334
0.148267
0.737935
0.0247515
0.340594
0.510819
0.889948
0.856276
0.842305
0.4132
0.747391
0.211903
0.385031
0.508494
0.823536
0.919387
0.238347
0.0134915
0.318752
0.179865
0.853186
0.425369
0.999004
0.00471304
0.346458
0.0899826
0.187172
0.568473
0.984734
0.196295
0.87582
0.838012
0.37224
0.0677202
0.993192
0.328582
0.0294435
0.121923
0.781758
0.899669
0.032348
0.178745
0.687033
0.0704802
0.114198
0.245636
0.711596
0.748089
0.180887
0.249904
0.720681
0.965047
0.811226
0.434664
0.794222
0.834093
0.617002
0.975944
0.95935
0.934656
0.267452
0.711062
0.204177
0.320331
0.587422
0.368942
0.61415
0.65133
0.650513
0.994564
0.881155
0.0621373
0.433458
0.840763
0.204633
0.296476
0.522615
0.438074
0.86335
0.648975
0.688789
0.641274
0.357644
0.214235
0.646036
0.398333
0.989855
0.152752
0.236202
0.983556
0.696815
0.264319
0.772386
0.229013
0.535934
0.985803
0.851455
0.0566234
0.637395
0.396892
0.346906
0.00127654
0.611205
0.158091
0.698507
0.424571
0.120788
0.455198
0.314189
0.533106
0.121376
0.689565
0.684605
0.812303
0.0812719
0.0979438
0.317106
0.658933
0.502003
0.434678
0.826713
0.475527
0.872984
0.12036
0.697598
0.537965
0.190196
0.271237
0.724726
0.869286
0.857653
0.219651
0.851698
0.578752
0.433849
0.197204
0.843319
0.253244
0.964026
0.984149
0.877043
0.51095
0.00728595
0.506636
0.0707931
0.411602
0.496402
0.386299
0.830641
0.232711
0.583641
0.956762
0.504561
0.317088
0.566598
0.0257831
0.7146
0.499007
0.053314
0.0616864
0.234397
0.0431355
0.725847
0.995931
0.637206
0.738672
0.21702
0.97274
0.470446
0.402875
0.741588
0.417452
0.145269
0.604904
0.800913
0.356682
0.436288
0.172027
0.748636
0.779493
0.05222
0.28029
0.552014
0.480757
0.16222
0.514074
0.0106514
0.77509
0.952943
0.603253
0.246697
0.605774
0.550623
0.862621
0.220748
0.548179
0.697114
0.0591576
0.263322
0.763213
0.333496
0.258631
0.01684
0.183405
0.414555
0.140233
0.730214
0.606333
0.250212
0.825625
0.668331
0.825726
0.588554
0.933246
0.9089
0.894096
0.381293
0.68986
0.0271765
0.598591
0.306555
0.711416
0.334218
0.220812
0.167515
0.602039
0.751667
0.766071
0.145788
0.257515
0.646289
0.316862
0.839308
0.645304
0.176897
0.906981
0.430103
0.640847
0.702246
0.488541
0.524734
0.821736
0.253113
0.249524
0.52945
0.398964
0.312852
0.39159
0.990173
0.334412
0.0665772
0.669746
0.347596
0.0522015
0.0237551
0.457886
0.1652
0.0331436
0.788068
0.139958
0.521138
0.577821
0.529258
0.201084
0.209592
0.809824
0.932991
0.430513
0.0698705
0.18224
0.51372
0.358457
0.482612
0.0800341
0.207752
0.899991
0.607145
0.846662
0.338319
0.531042
0.43239
0.637223
0.770009
0.305611
0.811977
0.0589738
0.777214
0.817883
0.0805559
0.502643
0.627164
0.298234
0.356583
0.155571
0.812246
0.284398
0.602368
0.80364
0.522622
0.313749
0.696544
0.190278
0.923738
0.890927
0.407231
0.780807
0.485005
0.372774
0.71107
0.67339
0.743367
0.459556
0.853539
0.223886
0.673879
0.55583
0.333724
0.783937
0.43526
0.560244
0.915921
0.787043
0.237199
0.620022
0.625205
0.314006
0.680187
0.43799
0.851056
0.0418702
0.623917
0.722458
0.237794
0.371365
0.133577
0.175662
0.299424
0.0774907
0.160953
0.804741
0.811332
0.479507
0.553662
0.407682
0.627276
0.565894
0.623966
0.857597
0.463619
0.668955
0.197945
0.249469
0.105638
0.464019
0.0639549
0.663674
0.466895
0.821183
0.751131
0.451767
0.979772
0.529312
0.63124
0.650353
0.563161
0.819095
0.842852
0.330865
0.781221
0.496656
0.0403562
0.282309
0.787629
0.181797
0.661626
0.416894
0.708287
0.14432
0.378426
0.00684103
0.383477
0.547178
0.243236
0.65935
0.780439
0.316043
0.158964
0.528287
0.54432
0.882354
0.585701
0.655869
0.386416
0.100999
0.764346
0.00754314
0.497804
0.164799
0.614375
0.882975
0.769387
0.0641205
0.484884
0.646329
0.695737
0.317323
0.42014
0.604086
0.726145
0.393808
0.944233
0.475964
0.182105
0.909445
0.299271
0.937473
0.998511
0.741782
0.069771
0.62685
0.0598723
0.0214207
0.747005
0.119596
0.338491
0.921181
0.53075
0.813294
0.594709
0.0458275
0.247011
0.413873
0.805587
0.262259
0.769701
0.146252
0.980021
0.0354263
0.5908
0.372868
0.681872
0.158085
0.0539608
0.546199
0.048478
0.49033
0.399616
0.41941
0.719115
0.981528
0.804472
0.0500454
0.0672737
0.566965
0.0323395
0.426986
0.167297
0.0822266
0.227473
0.213049
0.230803
0.498481
0.666914
0.251033
0.919662
0.339654
0.732875
0.211169
0.765906
0.0177457
0.680656
0.731473
0.720269
0.351502
0.371536
0.483908
0.835449
0.307581
0.410739
0.211643
0.830542
0.155481
0.640332
0.481785
0.471012
0.888393
0.151382
0.312501
0.0205981
0.776443
0.986292
0.568009
0.398642
0.80993
0.551134
0.855359
0.80202
0.556173
0.973719
0.778882
0.478837
0.823712
0.331143
0.421515
0.598563
0.0589408
0.586239
0.44602
0.97825
0.121277
0.0567459
0.411113
0.636478
0.619965
0.189574
0.68307
0.312166
0.963345
0.0751316
0.494637
0.993153
0.346862
0.0513621
0.500946
0.897536
0.601184
0.941257
0.638932
0.761476
0.923878
0.554529
0.466023
0.652178
0.474852
0.501937
0.0770962
0.488193
0.152542
0.636906
0.338809
0.244835
0.690263
0.188653
0.852549
0.64429
0.855435
0.376114
0.0378776
0.45095
0.50203
0.256189
0.499701
0.933388
0.50681
0.993344
0.742223
0.953373
0.507377
0.399097
0.830742
0.324392
0.084911
0.595959
0.327161
0.139721
0.479011
0.438925
0.339941
0.0585162
0.0762916
0.659451
0.464686
0.681485
0.369686
0.839359
0.910403
0.648113
0.125497
0.138943
0.637497
0.465823
0.214765
0.0509926
0.208991
0.838672
0.951285
0.898554
0.67692
0.179721
0.452523
0.373772
0.97638
0.417428
0.923016
0.15335
0.28001
0.955778
0.443568
0.607277
0.753706
0.876078
0.718971
0.211046
0.983791
0.0623098
0.936686
0.11767
0.84318
0.289289
0.65641
0.281243
0.312768
0.55449
0.162143
0.97258
0.229427
0.0817881
0.0605347
0.966867
0.428148
0.240507
0.800819
0.190412
0.135666
0.140923
0.594233
0.252664
0.845346
0.024932
0.694381
0.907459
0.248695
0.977398
0.891284
0.246348
0.763377
0.97318
0.260652
0.75042
0.575953
0.995061
0.372439
0.274372
0.35286
0.511728
0.888733
0.0583267
0.127103
0.0602952
0.562902
0.49348
0.144016
0.586671
0.26765
0.990241
0.0304525
0.564966
0.192732
0.840029
0.280513
0.987604
0.908657
0.230883
0.315357
0.785775
0.873443
0.549733
0.310231
0.960737
0.575515
0.979699
0.0588821
0.937545
0.412129
0.894441
0.805593
0.307583
0.991069
0.412168
0.28136
0.025333
0.117497
0.764323
0.942488
0.426313
0.326142
0.702711
0.952866
0.924266
0.508438
0.315427
0.902065
0.824372
0.225205
0.20573
0.24738
0.682087
0.508148
0.652278
0.435194
0.783444
0.104278
0.0723992
0.199849
0.744794
0.968116
0.510114
0.0461693
0.330974
0.52667
0.325131
0.464311
0.148824
0.69315
0.81259
0.942395
0.732479
0.39122
0.601264
0.747928
0.678523
0.375976
0.0519114
0.369577
0.636687
0.184187
0.347188
0.3164
0.61997
0.254054
0.649982
0.939085
0.540382
0.808702
0.377269
0.432487
0.414636
0.398329
0.441515
0.403755
0.641891
0.518094
0.268956
0.283841
0.756387
0.678322
0.92239
0.472288
0.99233
0.903466
0.151134
0.749135
0.202979
0.814243
0.403517
0.726279
0.521466
0.56975
0.726293
0.457931
0.852214
0.433957
0.957712
0.130143
0.523631
0.12504
0.449571
0.350195
0.536128
0.701999
0.571365
0.47972
0.540168
0.212901
0.911818
0.456517
0.348031
0.616906
0.830915
0.389562
0.324895
0.897833
0.0401737
0.473971
0.274516
0.151256
0.277759
0.292022
0.122391
0.0139694
0.981964
0.831845
0.664531
0.73965
0.791522
0.711382
0.29199
0.0980235
0.260671
0.6952
0.333166
0.694185
0.369135
0.154851
0.331751
0.699667
0.0801487
0.104091
0.735374
0.929332
0.966927
0.755869
0.634344
0.473873
0.821278
0.134058
0.391556
0.081179
0.103888
0.201612
0.84319
0.182048
0.176157
0.139399
0.220948
0.182607
0.981785
0.0935458
0.0536616
0.661192
0.824288
0.397558
0.736903
0.281127
0.0120994
0.380623
0.102331
0.180659
0.0669967
0.28026
0.0778627
0.882499
0.361811
0.16663
0.757599
0.660622
0.603593
0.845832
0.231675
0.69622
0.961893
0.158142
0.822401
0.660335
0.192265
0.741514
0.0548359
0.216858
0.397534
0.674937
0.360896
0.595429
0.183278
0.879787
0.669487
0.0686884
0.0293636
0.230861
0.264611
0.326994
0.346204
0.969929
0.788006
0.326917
0.946209
0.38698
0.762468
0.690581
0.14518
0.962588
0.550175
0.12419
0.152621
0.505953
0.154204
0.231764
0.69957
0.617862
0.453234
0.333303
0.100916
0.51157
0.504866
0.411974
0.00533616
0.731335
0.652121
0.413028
0.9718
0.267715
0.0324042
0.680684
0.990083
0.555716
0.570613
0.999614
0.543967
0.892337
0.705567
0.999832
0.892152
0.256796
0.669932
0.142549
0.225452
0.662944
0.174979
0.899325
0.161934
0.674652
0.779574
0.516167
0.469055
0.539169
0.0197316
0.282189
0.390202
0.874776
0.54681
0.856025
0.0428852
0.0226377
0.710543
0.413382
0.537201
0.345406
0.935943
0.237767
0.795538
0.409225
0.263667
0.59882
0.604863
0.119515
0.96195
0.419233
0.683446
0.542568
0.740382
0.668373
0.573517
0.569143
0.933263
0.409239
0.272548
0.562244
0.254002
0.633261
0.713251
0.582626
0.275284
0.085982
0.077763
0.0746666
0.505572
0.416965
0.432487
0.887939
0.428546
0.648771
0.779262
0.431393
0.245435
0.0699819
0.993423
0.49433
0.082379
0.471774
0.12714
0.647557
0.555671
0.0792462
0.0414389
0.148163
0.164077
0.0394947
0.784105
0.19655
0.901046
0.289548
0.475799
0.764387
0.0912707
0.0115342
0.5653
0.0487829
0.151055
0.683662
0.245496
0.840469
0.145821
0.188071
0.210397
0.3561
0.837317
0.68952
0.0490724
0.600964
0.73439
0.163993
0.520542
0.497956
0.045808
0.548493
0.0980552
0.862452
0.678871
0.501308
0.148395
0.523425
0.638065
0.0606906
0.814635
0.820026
0.323961
0.0109261
0.609745
0.738348
0.409404
0.365398
0.857815
0.995732
0.909573
0.728177
0.602008
0.00108878
0.274071
0.365588
0.208326
0.250762
0.751567
0.291737
0.835948
0.145387
0.509426
0.994639
0.192157
0.856524
0.0677376
0.1456
0.392803
0.00462947
0.00399811
0.704868
0.55158
0.425067
0.523685
0.260864
0.902758
0.704267
0.364785
0.139
0.158777
0.419115
0.113437
0.232317
0.530212
0.427197
0.101136
0.314875
0.112606
0.837641
0.253329
0.590647
0.81521
0.640901
0.600813
0.657859
0.5663
0.0983621
0.210338
0.279399
0.566886
0.276047
0.819591
0.942185
0.176363
0.827659
0.227273
0.17913
0.733715
0.649269
0.663727
0.724292
0.104508
0.527393
0.928758
0.49041
0.212413
0.0866587
0.943685
0.00508988
0.508997
0.777779
0.713655
0.362975
0.204347
0.635133
0.429593
0.556534
0.850516
0.124516
0.0610237
0.361192
0.591667
0.74864
0.405555
0.440074
0.49712
0.412813
0.904037
0.077165
0.548724
0.335016
0.28161
0.65931
0.330883
0.995756
0.521303
0.933357
0.516611
0.985212
0.731688
0.00678928
0.954141
0.473682
0.935546
0.661746
0.516206
0.412724
0.191639
0.957144
0.630811
0.721093
0.043655
0.786433
0.167316
0.780839
0.619915
0.336883
0.930659
0.807083
0.182786
0.889734
0.657887
0.0362373
0.453352
0.165896
0.199234
0.490446
0.531241
0.472156
0.527236
0.0338383
0.0175265
0.993121
0.15978
0.348979
0.831498
0.744717
0.134965
0.423966
0.28946
0.439686
0.326405
0.150514
0.0742935
0.68241
0.92857
0.123373
0.503298
0.71674
0.360098
0.0280621
0.0327361
0.503245
0.377002
0.0478262
0.904096
0.464273
0.842681
0.345142
0.280961
0.0902458
0.699597
0.17244
0.993725
0.980022
0.294251
0.190913
0.596715
0.331946
0.720188
0.305124
0.444036
0.698918
0.493381
0.812144
0.963361
0.449505
0.0687111
0.0786735
0.745675
0.627938
0.880451
0.601574
0.916016
0.275502
0.447436
0.792875
0.134789
0.956908
0.108665
0.515978
0.2402
0.729655
0.101736
0.771374
0.148858
0.806337
0.163107
0.0972167
0.192349
0.463085
0.732746
0.831416
0.0868244
0.744283
0.0223566
0.0757298
0.429794
0.111447
0.686405
0.412027
0.208352
0.469682
0.522701
0.140257
0.695702
0.220462
0.637251
0.0216711
0.270805
0.0440521
0.30897
0.700248
0.827188
0.765119
0.970236
0.999741
0.424988
0.497912
0.581758
0.983572
0.967924
0.778682
0.288272
0.774471
0.623958
0.118419
0.906571
0.0644675
0.219369
0.148125
0.259817
0.12161
0.92328
0.156082
0.638892
0.149029
0.513344
0.0317076
0.145223
0.816491
0.813953
0.331143
0.313513
0.889092
0.666673
0.443719
0.462225
0.797794
0.85635
0.190528
0.684007
0.320025
0.385966
0.613932
0.380037
0.983536
0.870954
0.779457
0.494327
0.332408
0.133195
0.664795
0.847458
0.114198
0.745545
0.8293
0.252705
0.415457
0.0141583
0.571174
0.388553
0.829978
0.539598
0.258781
0.464021
0.006419
0.780163
0.169707
0.844405
0.457383
0.741805
0.0516326
0.763977
0.44742
0.791121
0.463011
0.629223
0.242765
0.566722
0.30101
0.78029
0.764487
0.995818
0.835977
0.64274
0.0480381
0.353145
0.699584
0.744985
0.762801
0.214159
0.911768
0.0324087
0.922919
0.145439
0.954142
0.193949
0.558422
0.845794
0.498375
0.905771
0.108006
0.021673
0.536305
0.754281
0.479003
0.347493
0.335361
0.97555
0.89969
0.365245
0.439479
0.151283
0.536098
0.862046
0.496858
0.553459
0.855267
0.363341
0.388619
0.530686
0.428391
0.497161
0.417663
0.257621
0.803411
0.177006
0.336169
0.839868
0.999977
0.356683
0.461793
0.895606
0.518918
0.315229
0.0766909
0.5387
0.843182
0.712707
0.907441
0.0478982
0.684319
0.798277
0.176493
0.121873
0.445921
0.153521
0.789991
0.40735
0.685524
0.616783
0.0664996
0.0794981
0.0175371
0.551189
0.510628
0.827256
0.974762
0.917043
0.702903
0.188983
0.720572
0.109256
0.558349
0.974145
0.724993
0.501296
0.524777
0.154812
0.564371
0.509369
0.286494
0.249872
0.535186
0.560899
0.128546
0.391123
0.948576
0.932246
0.601855
0.438872
0.645082
0.523663
0.562851
0.148691
0.0614295
0.905335
0.761443
0.383789
0.263118
0.769368
0.537189
0.930232
0.657817
0.750507
0.0534042
0.0470132
0.806044
0.318
0.41211
0.0575452
0.0359342
0.800533
0.23852
0.604373
0.238385
0.908392
0.312263
0.264153
0.598782
0.210185
0.414273
0.272797
0.396777
0.100872
0.590423
0.991964
0.157137
0.228643
0.73393
0.636685
0.365946
0.998707
0.535679
0.707834
0.168481
0.789972
0.868403
0.174514
0.121052
0.15871
0.679652
0.273614
0.557954
0.130395
0.916471
0.734276
0.662979
0.206931
0.604621
0.797941
0.339045
0.554526
0.00682918
0.368789
0.0627536
0.285773
0.237512
0.765846
0.411582
0.268819
0.186547
0.311346
0.727614
0.916621
0.813903
0.338561
0.685515
0.971641
0.746885
0.745782
0.569679
0.273095
0.414274
0.0328547
0.0116512
0.756182
0.551833
0.551161
0.648955
0.563006
0.78525
0.0213592
0.726944
0.557717
0.416144
0.241652
0.990553
0.363735
0.300513
0.00196911
0.6006
0.0829029
0.0285127
0.798361
0.205276
0.313504
0.433042
0.0326113
0.204086
0.293525
0.995731
0.832571
0.4889
0.997401
0.15537
0.394414
0.983068
0.994013
0.269027
0.921296
0.0423373
0.483413
0.589657
0.0333403
0.932927
0.812421
0.101467
0.292759
0.074126
0.79099
0.707227
0.791586
0.862703
0.411037
0.820176
0.531693
0.480411
0.204272
0.47922
0.638939
0.777513
0.886498
0.492609
0.812328
0.314328
0.727079
0.926858
0.54545
0.18109
0.671996
0.134116
0.285514
0.623931
0.815537
0.0434885
0.771633
0.637276
0.574069
0.654292
0.315883
0.66156
0.0816929
0.775601
0.0620787
0.255845
0.0665742
0.732751
0.502573
0.326946
0.825647
0.377435
0.413408
0.721923
0.560053
0.441055
0.299329
0.746091
0.979504
0.216597
0.0742127
0.121204
0.226394
0.688917
0.0901094
0.773636
0.100863
0.702299
0.478562
0.412188
0.108717
0.236538
0.0374969
0.394137
0.147765
0.919052
0.37055
0.855813
0.898746
0.269458
0.498314
0.740081
0.147292
0.973554
0.838824
0.920346
0.458896
0.262458
0.677192
0.0353617
0.292565
0.501938
0.797174
0.176968
0.898775
0.535031
0.0307993
0.369338
0.887217
0.993086
0.63882
0.82745
0.0789646
0.812559
0.911319
0.598358
0.590576
0.596579
0.832274
0.577293
0.328599
0.419517
0.332306
0.364515
0.754304
0.262048
0.781899
0.278772
0.676725
0.180095
0.068135
0.315541
0.342037
0.358052
0.564706
0.311309
0.856539
0.0957111
0.911623
0.920423
0.122494
0.210386
0.49439
0.733154
0.153773
0.755704
0.260802
0.305144
0.00141143
0.00614379
0.456387
0.664917
0.248946
0.717495
0.912776
0.252361
0.652581
0.734085
0.11039
0.816902
0.338304
0.532462
0.926444
0.142736
0.849552
0.775141
0.0304194
0.686404
0.486901
0.247646
0.972263
0.398222
0.857983
0.836495
0.70669
0.835957
0.697798
0.462498
0.928555
0.221685
0.600747
0.011579
0.616902
0.140224
0.677385
0.733562
0.762525
0.977937
0.376406
0.815489
0.20799
0.79399
0.0678386
0.351329
0.566347
0.528319
0.0682781
0.942998
0.983795
0.574137
0.818844
0.283321
0.0324057
0.986064
0.245108
0.109305
0.673975
0.999869
0.386792
0.102167
0.820202
0.668902
0.720371
0.401197
0.657321
0.468141
0.794873
0.617995
0.348976
0.448391
0.274239
0.304191
0.325105
0.896562
0.823309
0.0672554
0.499575
0.63752
0.0842401
0.622578
0.362813
0.517857
0.13174
0.673137
0.670444
0.109049
0.681432
0.874602
0.362875
0.23445
0.511844
0.741729
0.818908
0.977416
0.0173473
0.00681914
0.488484
0.765634
0.347677
0.872513
0.79501
0.85428
0.0551184
0.970463
0.0627815
0.681896
0.676526
0.610609
0.586088
0.281391
0.982967
0.121899
0.917991
0.0465191
0.406843
0.839376
0.649519
0.391791
0.160546
0.456647
0.978865
0.791821
0.227056
0.24288
0.737352
0.25838
0.0588526
0.717684
0.811623
0.989086
0.34708
0.207144
0.200015
0.149804
0.135146
0.177438
0.367429
0.332567
0.399654
0.321515
0.379702
0.692294
0.314717
0.471482
0.545848
0.23421
0.799558
0.438
0.593852
0.937122
0.404364
0.323658
0.639649
0.971256
0.949145
0.448159
0.371154
0.991847
0.105559
0.291198
0.739061
0.986804
0.972122
0.109526
0.292736
0.476145
0.761758
0.218481
0.830627
0.286527
0.80897
0.110235
0.819163
0.097505
0.725003
0.32487
0.847587
0.386747
0.20331
0.898907
0.957301
0.122589
0.83174
0.163019
0.486765
0.632889
0.489112
0.323034
0.809981
0.576235
0.768389
0.422098
0.287002
0.257312
0.82435
0.319936
0.185046
0.633732
0.635035
0.810305
0.802591
0.957655
0.249873
0.198218
0.693179
0.73783
0.787127
0.50394
0.929429
0.113117
0.625894
0.617654
0.938028
0.785305
0.0715736
0.398713
0.861129
0.0130923
0.332723
0.795578
0.552257
0.160782
0.243904
0.139094
0.00493606
0.504408
0.24574
0.852886
0.654113
0.613669
0.430119
0.0363858
0.320119
0.852239
0.084221
0.297591
0.549291
0.864134
0.287838
0.959956
0.183279
0.500622
0.552667
0.272454
0.435861
0.527674
0.511476
0.551588
0.548947
0.187226
0.691707
0.781644
0.303358
0.297004
0.935965
0.623405
0.915354
0.58105
0.192573
0.703644
0.808653
0.21269
0.554723
0.410747
0.525918
0.609808
0.533512
0.587609
0.406179
0.98975
0.648405
0.35253
0.459303
0.570332
0.760013
0.267314
0.886761
0.577817
0.644123
0.554126
0.690809
0.765246
0.523422
0.948813
0.775089
0.864055
0.967263
0.676772
0.286644
0.97573
0.144791
0.997377
0.777546
0.163529
0.948159
0.50379
0.114015
0.594309
0.956933
0.579475
0.51042
0.978989
0.133935
0.971224
0.49801
0.219585
0.971603
0.45165
0.816746
0.368022
0.86402
0.87082
0.345984
0.926714
0.408093
0.103785
0.84082
0.676576
0.990337
0.28687
0.277388
0.295397
0.650525
0.432267
0.0877658
0.154556
0.605126
0.958363
0.606613
0.659707
0.985736
0.531671
0.343791
0.967786
0.24733
0.445988
0.611338
0.469963
0.930559
0.726665
0.878072
0.832251
0.914118
0.714322
0.934087
0.761882
0.222064
0.494868
0.0648291
0.668587
0.64633
0.79908
0.20905
0.469193
0.078114
0.125703
0.837015
0.44701
0.739754
0.609206
0.191101
0.103932
0.509604
0.323898
0.2664
0.817385
0.324839
0.971176
0.437053
0.343453
0.379065
0.587207
0.529524
0.497305
0.262784
0.0618776
0.46249
0.72357
0.0998128
0.619954
0.602166
0.843975
0.380105
0.438856
0.583002
0.895292
0.330572
0.124438
0.428378
0.82753
0.316716
0.115706
0.26609
0.944709
0.9637
0.632388
0.077008
0.427573
0.490222
0.39652
0.299901
0.321056
0.593559
0.30768
0.400523
0.418542
0.267995
0.88236
0.416447
0.607908
0.326704
0.962378
0.365043
0.347671
0.18737
0.810448
0.289953
0.477026
0.989533
0.653113
0.676745
0.176432
0.778324
0.17457
0.496143
0.250756
0.858811
0.270997
0.144736
0.0375197
0.523982
0.0947734
0.206784
0.650855
0.260554
0.229694
0.422943
0.325733
0.606249
0.405467
0.73286
0.687422
0.299705
0.252848
0.0460984
0.00886088
0.410026
0.92057
0.585221
0.0579714
0.665121
0.0728854
0.232444
0.0238991
0.121446
0.225653
0.42141
0.108757
0.0337794
0.931462
0.232271
0.639371
0.0513381
0.722466
0.946862
0.87693
0.172565
0.591731
0.549828
0.164
0.624844
0.840961
0.174774
0.250738
0.343253
0.0328773
0.790501
0.961164
0.332828
0.129474
0.6787
0.431364
0.0913459
0.808605
0.674538
0.25924
0.0625518
0.732064
0.776591
0.0972065
0.642454
0.0851851
0.725908
0.778908
0.964236
0.291127
0.322592
0.622876
0.889794
0.910195
0.436068
0.0132219
0.406275
0.228711
0.632505
0.102774
0.521798
0.587173
0.414923
0.279355
0.328403
0.0970303
0.754663
0.247418
0.167295
0.547891
0.581877
0.699084
0.317957
0.784109
0.262462
0.277758
0.552114
0.346466
0.107334
0.9574
0.609952
0.479828
0.928703
0.298149
0.579733
0.968334
0.652896
0.924282
0.139685
0.17914
0.200585
0.338385
0.134435
0.7368
0.0833722
0.1962
0.311692
0.78106
0.581705
0.527372
0.888443
0.385375
0.36549
0.35728
0.467902
0.696433
0.292838
0.838711
0.472966
0.534881
0.162848
0.772935
0.456425
0.259124
0.0118639
0.926316
0.206097
0.464448
0.415883
0.653686
0.467861
0.351954
0.796991
0.486606
0.268031
0.557493
0.144765
0.0556465
0.683257
0.347664
0.698813
0.0156792
0.705614
0.229855
0.912442
0.932557
0.21136
0.2437
0.633022
0.927385
0.954641
0.969784
0.185857
0.202921
0.818876
0.506211
0.981707
0.909914
0.720252
0.362429
0.123316
0.475074
0.595391
0.867997
0.548835
0.446196
0.847811
0.224094
0.368938
0.507797
0.357683
0.47423
0.661298
0.616091
0.111352
0.424316
0.608282
0.887917
0.592148
0.346122
0.701721
0.502938
0.42017
0.258157
0.896398
0.744656
0.8704
0.682604
0.562207
0.566822
0.607519
0.249953
0.024823
0.345694
0.504002
0.799738
0.112521
0.0947427
0.00598822
0.859111
0.0126939
0.927053
0.58337
0.22888
0.961073
0.588305
0.390496
0.82118
0.303402
0.325692
0.497767
0.539301
0.647413
0.666241
0.633166
0.940514
0.832206
0.0655906
0.665344
0.695965
0.206795
0.391874
0.412884
0.23764
0.711158
0.825757
0.323194
0.0202349
0.150492
0.247526
0.687369
0.0598382
0.783656
0.804119
0.145747
0.784131
0.695983
0.293294
0.210372
0.883571
0.885077
0.69643
0.606715
0.824753
0.405919
0.998573
0.235032
0.161859
0.622174
0.159586
0.971232
0.770922
0.792715
0.161763
0.706771
0.898478
0.0506013
0.628207
0.390504
0.0751497
0.0256506
0.269771
0.668713
0.404654
0.963467
0.61193
0.927735
0.348613
0.996873
0.559927
0.459447
0.714147
0.984448
0.989897
0.332878
0.141086
0.719621
0.883489
0.379635
0.951748
0.541439
0.54028
0.413511
0.472686
0.598103
0.0238469
0.725594
0.416539
0.797651
0.460456
0.9231
0.531454
0.532869
0.920314
0.796528
0.416853
0.390575
0.667862
0.932244
0.295985
0.358691
0.716456
0.348513
0.757484
0.64937
0.309306
0.849982
0.920299
0.479986
0.321113
0.59026
0.360831
0.550824
0.00797436
0.190195
0.433351
0.391295
0.515959
0.260073
0.228155
0.400172
0.740865
0.992266
0.771698
0.156512
0.0839209
0.929474
0.612071
0.844911
0.645664
0.12217
0.617755
0.869036
0.122145
0.213967
0.912932
0.677437
0.319072
0.229918
0.54565
0.0533775
0.127211
0.251853
0.607364
0.0762732
0.957033
0.409415
0.795487
0.932027
0.623785
0.115312
0.138763
0.136945
0.86369
0.910197
0.326212
0.169147
0.373395
0.440928
0.81969
0.968495
0.263817
0.247978
0.491109
0.229113
0.408547
0.800134
0.746335
0.747506
0.895041
0.811094
0.851753
0.176482
0.124769
0.914573
0.577387
0.187064
0.070556
0.173662
0.752046
0.289173
0.0373729
0.726776
0.766062
0.713772
0.355799
0.654267
0.375562
0.681846
0.356835
0.878227
0.534454
0.558511
0.699642
0.402557
0.302293
0.984887
0.33249
0.382633
0.627596
0.468356
0.12677
0.358451
0.349923
0.13827
0.643458
0.77201
0.692594
0.901197
0.425039
0.33548
0.279228
0.0319758
0.79203
0.773932
0.051069
0.187864
0.464999
0.694533
0.00422476
0.270054
0.333992
0.636295
0.544016
0.98605
0.842899
0.15866
0.482405
0.191552
0.471822
0.239082
0.653308
0.826138
0.272897
0.534232
0.368654
0.487325
0.809966
0.530268
0.781921
0.700636
0.852913
0.0665892
0.313766
0.730942
0.96985
0.954539
0.671128
0.0139073
0.0831406
0.573195
0.534086
0.939462
0.976744
0.641222
0.88474
0.254347
0.626228
0.221173
0.192198
0.510927
0.675537
0.792311
0.870175
0.450369
0.178985
0.639484
0.0254054
0.393124
0.681907
0.0577446
0.875586
0.148361
0.853291
0.924307
0.255271
0.0740665
0.799574
0.754989
0.136668
0.079674
0.449203
0.550249
0.0166612
0.656175
0.457762
0.530073
0.324576
0.389012
0.516963
0.79099
0.434178
0.449432
0.280884
0.106551
0.0744246
0.122459
0.564753
0.627739
0.697999
0.286578
0.749839
0.995169
0.618964
0.643543
0.217764
0.765333
0.0929799
0.80528
0.800499
0.185802
0.87086
0.337089
0.489888
0.431935
0.749404
0.129215
0.231117
0.279088
0.289209
0.78476
0.793902
0.96722
0.751384
0.995745
0.669327
0.646518
0.443625
0.660953
0.448529
0.751778
0.396226
0.428715
0.161768
0.148749
0.694101
0.144727
0.961567
0.914461
0.705216
0.0348631
0.127849
0.807818
0.526457
0.33118
0.792753
0.555283
0.441551
0.484866
0.3177
0.559954
0.622813
0.957851
0.936381
0.955484
0.251558
0.325412
0.697356
0.612498
0.149655
0.730248
0.00742609
0.58665
0.122987
0.136586
0.257956
0.575022
0.078579
0.370209
0.260313
0.43478
0.733649
0.0784762
0.198513
0.847348
0.832971
0.208531
0.00184306
0.895514
0.981325
0.834954
0.508932
0.587761
0.849811
0.227234
0.0459554
0.432863
0.694891
0.804097
0.788825
0.23678
0.544356
0.421096
0.648485
0.904032
0.990796
0.529481
0.123204
0.284982
0.439392
0.777099
0.705635
0.703845
0.700577
0.617395
0.717177
0.273756
0.811319
0.656388
0.153091
0.33855
0.599103
0.279032
0.515012
0.217992
0.561366
0.12514
0.112848
0.990687
0.0159849
0.995017
0.266728
0.352491
0.863154
0.282822
0.545086
0.0412326
0.0387575
0.320466
0.293547
0.788541
0.396728
0.776356
0.00386813
0.05971
0.993351
0.984416
0.146895
0.825981
0.812514
0.664237
0.976557
0.0318234
0.675101
0.116064
0.38724
0.826343
0.413214
0.649786
0.300183
0.140862
0.93764
0.121771
0.991402
0.827677
0.0414702
0.466346
0.345063
0.578052
0.343382
0.531398
0.268354
0.698045
0.358606
0.613885
0.0411342
0.414803
0.0536726
0.604204
0.582735
0.686274
0.171484
0.817656
0.509189
0.850857
0.301252
0.652565
0.557871
0.762233
0.150153
0.0430001
0.774294
0.669999
0.740453
0.216245
0.492197
0.297768
0.381807
0.885466
0.274879
0.357347
0.677481
0.980374
0.0391729
0.182871
0.268819
0.385929
0.705023
0.255969
0.297392
0.693663
0.0141578
0.189405
0.665094
0.795149
0.780893
0.753179
0.260868
0.718076
0.415788
0.268265
0.471251
0.000284672
0.418688
0.531583
0.946933
0.512571
0.567925
0.0675953
0.07067
0.982106
0.261917
0.394496
0.965254
0.980102
0.68353
0.774425
0.126496
0.271939
0.0449796
0.14963
0.604495
0.20258
0.732915
0.270769
0.637458
0.239777
0.16075
0.732441
0.292243
0.481512
0.473871
0.292731
0.0749374
0.282752
0.907523
0.286182
0.806219
0.77076
0.932861
0.0441909
0.268746
0.352586
0.859982
0.0136459
0.479388
0.601904
0.950156
0.127009
0.91587
0.142962
0.804088
0.807221
0.187802
0.620539
0.36481
0.392915
0.992158
0.0656605
0.945954
0.546481
0.22775
0.604238
0.482668
0.493201
0.2584
0.110279
0.00743429
0.239625
0.994475
0.377259
0.597603
0.181554
0.989628
0.0239156
0.882589
0.928204
0.172812
0.738509
0.505015
0.657856
0.892889
0.897478
0.01835
0.291341
0.67133
0.683983
0.846919
0.561617
0.75973
0.887385
0.790122
0.34214
0.898858
0.981602
0.353044
0.135761
0.233177
0.213198
0.431703
0.721671
0.94909
0.478614
0.029023
0.253813
0.143147
0.69582
0.511263
0.819432
0.357029
0.0335567
0.456298
0.639106
0.229898
0.222024
0.503656
0.225872
0.855549
0.135274
0.704557
0.0986953
0.831539
0.514951
0.200384
0.121403
0.88782
0.380372
0.724702
0.291086
0.951904
0.840105
0.91862
0.70931
0.474725
0.388347
0.49469
0.958013
0.200605
0.809487
0.218016
0.926218
0.154928
0.721975
0.266718
0.0311917
0.110336
0.249752
0.601707
0.520232
0.631965
0.830917
0.244505
0.772986
0.0617692
0.0604384
0.932149
0.945995
0.174653
0.819321
0.15812
0.608945
0.317991
0.236413
0.73243
0.785195
0.107115
0.526707
0.888161
0.200446
0.530685
0.602811
0.829838
0.570846
0.364509
0.00840641
0.287853
0.885195
0.530392
0.87212
0.309481
0.991316
0.242091
0.278791
0.269314
0.0823772
0.315624
0.710876
0.173459
0.247933
0.199292
0.363668
0.078455
0.818818
0.100386
0.251985
0.166115
0.654429
0.475237
0.510722
0.13986
0.7304
0.246799
0.633889
0.814921
0.607948
0.96743
0.0265327
0.51181
0.737584
0.178789
0.327356
0.145286
0.936719
0.989659
0.763417
0.309069
0.547579
0.828265
0.816403
0.598696
0.943064
0.93484
0.833128
0.850279
0.876493
0.125742
0.796204
0.39157
0.527974
0.200372
0.0175103
0.522576
0.720417
0.527945
0.844845
0.917092
0.356662
0.287493
0.471147
0.872891
0.6013
0.328996
0.242842
0.903343
0.543273
0.255742
0.97871
0.80814
0.942445
0.614063
0.320691
0.0575006
0.454348
0.541155
0.949367
0.538604
0.229255
0.945625
0.69504
0.254393
0.461111
0.230299
0.428696
0.393046
0.737085
0.385822
0.00251524
0.978261
0.0855891
0.99105
0.986517
0.185988
0.841412
0.503768
0.94319
0.494198
0.782413
0.565923
0.617262
0.547435
0.205672
0.603111
0.087481
0.924444
0.75155
0.868193
0.903076
0.142651
0.533251
0.159102
0.291356
0.603323
0.530377
0.9848
0.0704492
0.303227
0.765714
0.00155929
0.957591
0.678919
0.4825
0.558864
0.876891
0.816682
0.047811
0.91121
0.567839
0.920876
0.227561
0.213834
0.615845
0.274701
0.428802
0.830982
0.39379
0.697132
0.133636
0.0160012
0.921246
0.951927
0.35006
0.785624
0.814033
0.385937
0.0378987
0.536147
0.479508
0.66888
0.203873
0.131093
0.42484
0.560357
0.545892
0.00984975
0.888813
0.983407
0.768375
0.519428
0.28364
0.462062
0.145828
0.450019
0.95295
0.961795
0.834028
0.107222
0.281408
0.137955
0.251927
0.666792
0.00591938
0.574346
0.561853
0.584835
0.38554
0.689843
0.121528
0.123808
0.180059
0.938663
0.423772
0.269614
0.938303
0.6669
0.676927
0.031437
0.222345
0.264043
0.328036
0.401957
0.457864
0.478906
0.766048
0.439337
0.918917
0.0409998
0.661984
0.499483
0.557251
0.825999
0.667284
0.599711
0.926232
0.391608
0.588205
0.854741
0.460584
0.273548
0.762835
0.386189
0.965698
0.00273235
0.282662
0.189255
0.681021
0.717752
0.4351
0.362967
0.254929
0.872453
0.410006
0.681669
0.171738
0.15167
0.608595
0.897211
0.698889
0.988498
0.182376
0.384633
0.0705902
0.489156
0.400808
0.714308
0.157148
0.138493
0.702716
0.29308
0.765636
0.77734
0.687473
0.616536
0.244728
0.293185
0.342727
0.562061
0.0739832
0.192694
0.460579
0.699586
0.897003
0.111841
0.743978
0.534465
0.00898494
0.508658
0.922077
0.0954409
0.582162
0.948826
0.936239
0.659822
0.0973174
0.712353
0.857914
0.0699113
0.624383
0.403742
0.364841
0.0653665
0.756964
0.791558
0.156583
0.556548
0.250231
0.117535
0.324938
0.371193
0.549181
0.373086
0.0716283
0.0269761
0.0706035
0.595262
0.564151
0.894036
0.979571
0.433454
0.566866
0.700048
0.945213
0.441585
0.709982
0.826201
0.785276
0.0201805
0.053038
0.90385
0.543829
0.941711
0.72369
0.85736
0.707276
0.135529
0.956221
0.453192
0.645205
0.953629
0.227388
0.684596
0.796622
0.467757
0.0537605
0.142776
0.382594
0.869395
0.366075
0.454637
0.0127464
0.845803
0.899052
0.247768
0.240274
0.878991
0.36414
0.0344368
0.0743609
0.670904
0.282608
0.275547
0.210906
0.457627
0.215391
0.576379
0.988372
0.00692186
0.773361
0.650937
0.22236
0.989715
0.221517
0.289726
0.0320497
0.334132
0.162373
0.0274351
0.139098
0.451305
0.89463
0.870882
0.0395967
0.569706
0.616268
0.832611
0.58466
0.387974
0.506306
0.94952
0.855698
0.317816
0.130643
0.950268
0.323194
0.395002
0.920775
0.263854
0.987856
0.102899
0.638659
0.345736
0.223156
0.0626661
0.232525
0.839881
0.087738
0.349761
0.620731
0.697722
0.943159
0.904496
0.31825
0.76317
0.597804
0.911553
0.819091
0.569383
0.112976
0.0396581
0.242906
0.161403
0.724174
0.763363
0.0275804
0.280624
0.802354
0.63293
0.155949
0.740631
0.653965
0.593195
0.230028
0.23637
0.776692
0.319811
0.928454
0.515668
0.882355
0.356292
0.240564
0.474374
0.362609
0.285858
0.263905
0.175043
0.577011
0.990681
0.830423
0.287083
0.233947
0.461906
0.505557
0.707304
0.237701
0.88887
0.637572
0.0802997
0.285389
0.551319
0.434262
0.185779
0.535222
0.289648
0.696499
0.0165122
0.413018
0.803776
0.66937
0.0488928
0.573201
0.969614
0.770329
0.41283
0.983303
0.44997
0.578329
0.0325824
0.211791
0.70956
0.566914
0.764386
0.329879
0.388107
0.789011
0.148388
0.397261
0.693839
0.0413352
0.225946
0.857632
0.913743
0.386472
0.171825
0.537706
0.216629
0.548415
0.876882
0.735645
0.721076
0.709801
0.412984
0.264166
0.265658
0.509055
0.482405
0.505481
0.587027
0.504747
0.205311
0.892157
0.891253
0.652457
0.942588
0.176752
0.0036986
0.317309
0.0797992
0.26132
0.632268
0.326407
0.884677
0.708167
0.0419502
0.285388
0.694639
0.683305
0.804787
0.433585
0.565073
0.19609
0.27778
0.221708
0.693065
0.16898
0.557917
0.802675
0.56142
0.989673
0.42771
0.791387
0.345219
0.552872
0.172582
0.767616
0.251073
0.202696
0.855384
0.328253
0.0519182
0.485506
0.711821
0.947116
0.98778
0.187354
0.99971
0.0266128
0.798937
0.472765
0.456446
0.156163
0.554505
0.268813
0.504893
0.668702
0.946633
0.79971
0.499338
0.22056
0.289334
0.811596
0.0472665
0.421954
0.221144
0.708331
0.545965
0.61583
0.167188
0.84692
0.217902
0.115115
0.635305
0.651079
0.348503
0.805008
0.136269
0.715527
0.0656993
0.690741
0.23229
0.188719
0.149358
0.140662
0.0439346
0.523823
0.567629
0.0283899
0.896283
0.370797
0.341999
0.712513
0.460284
0.130358
0.872026
0.673965
0.721258
0.880172
0.385225
0.229678
0.00790325
0.00113783
0.303972
0.732539
0.348448
0.397986
0.433012
0.169244
0.0561318
0.754241
0.826931
0.327374
0.414377
0.351723
0.137335
0.836202
0.00223358
0.71803
0.871265
0.376335
0.365849
0.372673
0.950416
0.616275
0.839181
0.0278327
0.425306
0.306662
0.3835
0.835849
0.737313
0.866451
0.729216
0.299363
0.936119
0.467443
0.361983
0.791655
0.770382
0.639332
0.14255
0.452806
0.573726
0.785789
0.956822
0.940574
0.304381
0.610909
0.893719
0.0730283
0.367687
0.137117
0.329599
0.483664
0.832197
0.999575
0.155465
0.360781
0.794352
0.316599
0.752579
0.0985198
0.629246
0.3602
0.593912
0.885642
0.813529
0.744756
0.503916
0.326535
0.0878961
0.731751
0.862266
0.534015
0.687396
0.80134
0.0402664
0.855936
0.604353
0.541379
0.662213
0.405552
0.738108
0.26108
0.159621
0.703396
0.180203
0.600508
0.341126
0.511766
0.991576
0.824741
0.153019
0.983828
0.896183
0.866251
0.811583
0.0864828
0.00962672
0.401095
0.872096
0.307875
0.76043
0.567345
0.45629
0.0657868
0.777087
0.199281
0.289461
0.236245
0.0674242
0.934372
0.268076
0.670108
0.0326732
0.945706
0.0590322
0.173821
0.650491
0.383474
0.995168
0.254076
0.684336
0.800428
0.102769
0.0909293
0.933579
0.709749
0.553889
0.179693
0.36478
0.653113
0.518121
0.114153
0.490871
0.4742
0.954452
0.0448354
0.946311
0.684656
0.455005
0.495622
0.544182
0.106467
0.38815
0.112931
0.140611
0.222424
0.766023
0.769274
0.541741
0.943058
0.706776
0.535278
0.882393
0.795911
0.522185
0.16978
0.227803
0.249812
0.0986917
0.428361
0.971513
0.877451
0.240819
0.353544
0.464327
0.431243
0.381363
0.826068
0.761161
0.0716682
0.356228
0.537008
0.830576
0.0108898
0.375933
0.853523
0.0265537
0.147112
0.883977
0.481126
0.615955
0.781208
0.516949
0.710819
0.241052
0.412025
0.739487
0.665678
0.652281
0.358373
0.956553
0.514318
0.599928
0.0664224
0.524437
0.361612
0.110771
0.106265
0.760678
0.224802
0.396615
0.570063
0.0288253
0.958645
0.370449
0.88657
0.300893
0.155336
0.952251
0.237094
0.283207
0.159113
0.635008
0.801108
0.841584
0.469121
0.977885
0.230545
0.719032
0.563345
0.627769
0.878695
0.880457
0.783192
0.623468
0.68345
