0.672295
0.902263
0.20332
0.978149
0.318049
0.00524692
0.520628
0.425912
0.127484
0.786254
0.899331
0.910252
0.323739
0.277448
0.567796
0.113891
0.22421
0.852902
0.940806
0.60042
0.823976
0.340828
0.250944
0.566874
0.388802
0.26715
0.405125
0.541841
0.817702
0.168787
0.827697
0.740904
0.547604
0.708223
0.838195
0.96828
0.906309
0.918062
0.318592
0.321308
0.542226
0.265179
0.334267
0.104119
0.611607
0.0755321
0.616966
0.962623
0.796967
0.0585684
0.338112
0.43688
0.457192
0.697987
0.871688
0.916467
0.29903
0.839438
0.262311
0.365863
0.0105604
0.475658
0.306019
0.284402
0.842032
0.942235
0.373728
0.672518
0.0430578
0.317933
0.878692
0.483811
0.966464
0.687737
0.129643
0.718494
0.233237
0.437979
0.932588
0.0794039
0.638041
0.744156
0.215667
0.992187
0.491036
0.202003
0.264545
0.00121602
0.888207
0.781159
0.945823
0.820622
0.678364
0.543293
0.0764573
0.685714
0.419072
0.910936
0.28392
0.847222
0.147057
0.825154
0.640337
0.796482
0.00312355
0.0496967
0.493727
0.262539
0.198345
0.529861
0.853136
0.666065
0.547525
0.63631
0.659955
0.994701
0.561972
0.0797402
0.250763
0.264696
0.461315
0.610705
0.592623
0.307079
0.258718
0.652244
0.541807
0.219047
0.333911
0.567993
0.128386
0.697829
0.739974
0.806201
0.0548018
0.0105556
0.9216
0.295336
0.993359
0.871835
0.376175
0.111203
0.321984
0.821335
0.910826
0.792105
0.719513
0.743752
0.84522
0.216215
0.745908
0.582804
0.87536
0.493466
0.979912
0.366416
0.620183
0.192558
0.989969
0.36579
0.286704
0.991411
0.222453
0.324472
0.133463
0.425048
0.0857398
0.0791033
0.537748
0.893881
0.12705
0.546566
0.0828158
0.863963
0.200769
0.0233414
0.227233
0.246501
0.432782
0.187547
0.127452
0.572117
0.00624018
0.180024
0.658761
0.470695
0.098479
0.396447
0.0798568
0.63289
0.775246
0.969138
0.117056
0.273662
0.975487
0.0096448
0.0224469
0.667692
0.730436
0.557671
0.762198
0.0711662
0.163005
0.369762
0.280372
0.450768
0.952412
0.794975
0.0812906
0.379844
0.839626
0.221419
0.148377
0.137889
0.611742
0.974185
0.63638
0.210304
0.18555
0.632996
0.345238
0.845755
0.984809
0.626344
0.683228
0.620466
0.194067
0.333085
0.384004
0.307096
0.760794
0.183945
0.0440645
0.360135
0.394214
0.969603
0.156708
0.340242
0.99178
0.992645
0.181829
0.794476
0.271239
0.562818
0.0494643
0.647294
0.445893
0.93495
0.980999
0.57068
0.294582
0.0873903
0.92922
0.0781548
0.77956
0.0752497
0.923723
0.276667
0.626935
0.268145
0.697676
0.059132
0.934927
0.0157697
0.902046
0.766111
0.131423
0.947817
0.190939
0.21005
0.508486
0.307136
0.751702
0.890519
0.333574
0.00275422
0.729292
0.487007
0.404554
0.722552
0.805759
0.00678608
0.856623
0.100662
0.377863
0.225846
0.0516522
0.0337928
0.821174
0.384517
0.577801
0.331225
0.49738
0.088179
0.90606
0.170549
0.108404
0.305872
0.301781
0.941474
0.874577
0.277946
0.993658
0.620819
0.12948
0.0588421
0.884897
0.967291
0.352126
0.00453594
0.906871
0.881774
0.421263
0.0194742
0.202679
0.282889
0.257666
0.450132
0.281047
0.935285
0.389357
0.6519
0.924645
0.369605
0.593768
0.696641
0.0170396
0.716588
0.617858
0.885637
0.632934
0.630428
0.486303
0.143778
0.083313
0.0567035
0.164532
0.541314
0.221931
0.243344
0.885901
0.260081
0.555327
0.752278
0.0978509
0.850015
0.663198
0.532266
0.292118
0.0233005
0.243679
0.534506
0.106805
0.31518
0.138151
0.049918
0.89994
0.391371
0.258725
0.0798039
0.976096
0.383909
0.976211
0.673727
0.429227
0.458795
0.0211912
0.816271
0.563392
0.0756852
0.890773
0.293447
0.358756
0.400793
0.122211
0.268541
0.246821
0.434894
0.795891
0.346428
0.026492
0.0152585
0.49808
0.512241
0.615629
0.246921
0.733413
0.0913396
0.286703
0.0563697
0.372643
0.475782
0.126567
0.500777
0.421168
0.709519
0.914438
0.633107
0.67655
0.232158
0.920107
0.794744
0.451659
0.494031
0.172011
0.282816
0.303829
0.4249
0.675501
0.111887
0.439442
0.979931
0.305793
0.415686
0.771724
0.139807
0.138681
0.645295
0.448775
0.530024
0.385144
0.462562
0.0507083
0.265268
0.737659
0.725402
0.222832
0.753575
0.651476
0.792877
0.690836
0.901434
0.846051
0.181909
0.366087
0.525096
0.585569
0.0748936
0.537651
0.831115
0.579207
0.350488
0.13862
0.611916
0.579028
0.958107
0.134284
0.78774
0.0352537
0.137231
0.415132
0.678753
0.015432
0.988543
0.951825
0.793823
0.01629
0.767884
0.864259
0.746562
0.837054
0.392173
0.475385
0.554571
0.897542
0.094518
0.327566
0.524879
0.942197
0.0846646
0.99352
0.621061
0.473212
0.373114
0.834465
0.573162
0.048673
0.609445
0.136328
0.409856
0.365062
0.46497
0.401747
0.14875
0.23963
0.458789
0.216166
0.726545
0.801766
0.604953
0.869435
0.129633
0.105375
0.185725
0.230469
0.43922
0.975468
0.493365
0.774592
0.911886
0.876484
0.0156877
0.497601
0.198659
0.728543
0.618522
0.359318
0.502766
0.665259
0.236531
0.377011
0.392382
0.0178759
0.323157
0.0178439
0.429103
0.106545
0.403089
0.107085
0.89151
0.357358
0.0467602
0.113226
0.535275
0.0570234
0.0669671
0.813089
0.832151
0.571751
0.713104
0.821547
0.951892
0.539253
0.507721
0.275071
0.989416
0.617997
0.487952
0.912554
0.396107
0.231703
0.819961
0.104892
0.280632
0.23789
0.462848
0.401966
0.0582392
0.268274
0.557731
0.238217
0.712338
0.837979
0.439215
0.79973
0.599831
0.476732
0.852579
0.698477
0.277155
0.747045
0.610658
0.730316
0.809658
0.392163
0.785149
0.710768
0.945537
0.323406
0.891467
0.883962
0.379199
0.378985
0.273339
0.895719
0.0348983
0.555126
0.948035
0.910421
0.385873
0.142714
0.617795
0.356826
0.952926
0.0422138
0.852347
0.550773
0.572526
0.0832492
0.317231
0.493158
0.912458
0.520156
0.242726
0.450175
0.786187
0.100245
0.601362
0.286845
0.668676
0.264227
0.492238
0.556778
0.246139
0.895018
0.355098
0.867286
0.756953
0.627174
0.677402
0.268541
0.977414
0.260767
0.556145
0.14106
0.597861
0.272146
0.686717
0.325551
0.905264
0.0525377
0.26362
0.100317
0.359881
0.710536
0.774199
0.637252
0.19379
0.850422
0.184296
0.106097
0.803992
0.217233
0.922755
0.719583
0.748162
0.508647
0.806181
0.672739
0.861216
0.790728
0.551423
0.497908
0.214519
0.643876
0.844001
0.880984
0.767742
0.583034
0.754266
0.0782854
0.657178
0.699082
0.796418
0.307146
0.121477
0.479509
0.87691
0.0165513
0.213774
0.979217
0.911949
0.541014
0.893662
0.26231
0.68783
0.876573
0.436502
0.353806
0.0700766
0.980234
0.239914
0.853903
0.869959
0.527004
0.432557
0.907817
0.228682
0.716822
0.86101
0.603278
0.771997
0.370094
0.613727
0.147114
0.617311
0.216831
0.475412
0.604035
0.626195
0.169028
0.67374
0.0945518
0.942905
0.435837
0.577837
0.437087
0.888173
0.25773
0.590966
0.0929592
0.99349
0.15116
0.151225
0.116559
0.241236
0.00265844
0.640453
0.333741
0.106654
0.0621761
0.845322
0.295092
0.0803022
0.445503
0.133979
0.83988
0.458603
0.144953
0.646322
0.842983
0.535301
0.168188
0.891521
0.658407
0.696211
0.656706
0.912593
0.048183
0.276431
0.364864
0.245535
0.632035
0.710131
0.569073
0.0648597
0.0495808
0.840672
0.286496
0.672892
0.000286811
0.185087
0.835984
0.146068
0.343706
0.573559
0.0759318
0.415913
0.540693
0.762796
0.491134
0.753654
0.348923
0.765503
0.192752
0.884794
0.281671
0.525831
0.529885
0.083512
0.772922
0.944703
0.932312
0.0687809
0.555785
0.395097
0.890298
0.0726059
0.909446
0.949535
0.772605
0.488785
0.545333
0.0779918
0.654077
0.29167
0.304072
0.0916472
0.474731
0.685528
0.203311
0.51804
0.677854
0.995278
0.775592
0.795495
0.556661
0.818674
0.57894
0.491634
0.639025
0.467841
0.311115
0.638683
0.120903
0.169384
0.269935
0.660705
0.331795
0.610011
0.679581
0.224336
0.811286
0.399412
0.429299
0.362683
0.683166
0.223272
0.143161
0.909167
0.414309
0.102693
0.471696
0.465964
0.363163
0.227792
0.721318
0.315291
0.650512
0.909491
0.229366
0.79811
0.55337
0.441661
0.241134
0.624908
0.848662
0.808353
0.821476
0.701902
0.0372648
0.388558
0.566934
0.27331
0.766583
0.615802
0.0118252
0.716179
0.0328172
0.653202
0.435115
0.793866
0.0827502
0.420219
0.592266
0.727923
0.795238
0.864894
0.864259
0.116475
0.589624
0.522731
0.809201
0.0895856
0.798146
0.532151
0.141945
0.0498046
0.273871
0.550683
0.871421
0.736539
0.556616
0.877937
0.073496
0.999285
0.584482
0.760503
0.24705
0.0126873
0.946121
0.27847
0.592506
0.9935
0.156698
0.642055
0.0184405
0.813602
0.773466
0.415804
0.159302
0.745111
0.909657
0.0636807
0.273239
0.395191
0.00468838
0.639325
0.433361
0.89639
0.714308
0.724815
0.101913
0.0122746
0.261857
0.218429
0.145113
0.0114358
0.726757
0.0263135
0.409735
0.738449
0.209313
0.500452
0.996241
0.518266
0.762993
0.777666
0.673004
0.901866
0.0137209
0.723033
0.71797
0.325226
0.678141
0.61849
0.397591
0.544407
0.856188
0.956119
0.14965
0.286942
0.77676
0.199652
0.862024
0.397675
0.0216265
0.765453
0.455773
0.943461
0.462504
0.319526
0.6096
0.735359
0.386275
0.440008
0.850209
0.533605
0.839245
0.835317
0.29305
0.52755
0.793558
0.469738
0.661656
0.376577
0.7438
0.809457
0.922333
0.621183
0.145201
0.81872
0.380375
0.907839
0.125324
0.673486
0.650381
0.791132
0.668872
0.555332
0.7371
0.20002
0.0151835
0.696556
0.283693
0.325329
0.8058
0.784273
0.155132
0.856594
0.30016
0.961886
0.981457
0.800541
0.311398
0.23497
0.0599339
0.543673
0.912982
0.397266
0.635829
0.702507
0.36548
0.64152
0.200777
0.0282872
0.744818
0.574833
0.39077
0.44617
0.973193
0.140429
0.827708
0.82806
0.254761
0.0674834
0.2775
0.963076
0.130677
0.174551
0.10888
0.612532
0.260658
0.636884
0.496633
0.919762
0.920388
0.229435
0.356809
0.278944
0.652796
0.754935
0.939229
0.567771
0.30419
0.441081
0.416887
0.452366
0.776246
0.162438
0.374266
0.351185
0.191724
0.316546
0.888572
0.141754
0.924696
0.837729
0.347273
0.626977
0.105309
0.0350529
0.432901
0.565581
0.269535
0.995043
0.884257
0.508376
0.215012
0.59615
0.773389
0.0973218
0.962575
0.286974
0.820847
0.56177
0.97112
0.802376
0.497721
0.918427
0.0229211
0.319149
0.124354
0.0229821
0.288251
0.645751
0.51405
0.586249
0.992375
0.0442052
0.704972
0.656245
0.348659
0.0153551
0.816178
0.490678
0.0678389
0.286864
0.499156
0.170622
0.875577
0.0593041
0.944784
0.476766
0.641237
0.00480468
0.508743
0.11952
0.929387
0.530646
0.485687
0.971959
0.116902
0.205484
0.723203
0.834556
0.426676
0.411847
0.78426
0.503035
0.187657
0.719126
0.425663
0.481067
0.169924
0.296924
0.454352
0.388958
0.587483
0.0994592
0.368559
0.28731
0.854884
0.355059
0.479631
0.0843764
0.691331
0.605742
0.457278
0.803931
0.807205
0.0363069
0.975514
0.805231
0.4549
0.978448
0.284048
0.351555
0.301554
0.16571
0.782239
0.999368
0.0358155
0.484395
0.0846426
0.271547
0.974008
0.756986
0.100262
0.4404
0.489957
0.624353
0.239475
0.0684936
0.626706
0.120742
0.787437
0.954613
0.792695
0.687494
0.177772
0.197405
0.44762
0.696465
0.852027
0.415186
0.648621
0.677595
0.807492
0.214731
0.716204
0.687241
0.450984
0.700788
0.745536
0.223622
0.570959
0.462553
0.556642
0.297913
0.444466
0.637127
0.0693003
0.710105
0.730781
0.388966
0.0754998
0.931941
0.481026
0.946352
0.66067
0.49334
0.913569
0.740594
0.00470884
0.197969
0.375502
0.72892
0.915108
0.526755
0.92288
0.940083
0.67502
0.504915
0.161265
0.656219
0.0592109
0.051431
0.273243
0.0967864
0.47047
0.458918
0.494719
0.488716
0.450893
0.680651
0.862449
0.883218
0.302781
0.267548
0.164229
0.641883
0.738542
0.0774678
0.799546
0.345649
0.755431
0.802194
0.158422
0.398526
0.236379
0.387411
0.433187
0.411582
0.252244
0.348558
0.0870579
0.79442
0.395781
0.30612
0.610543
0.0382069
0.831889
0.918908
0.659347
0.447631
0.199716
0.296016
0.884245
0.426001
0.278379
0.500609
0.831375
0.546365
0.282859
0.798315
0.788866
0.803551
0.845477
0.42532
0.51679
0.711003
0.540074
0.747547
0.724423
0.282335
0.786983
0.375721
0.530615
0.553575
0.168208
0.326074
0.505166
0.0468095
0.0596599
0.724872
0.504851
0.404171
0.520956
0.694393
0.416266
0.259171
0.879527
0.202069
0.306986
0.453527
0.164208
0.917371
0.614887
0.984384
0.989583
0.86328
0.224871
0.0379504
0.283017
0.852323
0.355735
0.907255
0.151676
0.595224
0.310755
0.435103
0.198544
0.118043
0.818376
0.836676
0.824103
0.0954565
0.750611
0.205252
0.861402
0.283885
0.592989
0.491662
0.576413
0.327555
0.701128
0.0928895
0.225949
0.522548
0.54038
0.447525
0.149184
0.724181
0.984261
0.0228628
0.655562
0.354661
0.432109
0.612215
0.152875
0.102203
0.883738
0.257129
0.583694
0.592642
0.693164
0.557364
0.901375
0.956806
0.674572
0.758118
0.418035
0.567277
0.0374302
0.0847882
0.790091
0.802683
0.696387
0.981421
0.894164
0.531944
0.358471
0.886546
0.0864471
0.413802
0.719788
0.828266
0.410026
0.841332
0.442968
0.968488
0.69677
0.229392
0.225838
0.436548
0.818855
0.479403
0.0794466
0.630411
0.288081
0.48517
0.816973
0.278504
0.0886983
0.765281
0.875041
0.371222
0.966977
0.235358
0.350095
0.987117
0.125582
0.0970797
0.447088
0.852711
0.0523456
0.00920457
0.794192
0.762654
0.458854
0.0355245
0.755795
0.382165
0.75942
0.75006
0.239903
0.0409859
0.253599
0.251863
0.031724
0.725564
0.119058
0.618134
0.413642
0.977518
0.406493
0.883965
0.0840294
0.550598
0.963901
0.651821
0.907553
0.766359
0.603526
0.577012
0.0320178
0.585072
0.845318
0.508455
0.872015
0.707638
0.363908
0.410186
0.562736
0.919719
0.0315384
0.634629
0.41697
0.256627
0.960637
0.282812
0.824334
0.438212
0.836452
0.615398
0.554572
0.535553
0.682605
0.413126
0.397833
0.784156
0.0664416
0.167852
0.78803
0.554755
0.0410032
0.109762
0.211276
0.995296
0.207686
0.768701
0.92114
0.140489
0.360256
0.791266
0.22173
0.715144
0.135106
0.558917
0.247488
0.02743
0.468146
0.529131
0.182924
0.0692188
0.668692
0.264176
0.801882
0.406162
0.754048
0.297967
0.826759
0.269536
0.835009
0.556823
0.404768
0.673108
0.24202
0.0276759
0.862977
0.851761
0.488463
0.749663
0.313627
0.330231
0.977479
0.629485
0.76843
0.627929
0.790941
0.0941335
0.00675037
0.183409
0.114728
0.00091888
0.0186156
0.460262
0.343072
0.673787
0.983882
0.717082
0.615605
0.0416962
0.785632
0.714767
0.157299
0.999774
0.312996
0.139384
0.123204
0.928773
0.559742
0.754541
0.988185
0.972179
0.589017
0.345329
0.458758
0.735782
0.352322
0.543924
0.166544
0.546997
0.921683
0.707078
0.681745
0.787338
0.205219
0.2829
0.690824
0.817324
0.459087
0.217941
0.103277
0.513187
0.250513
0.648908
0.915484
0.186084
0.710199
0.455362
0.746224
0.737298
0.349125
0.221752
0.279789
0.634559
0.618892
0.985499
0.793131
0.0248612
0.290385
0.643885
0.489024
0.557703
0.50556
0.563256
0.692235
0.156508
0.456982
0.28851
0.643623
0.0060401
0.386709
0.180983
0.965398
0.642657
0.446857
0.695644
0.163251
0.895912
0.789474
0.389849
0.911912
0.880589
0.693687
0.693818
0.148145
0.908871
0.742712
0.400491
0.571763
0.769845
0.147152
0.406533
0.816853
0.984877
0.549466
0.162512
0.681023
0.0656908
0.347341
0.775822
0.233793
0.207181
0.279137
0.571161
0.348156
0.647368
0.251148
0.0632284
0.961429
0.17094
0.603372
0.611768
0.0534744
0.664043
0.76864
0.0895191
0.0456945
0.74217
0.379277
0.397263
0.760767
0.117213
0.237978
0.0957389
0.894456
0.885566
0.1691
0.960252
0.436653
0.415953
0.314779
0.482389
0.539333
0.56027
0.732269
0.392012
0.11523
0.269692
0.00514657
0.60978
0.145401
0.270532
0.195995
0.777862
0.139568
0.305174
0.843998
0.781619
0.0114651
0.589566
0.322838
0.905652
0.753809
0.810597
0.329404
0.664888
0.127041
0.160945
0.719979
0.635673
0.103564
0.11593
0.649181
0.4774
0.287068
0.956964
0.117706
0.5133
0.0502458
0.773989
0.580677
0.295505
0.377212
0.260955
0.131705
0.820691
0.957092
0.761722
0.430636
0.531592
0.290929
0.581591
0.463706
0.731721
0.824486
0.589591
0.240435
0.321616
0.160145
0.849786
0.490826
0.713912
0.497033
0.426728
0.232795
0.756047
0.815824
0.449676
0.387887
0.391569
0.33264
0.0480607
0.209743
0.422273
0.290832
0.232237
0.393667
0.848182
0.635517
0.402577
0.540058
0.430922
0.265011
0.59216
0.63624
0.805861
0.773703
0.438254
0.548986
0.780077
0.736752
0.640836
0.213575
0.760633
0.0231101
0.924343
0.344689
0.359925
0.864896
0.142962
0.0866393
0.904277
0.977546
0.0925658
0.540251
0.109617
0.423721
0.803497
0.112387
0.0452817
0.153755
0.603103
0.787614
0.11845
0.788311
0.731385
0.979716
0.628569
0.329392
0.881468
0.110511
0.351091
0.649982
0.78292
0.213559
0.926521
0.758567
0.275254
0.292959
0.486058
0.636479
0.955366
0.716727
0.179095
0.00496879
0.847417
0.516312
0.822283
0.799482
0.310818
0.397031
0.799106
0.753029
0.905421
0.557338
0.934456
0.513263
0.618788
0.565122
0.208272
0.857594
0.14893
0.291617
0.682881
0.241261
0.786042
0.303183
0.449427
0.93583
0.489767
0.0269267
0.351519
0.196229
0.809273
0.922082
0.999587
0.295931
0.600655
0.561259
0.0800511
0.466644
0.477074
0.774503
0.942886
0.717286
0.351907
0.154236
0.405826
0.102447
0.74365
0.464979
0.161987
0.0259822
0.416792
0.853527
0.606033
0.17067
0.738797
0.300866
0.756967
0.348101
0.866172
0.466761
0.659952
0.248906
0.356268
0.601426
0.739957
0.731708
0.53156
0.428637
0.460078
0.687121
0.782875
0.440409
0.0380338
0.124642
0.170279
0.851837
0.151197
0.286819
0.0493899
0.00032174
0.482579
0.808197
0.8823
0.114104
0.379439
0.989919
0.644751
0.422712
0.62093
0.574616
0.892943
0.877251
0.101699
0.23806
0.162065
0.218842
0.945607
0.0284734
0.72581
0.640746
0.632848
0.640215
0.248566
0.217529
0.774992
0.440501
0.435919
0.736295
0.912337
0.423948
0.540068
0.113463
0.889533
0.539874
0.361416
0.449287
0.524404
0.373219
0.229668
0.848983
0.495486
0.793279
0.483344
0.426471
0.76444
0.0580962
0.739314
0.416518
0.677986
0.709055
0.922698
0.697871
0.835075
0.136641
0.472471
0.285296
0.665923
0.382463
0.116844
0.370709
0.140757
0.518526
0.546706
0.969919
0.113576
0.805291
0.877602
0.244881
0.215875
0.279598
0.725688
0.419322
0.300461
0.994448
0.741443
0.25954
0.474851
0.165897
0.725594
0.204791
0.100103
0.481061
0.577873
0.48329
0.406196
0.342592
0.324555
0.277827
0.0667471
0.659067
0.0871482
0.221337
0.205511
0.15245
0.89484
0.748567
0.782833
0.448525
0.82819
0.24687
0.0784915
0.579951
0.395255
0.436168
0.668978
0.825901
0.745472
0.206729
0.227553
0.50445
0.0208851
0.220258
0.34715
0.848729
0.449143
0.842669
0.0293652
0.505625
0.679989
0.835425
0.152928
0.107834
0.727498
0.914005
0.857198
0.648677
0.73135
0.207235
0.246455
0.200407
0.908744
0.747468
0.88166
0.300201
0.476886
0.472038
0.32155
0.614852
0.177986
0.328415
0.0276203
0.111668
0.361842
0.158409
0.235622
0.0901769
0.817539
0.132718
0.381737
0.0634717
0.21852
0.872206
0.541162
0.710266
0.522054
0.240477
0.681411
0.247785
0.818831
0.165364
0.487659
0.201101
0.263487
0.655066
0.411478
0.398205
0.420636
0.188779
0.909913
0.74056
0.558721
0.35572
0.393761
0.915152
0.521672
0.308887
0.912933
0.806657
0.269818
0.541796
0.35356
0.437856
0.0573862
0.508652
0.0907432
0.524371
0.0274384
0.163794
0.91196
0.978923
0.301687
0.168191
0.604685
0.0441414
0.44977
0.0461897
0.465298
0.00927659
0.0502892
0.951601
0.340975
0.286277
0.194132
0.745104
0.209038
0.560877
0.224627
0.786272
0.326818
0.130741
0.677049
0.962631
0.930538
0.493343
0.371255
0.946855
0.354325
0.632125
0.103529
0.59968
0.281872
0.494615
0.285008
0.733414
0.251094
0.822316
0.158529
0.476643
0.147231
0.614719
0.781667
0.684518
0.280035
0.614558
0.971695
0.275171
0.420713
0.809656
0.197
0.435309
0.371395
0.264271
0.0162728
0.540889
0.196214
0.506282
0.511618
0.773971
0.296617
0.266045
0.617868
0.870498
0.141487
0.0758822
0.856306
0.00499475
0.577052
0.906847
0.189239
0.650154
0.0875148
0.876247
0.330957
0.457655
0.476052
0.170524
0.141816
0.774143
0.0976956
0.740321
0.62884
0.577073
0.205077
0.407073
0.932223
0.25436
0.75699
0.878635
0.853431
0.943273
0.242424
0.123465
0.512645
0.302792
0.0361326
0.84455
0.271071
0.71982
0.108094
0.730245
0.641476
0.952524
0.853332
0.42343
0.47796
0.327537
0.797582
0.617991
0.657036
0.839721
0.140574
0.306114
0.643871
0.101315
0.957402
0.864018
0.560905
0.61493
0.407996
0.156991
0.268416
0.0433111
0.846513
0.301775
0.576277
0.233513
0.729213
0.719577
0.690565
0.147601
0.727491
0.108529
0.904575
0.535007
0.248041
0.239454
0.760611
0.305499
0.87941
0.107983
0.140937
0.481341
0.513847
0.933707
0.425577
0.0849888
0.100999
0.0602708
0.494364
0.581926
0.121564
0.24969
0.853648
0.0822496
0.631458
0.820205
0.829327
0.886434
0.794581
0.246835
0.600329
0.0513924
0.644443
0.436135
0.458275
0.545108
0.317826
0.696492
0.851512
0.956637
0.254176
0.580889
0.208474
0.558846
0.634487
0.54446
0.525881
0.106871
0.8317
0.2906
0.962026
0.737883
0.61539
0.906773
0.693689
0.888279
0.708546
0.567696
0.114973
0.295157
0.863767
0.868697
0.718532
0.647595
0.264014
0.11903
0.796379
0.587912
0.664993
0.390223
0.93472
0.195994
0.672469
0.27999
0.494838
0.855299
0.317135
0.683444
0.190257
0.886707
0.394453
0.997508
0.755734
0.0933579
0.471102
0.565117
0.621141
0.930505
0.787042
0.179439
0.366817
0.728393
0.279623
0.108323
0.110215
0.367416
0.129055
0.0274235
0.805865
0.713152
0.20024
0.738112
0.329496
0.906045
0.557544
0.420211
0.81674
0.416319
0.458273
0.0479038
0.579627
0.086326
0.577389
0.305297
0.024317
0.840671
0.618496
0.583293
0.0348539
0.670091
0.653135
0.143996
0.691786
0.851762
0.235947
0.497057
0.633296
0.788203
0.289466
0.916919
0.00125156
0.263248
0.790072
0.104773
0.0969445
0.0179902
0.911782
0.776002
0.168503
0.998064
0.164467
0.661647
0.872841
0.0634131
0.690426
0.627516
0.428226
0.827649
0.999125
0.464994
0.572183
0.632024
0.0142625
0.311437
0.146935
0.0454141
0.0232797
0.54188
0.800873
0.793872
0.543213
0.0321936
0.629696
0.894676
0.329026
0.230821
0.761417
0.00986664
0.845527
0.932929
0.787094
0.904084
0.669632
0.34857
0.390075
0.842706
0.610851
0.133893
0.81519
0.450113
0.542171
0.77894
0.801631
0.63238
0.831231
0.0686327
0.202431
0.405125
0.811011
0.822441
0.288606
0.495832
0.386651
0.849058
0.310279
0.0741341
0.907439
0.0194633
0.755807
0.0112641
0.230262
0.663952
0.188419
0.395837
0.85835
0.916562
0.35136
0.555575
0.522568
0.999798
0.377801
0.397315
0.753183
0.831722
0.619391
0.241434
0.649431
0.946644
0.525533
0.158442
0.944899
0.494161
0.209191
0.693995
0.00657143
0.716882
0.430933
0.494442
0.146345
0.611467
0.235458
0.0870642
0.723844
0.0398091
0.402352
0.913777
0.752742
0.65559
0.523623
0.749542
0.113809
0.559173
0.703261
0.0285722
0.0429525
0.792019
0.662232
0.369784
0.772174
0.858183
0.645718
0.978842
0.867099
0.781695
0.254179
0.3287
0.172318
0.554715
0.253234
0.620121
0.921251
0.761423
0.923372
0.998957
0.0563647
0.169852
0.882311
0.385479
0.362985
0.375986
0.762015
0.0785883
0.136214
0.0789283
0.632992
0.567511
0.816489
0.984093
0.672596
0.823111
0.664708
0.994729
0.879857
0.107053
0.414935
0.24828
0.079878
0.387178
0.0181742
0.430798
0.749615
0.828697
0.956869
0.0559621
0.355078
0.337066
0.17917
0.113655
0.881518
0.846588
0.823883
0.23055
0.629432
0.626864
0.291291
0.74852
0.887025
0.676665
0.80279
0.916493
0.3904
0.171806
0.126504
0.633868
0.483048
0.61658
0.234789
0.992498
0.0460996
0.376201
0.71739
0.430804
0.62955
0.62676
0.929884
0.121346
0.873535
0.732311
0.851281
0.891308
0.280985
0.653666
0.456532
0.600762
0.978462
0.706578
0.299515
0.0438372
0.681076
0.115035
0.782284
0.520557
0.0602941
0.160721
0.907797
0.684892
0.856763
0.306322
0.0922389
0.356735
0.179517
0.775074
0.812963
0.777565
0.462028
0.586103
0.72862
0.333026
0.792302
0.323371
0.275686
0.281627
0.278232
0.423746
0.422707
0.736557
0.539333
0.926604
0.755299
0.9927
0.803706
0.0483049
0.915917
0.400541
0.0523775
0.0504099
0.61547
0.102916
0.275492
0.409361
0.5019
0.565122
0.799696
0.733136
0.610894
0.419479
0.996788
0.714228
0.688018
0.175464
0.509957
0.477666
0.305857
0.962619
0.379696
0.149179
0.0324018
0.123056
0.890263
0.604016
0.924324
0.659349
0.178612
0.891878
0.0288271
0.744386
0.87963
0.653488
0.402075
0.55474
0.0808883
0.0774782
0.580074
0.667077
0.449335
0.0593903
0.0452591
0.905998
0.224198
0.0319064
0.561412
0.478424
0.267574
0.123369
0.433824
0.257415
0.759718
0.904846
0.900382
0.35484
0.458166
0.334912
0.136799
0.576615
0.849319
0.300326
0.878103
0.375512
0.269205
0.0140255
0.914362
0.37929
0.877208
0.157681
0.719468
0.680557
0.113217
0.00228043
0.299037
0.315115
0.106948
0.22813
0.346001
0.201542
0.14998
0.697109
0.462464
0.146339
0.530079
0.15994
0.551895
0.118461
0.465002
0.862754
0.0767719
0.321329
0.418843
0.470703
0.500109
0.932225
0.826352
0.193644
0.509297
0.884083
0.036864
0.371674
0.772891
0.60055
0.744487
0.53069
0.137319
0.388443
0.00557654
0.293708
0.273974
0.85506
0.145363
0.188719
0.675729
0.59062
0.344787
0.174304
0.448975
0.499119
0.771838
0.656309
0.356258
0.649906
0.957428
0.571974
0.177319
0.0453472
0.951513
0.247845
0.367748
0.0530094
0.546289
0.892616
0.0926222
0.531526
0.911211
0.207202
0.402578
0.242115
0.413367
0.120308
0.016284
0.444615
0.551985
0.593636
0.653265
0.0372255
0.790953
0.824746
0.517404
0.515357
0.0258728
0.547162
0.133565
0.701569
0.260774
0.969343
0.097044
0.74568
0.258235
0.858535
0.536575
0.130035
0.501029
0.323512
0.1826
0.685388
0.261659
0.668444
0.248946
0.259218
0.996841
0.208757
0.9407
0.434556
0.726261
0.277331
0.038974
0.942509
0.712593
0.764298
0.894749
0.398494
0.538156
0.468898
0.256899
0.861993
0.389914
0.26018
0.396772
0.642726
0.867801
0.19401
0.276124
0.982274
0.376945
0.986525
0.840666
0.67538
0.220919
0.971114
0.621325
0.0838171
0.634325
0.234995
0.788583
0.601983
0.31584
0.901515
0.615017
0.85429
0.68288
0.371595
0.457056
0.861896
0.660198
0.784925
0.74462
0.818719
0.852178
0.102658
0.521529
0.280669
0.510793
0.172186
0.517644
0.253929
0.515056
0.0331869
0.645544
0.696139
0.476099
0.294884
0.399493
0.377488
0.281303
0.0806184
0.327844
0.855608
0.765383
0.92216
0.349833
0.346524
0.557972
0.165036
0.382715
0.324419
0.573818
0.55498
0.918649
0.454361
0.0690947
0.525048
0.795692
0.0847023
0.571049
0.152114
0.715018
0.424324
0.555292
0.737554
0.861586
0.712902
0.90212
0.714762
0.211778
0.632132
0.477431
0.583218
0.845345
0.907727
0.166692
0.226689
0.225086
0.987991
0.502315
0.0258059
0.585392
0.4593
0.723974
0.182557
0.870279
0.509209
0.941829
0.349523
0.71068
0.718255
0.166309
0.407658
0.865143
0.960427
0.562064
0.708843
0.656179
0.134592
0.601902
0.679376
0.949772
0.175027
0.785583
0.884655
0.382177
0.653868
0.127549
0.304853
0.100742
0.188223
0.544016
0.513795
0.600707
0.250726
0.638013
0.512644
0.588991
0.420669
0.179006
0.494647
0.235849
0.530091
0.00670255
0.273728
0.439299
0.83387
0.420106
0.702254
0.0206603
0.0694632
0.915993
0.0432891
0.633768
0.356277
0.888517
0.899387
0.619355
0.935898
0.938936
0.548823
0.871423
0.239798
0.378808
0.197489
0.497661
0.402102
0.123429
0.416015
0.877344
0.469777
0.991075
0.6293
0.258677
0.652222
0.744847
0.949131
0.986937
0.136107
0.318796
0.278463
0.478376
0.0283916
0.563002
0.0765947
0.0112691
0.61981
0.740544
0.166313
0.110719
0.220642
0.100547
0.370332
0.918409
0.518688
0.000280751
0.21828
0.267716
0.973763
0.602503
0.599194
0.448011
0.189271
0.726495
0.0524386
0.698147
0.652904
0.862421
0.850238
0.254744
0.746567
0.171745
0.927288
0.10749
0.246392
0.113957
0.517463
0.243329
0.537558
0.106782
0.720423
0.192075
0.371452
0.0320639
0.208896
0.0349517
0.337943
0.828938
0.621422
0.998877
0.766217
0.321845
0.299663
0.183583
0.935462
0.552517
0.454147
0.664364
0.961224
0.740367
0.678325
0.341626
0.0160859
0.0544138
0.707762
0.705225
0.188226
0.448186
0.723837
0.277541
0.945195
0.662793
0.999029
0.434233
0.796339
0.376672
0.706541
0.161599
0.894594
0.769862
0.0904601
0.265793
0.307867
0.734688
0.4151
0.193286
0.919494
0.740113
0.0475073
0.756168
0.577952
0.415051
0.437082
0.375218
0.277231
0.0519958
0.512366
0.784823
0.039561
0.398086
0.952825
0.866682
0.907585
0.261562
0.222958
0.554117
0.338816
0.123701
0.111028
0.200749
0.847749
0.681863
0.161619
0.976162
0.622694
0.869237
0.0169439
0.180762
0.241843
0.594823
0.154995
0.260227
0.204164
0.460683
0.50224
0.942945
0.925576
0.608159
0.106784
0.724447
0.23409
0.481653
0.0914112
0.770163
0.491013
0.464686
0.0543274
0.0746721
0.281329
0.680931
0.542158
0.267988
0.129519
0.515696
0.884397
0.283281
0.386985
0.679755
0.305517
0.0888342
0.157045
0.574763
0.796709
0.336201
0.530769
0.524289
0.620067
0.0250622
0.85608
0.0549013
0.212626
0.528536
0.460752
0.0606844
0.923195
0.387568
0.518863
0.153758
0.520219
0.760745
0.928351
0.230711
0.951704
0.0126905
0.869365
0.150164
0.926522
0.290564
0.826928
0.954366
0.826522
0.555234
0.757007
0.458902
0.890942
0.171175
0.440657
0.741905
0.834964
0.751752
0.298192
0.453942
0.681651
0.0254252
0.37861
0.428719
0.955705
0.692268
0.815736
0.950111
0.329355
0.698179
0.488658
0.354803
0.746878
0.909215
0.188011
0.607744
0.314827
0.334013
0.446585
0.942343
0.844566
0.952294
0.173577
0.39781
0.673168
0.539091
0.972477
0.766192
0.255705
0.764231
0.506152
0.494917
0.776999
0.063256
0.726885
0.781009
0.896131
0.0748718
0.703899
0.515472
0.124422
0.0435403
0.884941
0.523318
0.304806
0.287657
0.833519
0.656123
0.620593
0.812362
0.789878
0.91351
0.183575
0.593108
0.0996135
0.902102
0.463972
0.751337
0.614648
0.561603
0.791202
0.972146
0.437033
0.892221
0.100444
0.0711583
0.0260495
0.817955
0.13903
0.870205
0.0725156
0.0926849
0.642621
0.572565
0.6315
0.0022072
0.979855
0.883941
0.389262
0.266206
0.627994
0.129606
0.310571
0.769921
0.9725
0.277604
0.439915
0.727229
0.72998
0.25924
0.0202535
0.691831
0.401986
0.918893
0.369135
0.923627
0.823676
0.321257
0.836513
0.512881
0.0160882
0.766887
0.755017
0.738679
0.753576
0.367668
0.495425
0.792387
0.0680527
0.670257
0.0259443
0.141994
0.74542
0.518429
0.234687
0.303985
0.375589
0.151758
0.387625
0.116293
0.9093
0.375177
0.192624
0.6089
0.484635
0.489818
0.0136295
0.0988857
0.615825
0.739462
0.42854
0.114596
0.077652
0.0586689
0.685984
0.537083
0.99139
0.902805
0.773698
0.817416
0.758589
0.460189
0.523485
0.208194
0.762503
0.184536
0.181371
0.166764
0.30239
0.0425229
0.804431
0.449919
0.694759
0.849427
0.329611
0.434166
0.0945433
0.796092
0.683981
0.91204
0.239094
0.393672
0.142886
0.904858
0.812608
0.770898
0.489525
0.955901
0.1945
0.0223619
0.144482
0.339536
0.785752
0.0797758
0.0117967
0.927886
0.285867
0.349939
0.93929
0.226828
0.869589
0.210973
0.560591
0.286954
0.0912973
0.386754
0.0883329
0.162328
0.219992
0.949399
0.819254
0.434091
0.806181
0.509423
0.326135
0.853546
0.594628
0.169877
0.270546
0.228843
0.483705
0.876291
0.618588
0.73506
0.84799
0.0111475
0.0878846
0.138033
0.642388
0.312105
0.831155
0.944325
0.176147
0.294382
0.963883
0.771366
0.924531
0.133133
0.803315
0.600727
0.546114
0.441943
0.230551
0.2493
0.321142
0.834124
0.963647
0.550397
0.933127
0.340804
0.703387
0.00611611
0.510511
0.976328
0.398738
0.339315
0.717089
0.685651
0.663001
0.623502
0.0608712
0.270495
0.380014
0.23378
0.0460856
0.636485
0.261752
0.305836
0.920578
0.778533
0.209629
0.979418
0.178775
0.25031
0.644037
0.145967
0.281014
0.787495
0.579726
0.324649
0.51004
0.816157
0.631892
0.29434
0.0663906
0.286052
0.160675
0.757784
0.541074
0.62423
0.597148
0.170703
0.073572
0.28918
0.77198
0.181716
0.965861
0.176267
0.966206
0.581811
0.419002
0.359608
0.132209
0.22825
0.231959
0.983322
0.615215
0.733987
0.744834
0.511983
0.81782
0.590339
0.111751
0.58702
0.131368
0.159818
0.583903
0.830825
0.390086
0.856621
0.774689
0.0207239
0.422959
0.949768
0.0563246
0.143923
0.677831
0.127616
0.596778
0.862175
0.982603
0.321403
0.63369
0.829451
0.625934
0.396084
0.0183355
0.408079
0.809594
0.285767
0.0174689
0.818959
0.96109
0.891577
0.263718
0.064833
0.827339
0.965131
0.682708
0.865503
0.770124
0.690714
0.739923
0.519938
0.0308135
0.748177
0.182388
0.276712
0.983217
0.2078
0.611249
0.135665
0.235093
0.305476
0.766439
0.0934764
0.297658
0.831718
0.599784
0.245634
0.809622
0.335526
0.374163
0.928027
0.313783
0.439496
0.376368
0.289897
0.465317
0.0201089
0.936437
0.205061
0.528622
0.741463
0.600254
0.559073
0.551264
0.0196756
0.879812
0.970705
0.751527
0.790009
0.625788
0.721445
0.646516
0.924658
0.208135
0.450293
0.514942
0.00320751
0.167343
0.934597
0.0843446
0.775567
0.577092
0.414466
0.0119817
0.636774
0.881845
0.761768
0.418601
0.499556
0.634768
0.131905
0.640452
0.728496
0.0463142
0.198022
0.36963
0.884769
0.398674
0.0559586
0.393744
0.475165
0.318697
0.978606
0.945105
0.80488
0.0510451
0.0900624
0.215623
0.0872708
0.769581
0.121085
0.0437184
0.657764
0.166666
0.95383
0.917551
0.974444
0.560786
0.244488
0.385953
0.253346
0.943074
0.210825
0.880287
0.383728
0.211628
0.868368
0.0174482
0.237697
0.677719
0.677381
0.435759
0.248162
0.813432
0.270513
0.216547
0.53381
0.614038
0.740302
0.741221
0.29558
0.155825
0.176439
0.0232233
0.650053
0.246902
0.355947
0.431428
0.7063
0.410842
0.939694
0.298814
0.189719
0.767295
0.510392
0.338328
0.197662
0.56249
0.776039
0.806981
0.0404042
0.230986
0.799482
0.135943
0.176256
0.441521
0.262211
0.377079
0.664398
0.28609
0.598054
0.575564
0.286491
0.0738966
0.885491
0.322414
0.598207
0.503497
0.831495
0.125943
0.959454
0.605123
0.203393
0.732089
0.92461
0.947747
0.219927
0.776202
0.294206
0.806014
0.918139
0.240811
0.937526
0.931412
0.556295
0.366928
0.00593213
0.304326
0.220426
0.0675624
0.526839
0.14337
0.37885
0.482346
0.717453
0.932964
0.403013
0.786317
0.0915908
0.121457
0.15856
0.47884
0.67176
0.126182
0.0385386
0.219392
0.3301
0.267126
0.928487
0.0239431
0.0720127
0.71257
0.60506
0.731563
0.0139523
0.55267
0.622148
0.62883
0.0773896
0.322706
0.804455
0.299648
0.154917
0.179191
0.89249
0.371895
0.513043
0.377114
0.335934
0.475727
0.741999
0.426275
0.485445
0.64892
0.30764
0.76167
0.193326
0.934257
0.56016
0.37537
0.586425
0.432483
0.725686
0.458967
0.780741
0.338273
0.343109
0.390645
0.917543
0.680663
0.197342
0.896749
0.0988763
0.391654
0.87196
0.00333842
0.0305301
0.663711
0.777248
0.444858
0.0813148
0.874357
0.954694
0.967175
0.256428
0.396431
0.758294
0.130373
0.594203
0.91237
0.679246
0.832548
0.0489826
0.939007
0.169721
0.105186
0.964642
0.336477
0.976438
0.0229623
0.440369
0.212591
0.0821293
0.854336
0.385836
0.223744
0.276177
0.558435
0.510038
0.335906
0.517068
0.919422
0.452453
0.0580047
0.540575
0.0731041
0.687172
0.766492
0.20017
0.767643
0.896268
0.429714
0.409382
0.0483837
0.742023
0.902093
0.543407
0.8676
0.356064
0.344893
0.0953983
0.0978599
0.803051
0.105594
0.347268
0.131825
0.705113
0.0389544
0.262471
0.580181
0.85594
0.23018
0.798449
0.0168729
0.988751
0.899308
0.681408
0.711585
0.521836
0.788005
0.948176
0.280531
0.00986746
0.446776
0.210601
0.430441
0.0514162
0.446668
0.985644
0.14343
0.115908
0.339568
0.933395
0.280047
0.732697
0.771177
0.363909
0.593078
0.0162483
0.572721
0.82409
0.676712
0.806239
0.410766
0.0993937
0.962662
0.409322
0.675268
0.403495
0.131743
0.419635
0.579522
0.0883415
0.278834
0.965823
0.283092
0.837153
0.242455
0.145702
0.972855
0.200272
0.386682
0.108321
0.017807
0.142759
0.907668
0.280346
0.903948
0.325232
0.693819
0.983219
0.157044
0.524788
0.433355
0.872689
0.501627
0.176968
0.382225
0.308406
0.862159
0.885727
0.0583275
0.00456341
0.0267182
0.430858
0.272233
0.918807
0.150582
0.126011
0.319186
0.739311
0.362482
0.557017
0.0919731
0.718687
0.649365
0.605877
0.284881
0.571046
0.50199
0.442113
0.227189
0.722389
0.968024
0.850684
0.590742
0.569743
0.722822
0.0351874
0.783666
0.763251
0.897333
0.397937
0.16393
0.00602304
0.607474
0.527768
0.699494
0.0204284
0.356409
0.71324
0.0034115
0.78449
0.632537
0.530624
0.682276
0.397544
0.772983
0.555947
0.949721
0.971968
0.408892
0.581745
0.133221
0.699239
0.703818
0.930153
0.703888
0.631983
0.601338
0.0458502
0.779839
0.182615
0.342495
0.823772
0.816087
0.554468
0.445168
0.587649
0.503351
0.0267865
0.696477
0.869482
0.318167
0.206513
0.24403
0.348256
0.823655
0.394038
0.612611
0.346032
0.208712
0.642656
0.20717
0.90103
0.739817
0.372173
0.83537
0.581215
0.294058
0.362312
0.994086
0.661223
0.259641
0.610844
0.617178
0.80836
0.766104
0.579087
0.034389
0.0662841
0.587867
0.574979
0.805304
0.657503
0.877322
0.927021
0.578302
0.845373
0.338488
0.613094
0.683298
0.871311
0.948634
0.0929202
0.0109371
0.482319
0.183352
0.0206509
0.910294
0.960331
0.190857
0.556721
0.326667
0.565947
0.508766
0.363367
0.410591
0.192813
0.958852
0.0619515
0.838577
0.373812
0.770007
0.664918
0.767493
0.760226
0.0531599
0.0730975
0.731673
0.82318
0.423563
0.0916133
0.885245
0.941472
0.420056
0.318054
0.767965
0.282704
0.471169
0.609285
0.084265
0.806272
0.223756
0.526854
0.751368
0.766851
0.636173
0.210469
0.7901
0.736343
0.860117
0.619549
0.433141
0.869925
0.871092
0.443895
0.470879
0.304933
0.00935127
0.487589
0.490756
0.587761
0.217678
0.0444218
0.816226
0.33683
0.556814
0.827707
0.773613
0.0912974
0.326268
0.658793
0.816305
0.559632
0.0473237
0.707722
0.0612513
0.591402
0.340812
0.179235
0.343606
0.585349
0.813461
0.621974
0.365319
0.218278
0.11422
0.55309
0.0512982
0.728176
0.200722
0.415533
0.517494
0.309124
0.635245
0.462795
0.639463
0.440125
0.743913
0.246912
0.207159
0.356788
0.99055
0.796568
0.318268
0.656118
0.0320143
0.32859
0.414292
0.446944
0.0367275
0.356156
0.869124
0.884043
0.47024
0.363297
0.813568
0.45883
0.00306099
0.615484
0.0425817
0.676175
0.998429
0.888999
0.318337
0.334725
0.835053
0.416697
0.844074
0.918764
0.361034
0.60789
0.882663
0.0727098
0.348646
0.656691
0.6997
0.885777
0.286346
0.341674
0.285408
0.581601
0.804787
0.0454555
0.435489
0.394888
0.243075
0.237234
0.50168
0.905927
0.657801
0.997867
0.704436
0.903662
0.632137
0.0462394
0.782348
0.0302203
0.891533
0.279366
0.0819523
0.384171
0.436201
0.955142
0.937191
0.15887
0.0674104
0.793755
0.595592
0.345078
0.551879
0.362758
0.201047
0.942247
0.33009
0.322011
0.856715
0.116301
0.618312
0.14862
0.44351
0.3737
0.0596027
0.890197
0.622946
0.713395
0.954179
0.383827
0.205754
0.0176801
0.574392
0.845093
0.224765
0.0638274
0.766129
0.263209
0.667573
0.0273031
0.862118
0.140401
0.273235
0.70813
0.806987
0.262929
0.779077
0.178838
0.455214
0.917964
0.178213
0.400597
0.662779
0.0111076
0.537628
0.910283
0.419412
0.340885
0.46946
0.690833
0.772348
0.651957
0.370594
0.841124
0.0659676
0.763913
0.028495
0.682685
0.6341
0.311521
0.767691
0.621327
0.676446
0.0642301
0.570359
0.885015
0.013619
0.222623
0.0739325
0.550148
0.0106489
0.315929
0.630215
0.991198
0.148154
0.283848
0.0919659
0.0362653
0.0820402
0.960893
0.762246
0.925405
0.0125791
0.209162
0.831379
0.956525
0.969702
0.344405
0.250644
0.380512
0.846856
0.69882
0.406478
0.232291
0.762993
0.768402
0.871642
0.929634
0.79442
0.33202
0.501617
0.270837
0.579552
0.341157
0.87308
0.18804
0.532971
0.945457
0.0685884
0.78276
0.750995
0.687476
0.645292
0.7957
0.325375
0.0760008
0.835671
0.997923
0.957343
0.655647
0.134654
0.634726
0.247354
0.120444
0.393784
0.0774412
0.560728
0.399235
0.337102
0.466175
0.594622
0.150352
0.883256
0.234346
0.0687323
0.266786
0.628382
0.00250045
0.960903
0.878235
0.0947556
0.0687588
0.591134
0.328559
0.970201
0.36978
0.0682741
0.78357
0.128017
0.381344
0.832596
0.689759
0.281345
0.714768
0.864505
0.0478269
0.139149
0.596844
0.0713741
0.836876
0.771977
0.857376
0.737714
0.630362
0.0100504
0.207984
0.970852
0.806012
0.649441
0.717119
0.782904
0.475302
0.189792
0.511183
0.288794
0.631545
0.60106
0.136669
0.312194
0.995794
0.525944
0.568782
0.756207
0.18243
0.673623
0.69565
0.610814
0.737921
0.276948
0.0517783
0.502844
0.513426
0.279094
0.176675
0.508871
0.635961
0.330046
0.0526812
0.845446
0.332713
0.272657
0.651861
0.638394
0.689265
0.127988
0.75094
0.650045
0.823709
0.983783
0.0387753
0.886296
0.748437
0.571727
0.0186658
0.491026
0.619736
0.0782503
0.967961
0.536991
0.753922
0.777142
0.643632
0.216812
0.795393
0.212413
0.611146
0.544323
0.683663
0.651346
0.180829
0.802405
0.0300793
0.608218
0.0923712
0.545625
0.114384
0.609002
0.878178
0.0627514
0.0387118
0.602117
0.321253
0.11758
0.0147159
0.239693
0.328419
0.703086
0.762794
0.243084
0.0767946
0.599639
0.454534
0.713116
0.807049
0.572715
0.39765
0.345521
0.402983
0.314679
0.51861
0.713579
0.170315
0.393101
0.248757
0.341675
0.0244432
0.594622
0.135293
0.798808
0.0786372
0.250727
0.278132
0.775815
0.523164
0.464863
0.0143865
0.250413
0.476224
0.819173
0.714138
0.0507238
0.585838
0.785984
0.542922
0.272555
0.475287
0.990139
0.605698
0.335992
0.363769
0.716563
0.0883729
0.567009
0.0549877
0.257076
0.960063
0.884671
0.614759
0.483146
0.752288
0.334507
0.238206
0.04407
0.783968
0.964838
0.873131
0.00919101
0.962226
0.943728
0.453814
0.326457
0.445806
0.75602
0.809591
0.99743
0.916491
0.96598
0.0377283
0.2031
0.178819
0.613281
0.553599
0.80165
0.613528
0.034799
0.112981
0.112808
0.130048
0.599531
0.559869
0.0779528
0.191988
0.776898
0.835416
0.930363
0.315789
0.676466
0.00375909
0.577199
0.0489909
0.301398
0.161354
0.500451
0.359317
0.977635
0.614853
0.53664
0.611343
0.69597
0.604965
0.477163
0.4294
0.554623
0.20631
0.44489
0.710546
0.178407
0.651471
0.829603
0.518595
0.384799
0.236977
0.0698933
0.868857
0.359025
0.576694
0.912527
0.089873
0.773846
0.478051
0.548472
0.874613
0.305743
0.655621
0.41001
0.36631
0.716951
0.833491
0.67295
0.914791
0.465222
0.606113
0.251004
0.0146321
0.1625
0.551728
0.250299
0.366841
0.0551059
0.635154
0.932895
0.754697
0.769873
0.256012
0.858085
0.607041
0.600775
0.253021
0.363613
0.553181
0.125239
0.554544
0.791588
0.0268577
0.555803
0.891857
0.621835
0.939156
0.557317
0.0779226
0.141356
0.419576
0.18019
0.972954
0.825191
0.820735
0.244232
0.929761
0.799445
0.759475
0.780482
0.0613925
0.716121
0.806261
0.518068
0.746364
0.365448
0.532448
0.780176
0.872217
0.765415
0.519162
0.270457
0.553612
0.179712
0.314793
0.502039
0.129147
0.314013
0.110945
0.537931
0.339528
0.939775
0.13741
0.650547
0.0191883
0.892764
0.312808
0.00371087
0.11983
0.537182
0.377995
0.017115
0.846188
0.304712
0.159008
0.685207
0.673779
0.779237
0.373997
0.813889
0.191015
0.85651
0.0127095
0.684453
0.377071
0.882292
0.276663
0.33101
0.348612
0.397565
0.952408
0.657484
0.221547
0.397949
0.622547
0.0419356
0.00729902
0.498799
0.165356
0.017307
0.274364
0.741957
0.359603
0.139825
0.613831
0.420746
0.0780547
0.551468
0.534695
0.02968
0.559717
0.275393
0.902194
0.418412
0.733215
0.691457
0.817331
0.996814
0.34012
0.276907
0.798942
0.316259
0.049839
0.599537
0.654707
0.0863354
0.761658
0.906081
0.0725069
0.119195
0.981554
0.670991
0.800629
0.236211
0.270882
0.978446
0.000715859
0.699169
0.439658
0.75992
0.0385033
0.374919
0.943222
0.955918
0.12883
0.255942
0.0631794
0.988707
0.216221
0.158386
0.0610353
0.6065
0.257607
0.921801
0.343544
0.373805
0.0328436
0.310001
0.820376
0.499371
0.962451
0.226071
0.500988
0.341376
0.273169
0.716918
0.872475
0.317107
0.952426
0.562035
0.76872
0.254007
0.274043
0.367282
0.343047
0.129944
0.0694239
0.325198
0.217475
0.68055
0.913194
0.679312
0.4999
0.857763
0.105393
0.613386
0.750327
0.577277
0.0961622
0.890321
0.135512
0.960971
0.300464
0.170444
0.185951
0.285388
0.463559
0.294784
0.238096
0.192246
0.629943
0.295557
0.611991
0.531834
0.48952
0.219524
0.282871
0.243168
0.410892
0.518117
0.26718
0.980705
0.985716
0.0399251
0.577063
0.761194
0.439753
0.437984
0.261894
0.809949
0.547868
0.966373
0.446823
0.938107
0.44255
0.798222
0.17213
0.767821
0.72233
0.607155
0.863649
0.955284
0.863234
0.861939
0.173276
0.981753
0.636083
0.365993
0.288062
0.233142
0.167574
0.444314
0.439384
0.367035
0.248353
0.73046
0.0576261
0.932771
0.461206
0.412905
0.871158
0.635689
0.190026
0.0741128
0.789489
0.731612
0.690103
0.483218
0.748536
0.588317
0.616095
0.472573
0.345465
0.837313
0.313351
0.453745
0.338247
0.696353
0.879667
0.665185
0.174929
0.584636
0.56055
0.444521
0.308716
0.427654
0.164636
0.540384
0.934272
0.230541
0.414927
0.557107
0.267026
0.425018
0.171074
0.161781
0.091889
0.548847
0.138845
0.676714
0.809121
0.0136351
0.227366
0.813208
0.737012
0.673843
0.194615
0.859625
0.230867
0.549028
0.262708
0.776569
0.241276
0.262283
0.961998
0.616468
0.152339
0.0416368
0.750414
0.0998351
0.148948
0.482871
0.0967442
0.0754854
0.751004
0.38356
0.228131
0.943293
0.322822
0.284987
0.533016
0.464299
0.265841
0.448965
0.88969
0.585765
0.386883
0.11898
0.0567734
0.622169
0.179646
0.0442639
0.0989278
0.718326
0.979891
0.735627
0.695271
0.671622
0.199235
0.786612
0.0555802
0.354421
0.706598
0.419645
0.152734
0.349153
0.483286
0.970535
0.250807
0.450314
0.160033
0.449466
0.532381
0.0555443
0.708653
0.362583
0.787274
0.361957
0.554359
0.177401
0.624049
0.0210814
0.183768
0.185259
0.159587
0.586668
0.0281749
0.761381
0.254636
0.170836
0.665273
0.60635
0.92127
0.752246
0.937091
0.647538
0.538166
0.540236
0.378958
0.423911
0.688436
0.887872
0.799586
0.9722
0.373852
0.559383
0.423026
0.767216
0.743552
0.816082
0.952487
0.311611
0.573911
0.683633
0.279491
0.199266
0.484927
0.488741
0.761546
0.618575
0.61529
0.853047
0.250025
0.217322
0.177303
0.620691
0.556101
0.0846059
0.907498
0.0812458
0.388577
0.702517
0.493857
0.871837
0.971339
0.853448
0.457141
0.650397
0.598891
0.271203
0.284292
0.945152
0.895886
0.318054
0.637211
0.481661
0.862757
0.511089
0.232136
0.500667
0.583277
0.118953
0.308478
0.657726
0.945218
0.247719
0.0729369
0.807183
0.0377222
0.767758
0.709499
0.954939
0.511204
0.531991
0.525522
0.27173
0.577499
0.42936
0.499257
0.450899
0.167103
0.317485
0.720818
0.953388
0.918393
0.161357
0.276449
0.238242
0.498346
0.502288
0.997293
0.830199
0.880948
0.706781
0.324995
0.366066
0.480329
0.32466
0.46657
0.321409
0.662607
0.45143
0.0359049
0.324591
0.613858
0.711839
0.232225
0.637184
0.632202
0.499608
0.165612
0.651892
0.559092
0.887805
0.750667
0.927316
0.0635746
0.829685
0.708429
0.724456
0.274955
0.326644
0.480449
0.592331
0.960793
0.720929
0.0141102
0.52351
0.273519
0.768716
0.192877
0.017511
0.113331
0.586626
0.433212
0.0545877
0.761142
0.634884
0.820993
0.789865
0.00954698
0.593855
0.0503734
0.18909
0.743374
0.0104798
0.900389
0.586795
0.0993128
0.268037
0.204598
0.215482
0.00813845
0.713844
0.862072
0.393079
0.805826
0.597359
0.819583
0.742724
0.116632
0.616597
0.47815
0.667087
0.960777
0.687107
0.582279
0.287781
0.871227
0.645956
0.741573
0.330655
0.505768
0.679064
0.0898148
0.562401
0.604552
0.776011
0.0716977
0.726168
0.0500469
0.187815
0.611543
0.0141552
0.024615
0.138007
0.185905
0.131127
0.717572
0.915444
0.549906
0.565805
0.278562
0.394913
0.350757
0.201409
0.142177
0.530773
0.375571
0.8999
0.75681
0.885622
0.542143
0.561035
0.345985
0.876879
0.503746
0.605945
0.525912
0.615343
0.243628
0.458738
0.00151657
0.806105
0.354162
0.195276
0.238109
0.866859
0.456114
0.615391
0.821996
0.8342
0.107578
0.81904
0.907555
0.13267
0.10218
0.263209
0.973181
0.999637
0.150152
0.412666
0.850212
0.699263
0.701066
0.731285
0.922013
0.338321
0.365298
0.295252
0.418633
0.482933
0.15288
0.813475
0.550179
0.562948
0.613851
0.288264
0.328268
0.558937
0.038943
0.649238
0.249722
0.490852
0.225407
0.673494
0.940355
0.329949
0.988524
0.803976
0.138675
0.452874
0.102526
0.930028
0.0870771
0.0330124
0.983695
0.672556
0.851699
0.807173
0.489719
0.0381868
0.13028
0.301537
0.719167
0.646178
0.328855
0.796738
0.968907
0.654475
0.938076
0.132494
0.561369
0.191745
0.605892
0.808024
0.511903
0.978626
0.428893
0.533919
0.785171
0.934157
0.429241
0.633469
0.346978
0.266479
0.0678938
0.527704
0.708401
0.85213
0.0593769
0.11214
0.845321
0.854612
0.119796
0.759185
0.695665
0.955849
0.579239
0.527465
0.557696
0.02847
0.651325
0.448963
0.453895
0.968642
0.0729117
0.904155
0.179279
0.489593
0.933099
0.511531
0.877541
0.934302
0.10415
0.201142
0.739698
0.73755
0.647551
0.232139
0.528263
0.0417121
0.44966
0.0514394
0.959854
0.381835
0.268754
0.974443
0.315356
0.160179
0.606869
0.591371
0.589004
0.0281846
0.691663
0.320493
0.273838
0.809976
0.670979
0.420718
0.387589
0.585673
0.477163
0.688875
0.737872
0.23619
0.830474
0.808916
0.598446
0.610456
0.646014
0.120241
0.937402
0.368874
0.198411
0.920139
0.747231
0.899555
0.472998
0.793034
0.149173
0.998231
0.306005
0.161142
0.148339
0.450078
0.649295
0.333907
0.459561
0.839144
0.290374
0.795357
0.469165
0.423602
0.702189
0.358988
0.890757
0.482722
0.372099
0.707463
0.407584
0.945864
0.242352
0.517442
0.668599
0.318594
0.535957
0.940244
0.677153
0.568832
0.551907
0.565978
0.478573
0.654292
0.961965
0.0484984
0.155479
0.341557
0.805882
0.0313971
0.986825
0.683924
0.489054
0.41566
0.935957
0.822075
0.121993
0.313863
0.316465
0.297629
0.978624
0.3878
0.974023
0.989639
0.105383
0.664927
0.252784
0.350611
0.81658
0.134144
0.994657
0.0916852
0.99357
0.180038
0.676479
0.0693101
0.977569
0.480818
0.560476
0.709535
0.991662
0.557799
0.22263
0.416172
0.129529
0.504013
0.0757514
0.0805591
0.3947
0.628455
0.632456
0.00970631
0.731755
0.171758
0.837062
0.465701
0.64255
0.1614
0.259778
0.992363
0.985889
0.59189
0.881496
0.370683
0.18774
0.854396
0.584201
0.496637
0.975814
0.738848
0.665483
0.219172
0.568648
0.940903
0.856758
0.832796
0.62883
0.0897218
0.74126
0.37243
0.470315
0.415741
0.832019
0.311164
0.845505
0.389625
0.269085
0.0958941
0.777755
0.948128
0.561035
0.465007
0.765102
0.789694
0.0157425
0.0197239
0.295412
0.256782
0.555942
0.0926321
0.283387
0.995783
0.612983
0.249872
0.577601
0.751112
0.158471
0.802681
0.560718
0.895781
0.621567
0.944188
0.83457
0.647595
0.29626
0.755671
0.615729
0.496719
0.974873
0.616791
0.285854
0.823189
0.569472
0.268466
0.306206
0.516468
0.611804
0.826799
0.599357
0.779405
0.49563
0.739576
0.571019
0.371061
0.661165
0.341967
0.628786
0.837559
0.664786
0.709842
0.818077
0.228377
0.970535
0.568566
0.21044
0.0123973
0.976495
0.870337
0.874848
0.612024
0.267866
0.267309
0.959422
0.569847
0.456699
0.212284
0.408746
0.693449
0.698725
0.859634
0.763529
0.016481
0.717704
0.0538957
0.0862874
0.715119
0.135244
0.0170929
0.615794
0.387157
0.272952
0.484874
0.864244
0.976567
0.990728
0.761113
0.269865
0.955725
0.108215
0.698875
0.579931
0.795484
0.499008
0.322797
0.821341
0.528947
0.345099
0.535869
0.253153
0.743848
0.784665
0.416505
0.934186
0.438771
0.651573
0.46975
0.155439
0.0685251
0.561582
0.539583
0.651953
0.511518
0.457251
0.479797
0.651598
0.634979
0.228757
0.228217
0.447956
0.784121
0.435522
0.726875
0.765755
0.431936
0.834606
0.72199
0.228277
0.0663508
0.280806
0.851744
0.788592
0.900351
0.372692
0.681662
0.334717
0.928312
0.909785
0.642731
0.383104
0.551384
0.277708
0.474204
0.22195
0.467715
0.804505
0.592574
0.253081
0.500904
0.810919
0.748759
0.485573
0.516041
0.71877
0.96032
0.215628
0.266716
0.0232778
0.418164
0.344755
0.265956
0.548526
0.178617
0.573304
0.678427
0.16811
0.352985
0.261412
0.110246
0.444744
0.658089
0.216458
0.912052
0.157728
0.809975
0.676381
0.8905
0.207075
0.494328
0.0234129
0.102078
0.427233
0.487185
0.481288
0.956192
0.962551
0.500794
0.06708
0.404648
0.00407888
0.837043
0.584023
0.00568079
0.873615
0.374643
0.981314
0.625185
0.988537
0.42802
0.285791
0.24253
0.160334
0.765791
0.905026
0.638161
0.465999
0.574587
0.974251
0.0109119
0.654867
0.697632
0.869045
0.977609
0.660566
0.911999
0.70979
0.955216
0.273721
0.828653
0.719024
0.501788
0.653862
0.417036
0.0154164
0.97776
0.50174
0.282524
0.918269
0.681909
0.457577
0.83694
0.897226
0.175356
0.537976
0.303006
0.909922
0.425115
0.509237
0.178831
0.672721
0.437731
0.958854
0.99312
0.719288
0.848702
0.814876
0.349247
0.617054
0.451879
0.18258
0.587637
0.473437
0.120339
0.796352
0.243883
0.0495193
0.691405
0.0120812
0.81803
0.444024
0.820324
0.717238
0.150697
0.729167
0.483957
0.742553
0.395429
0.402575
0.642159
0.496955
0.349086
0.205931
0.405712
0.555132
0.0671875
0.632403
0.271897
0.36459
0.965116
0.41285
0.0647389
0.343268
0.802764
0.23567
0.0804292
0.707085
0.487663
0.921178
0.294586
0.819223
0.397872
0.297639
0.563985
0.522167
0.557295
0.228471
0.805571
0.95946
0.53154
0.433878
0.961673
0.83007
0.0611347
0.421198
0.60188
0.872447
0.167183
0.0433729
0.117187
0.938856
0.308405
0.12169
0.906935
0.698445
0.426469
0.993696
0.797773
0.682472
0.121665
0.793302
0.480174
0.185127
0.604985
0.729725
0.219071
0.597672
0.111675
0.858326
0.394205
0.667394
0.527847
0.970892
0.582766
0.0698766
0.0192151
0.542132
0.392494
0.945131
0.212454
0.839556
0.196409
0.548291
0.868038
0.68729
0.563053
0.046308
0.237782
0.641767
0.325923
0.10561
0.909385
0.255102
0.697079
0.664354
0.884897
0.654566
0.459548
0.641895
0.608728
0.0593405
0.422923
0.315222
0.445336
0.566462
0.475031
0.794977
0.836792
0.536439
0.580232
0.930478
0.716653
0.871151
0.827801
0.738339
0.335749
0.573294
0.88037
0.965093
0.0936395
0.102657
0.823144
0.598815
0.81078
0.624986
0.208849
0.669811
0.617489
0.910639
0.904815
0.761477
0.271293
0.257255
0.769723
0.330165
0.168542
0.590668
0.510634
0.811129
0.941132
0.540311
0.337616
0.727622
0.16457
0.418996
0.647781
0.0160818
0.802568
0.742222
0.924995
0.841705
0.0966348
0.468372
0.175965
0.739212
0.517502
0.890842
0.368468
0.278162
0.716494
0.238998
0.22854
0.279463
0.572061
0.392669
0.698937
0.877394
0.477043
0.799543
0.641113
0.254079
0.578271
0.423557
0.840614
0.0754397
0.748139
0.266611
0.859668
0.792044
0.304518
0.778137
0.324119
0.400789
0.988933
0.493463
0.89094
0.640693
0.214666
0.657058
0.012614
0.0874749
0.935728
0.401862
0.116656
0.983123
0.0727186
0.577876
0.646799
0.607654
0.02039
0.0226667
0.960327
0.288717
0.57763
0.755744
0.880184
0.696727
0.257629
0.63399
0.217322
0.921036
0.173094
0.451728
0.752875
0.696502
0.649451
0.827659
0.127459
0.764244
0.110895
0.0552846
0.69007
0.825647
0.713424
0.750682
0.331632
0.650102
0.474797
0.470386
0.0728799
0.494047
0.613996
0.688254
0.719629
0.704949
0.217133
0.43745
0.573029
0.149581
0.936327
0.180091
0.851166
0.40045
0.0229166
0.863894
0.0175067
0.875661
0.167936
0.22984
0.620215
0.365658
0.355067
0.658922
0.260083
0.0584942
0.639807
0.161239
0.171153
0.79781
0.903112
0.896666
0.904122
0.338597
0.146006
0.119228
0.0127259
0.700683
0.128727
0.345933
0.315164
0.750457
0.418392
0.759639
0.158831
0.316706
0.80165
0.748352
0.837075
0.00829281
0.50301
0.571178
0.553292
0.560199
0.074597
0.885403
0.182163
0.653072
0.466302
0.393598
0.17708
0.0615953
0.743341
0.329809
0.085221
0.653482
0.472812
0.186207
0.858546
0.310226
0.80053
0.202827
0.657186
0.258937
0.445557
0.573836
0.301652
0.947433
0.571617
0.555691
0.652601
0.438658
0.853699
0.686067
0.929152
0.717758
0.159746
0.594672
0.600849
0.269685
0.987457
0.371789
0.318881
0.777408
0.216332
0.40729
0.711501
0.93747
0.625363
0.713876
0.212281
0.905196
0.168131
0.75828
0.126858
0.788386
0.718659
0.31943
0.96289
0.335735
0.371377
0.804614
0.669663
0.650404
0.822629
0.411388
0.0152239
0.258861
0.223776
0.973626
0.554199
0.936659
0.604658
0.854181
0.767509
0.850491
0.0271356
0.538773
0.366853
0.159781
0.370827
0.587826
0.829613
0.630743
0.514472
0.796807
0.938233
0.30829
0.326173
0.527962
0.633217
0.428722
0.954046
0.541712
0.542188
0.716441
0.613317
0.204666
0.957998
0.741699
0.569412
0.205527
0.2872
0.26442
0.466507
0.94226
0.553405
0.586421
0.973794
0.315952
0.898932
0.392049
0.631466
0.790691
0.262762
0.337974
0.237371
0.312076
0.0473276
0.0205641
0.780549
0.855529
0.68119
0.334738
0.672782
0.643741
0.8337
0.510073
0.614284
0.476788
0.623862
0.987926
0.442204
0.593046
0.275309
0.0855532
0.869487
0.440626
0.267478
0.0053022
0.173369
0.552682
0.718469
0.130149
0.146065
0.968725
0.788246
0.151269
0.805198
0.785797
0.543368
0.225455
0.853307
0.457574
0.761429
0.0134633
0.271705
0.761914
0.955088
0.0110217
0.152352
0.550181
0.11133
0.824351
0.691426
0.802909
0.676035
0.308966
0.247719
0.512117
0.0758316
0.514349
0.89211
0.942238
0.143257
0.261277
0.314372
0.485228
0.200116
0.0581752
0.331891
0.0743101
0.00438124
0.814222
0.257859
0.616551
0.0922907
0.826128
0.352234
0.78598
0.595749
0.420353
0.702802
0.257808
0.958095
0.022545
0.660338
0.906491
0.542167
0.859706
0.420313
0.711134
0.360384
0.165749
0.483801
0.752041
0.809082
0.214969
0.276575
0.223063
0.257079
0.218951
0.975486
0.961462
0.611542
0.10763
0.332281
0.659831
0.938904
0.430874
0.334424
0.806556
0.969519
0.190828
0.234476
0.54859
0.909706
0.467627
0.622899
0.0876449
0.175328
0.201961
0.34564
0.58446
0.653946
0.0778807
0.806163
0.626646
0.156696
0.964442
0.0691459
0.57606
0.252668
0.931972
0.806249
0.846208
0.733922
0.436403
0.316958
0.674413
0.274868
0.154663
0.507329
0.483304
0.81281
0.553138
0.376504
0.60498
0.364411
0.476662
0.818979
0.0847354
0.613751
0.360231
0.292394
0.443018
0.0572256
0.312622
0.228497
0.852273
0.509229
0.366479
0.364771
0.149858
0.94452
0.192772
0.852522
0.980484
0.854666
0.783788
0.311792
0.162075
0.0793494
0.862224
0.972915
0.440071
0.379064
0.938187
0.613907
0.43297
0.851184
0.203925
0.870651
0.248465
0.696083
0.312318
0.963596
0.448872
0.866621
0.200394
0.98528
0.872904
0.636435
0.647729
0.191964
0.117261
0.626551
0.21049
0.7157
0.887993
0.187858
0.298466
0.357659
0.398617
0.669716
0.634923
0.333433
0.114088
0.111874
0.73457
0.19981
0.573896
0.246975
0.763728
0.400695
0.553032
0.173267
0.779242
0.899048
0.576968
0.282374
0.323781
0.0312402
0.676226
0.932862
0.0145973
0.919992
0.756414
0.471736
0.715706
0.873595
0.546049
0.770542
0.813933
0.0293581
0.75997
0.198118
0.990052
0.911886
0.424182
0.549212
0.288188
0.262955
0.521456
0.995394
0.899819
0.707226
0.0199224
0.912146
0.656025
0.923183
0.679403
0.12707
0.944261
0.694642
0.78725
0.218081
0.728198
0.761127
0.748971
0.277402
0.0227171
0.853915
0.365434
0.431879
0.159023
0.256619
0.763289
0.872984
0.078289
0.316812
0.225525
0.220137
0.452286
0.0765693
0.721694
0.523384
0.769746
0.682828
0.640873
0.964088
0.644337
0.625438
0.560383
0.186167
0.371652
0.023285
0.274706
0.257631
0.788289
0.663049
0.79638
0.632764
0.822614
0.558371
0.736317
0.3592
0.95882
0.438414
0.44396
0.854064
0.0294825
0.250582
0.984506
0.826733
0.836865
0.684225
0.869805
0.896566
0.501652
0.355204
0.700448
0.329416
0.299299
0.713181
0.121055
0.961942
0.896038
0.558114
0.0917488
0.728707
0.893843
0.504283
0.136586
0.339851
0.949704
0.562352
0.0267909
0.61562
0.442671
0.707375
0.194043
0.991614
0.0828511
0.887502
0.925593
0.870764
0.0241266
0.958668
0.86836
0.812204
0.598814
0.964882
0.476186
0.748323
0.910681
0.07826
0.632593
0.590357
0.526416
0.45348
0.573636
0.338321
0.79308
0.200847
0.983714
0.0613779
0.647922
0.483964
0.0947282
0.132697
0.732508
0.0826043
0.849387
0.0890971
0.901601
0.715329
0.0925827
0.978613
0.593089
0.892767
0.258686
0.693378
0.547892
0.719674
0.750912
0.880546
0.331798
0.508003
0.188474
0.368469
0.832672
0.0396731
0.316529
0.93091
0.666887
0.585465
0.924646
0.176346
0.982505
0.0684984
0.902987
0.782447
0.312097
0.135359
0.135893
0.406945
0.333202
0.400706
0.125517
0.510084
0.964717
0.97992
0.0116718
0.472538
0.932712
0.00174469
0.763469
0.671982
0.323276
0.29865
0.497653
0.184068
0.714559
0.163848
0.192964
0.449957
0.450963
0.747221
0.901741
0.888277
0.0882844
0.944066
0.553529
0.394112
0.926742
0.83116
0.580942
0.956105
0.57021
0.91778
0.345864
0.409446
0.802864
0.536385
0.496062
0.448698
0.405793
0.713894
0.925351
0.428233
0.581313
0.075456
0.198554
0.938989
0.496609
0.737201
0.597805
0.267497
0.653933
0.114148
0.555776
0.959915
0.682643
0.723534
0.909012
0.527213
0.35832
0.538759
0.755025
0.684523
0.595294
0.864471
0.807838
0.604705
0.536445
0.754681
0.613302
0.769755
0.499824
0.693379
0.787004
0.555984
0.525647
0.297618
0.878691
0.637699
0.683354
0.886519
0.430492
0.251598
0.529513
0.356848
0.937782
0.813428
0.942632
0.0290624
0.75168
0.270841
0.20501
0.500032
0.0618103
0.663438
0.802557
0.501932
0.481112
0.977951
0.870591
0.0462184
0.932589
0.328116
0.662062
0.300942
0.460838
0.290307
0.564457
0.768881
0.641981
0.410277
0.412207
0.531412
0.962345
0.309629
0.0936708
0.436252
0.323985
0.501832
0.69971
0.42436
0.246513
0.924713
0.0686827
0.78818
0.0469557
0.27132
0.674304
0.191454
0.0153852
0.68225
0.00437143
0.669869
0.77058
0.124135
0.226708
0.451342
0.63997
0.125501
0.56941
0.110397
0.98408
0.92336
0.378184
0.945804
0.390485
0.4663
0.411372
0.921339
0.468367
0.90703
0.120504
0.150381
0.65051
0.631631
0.167615
0.108146
0.579594
0.883668
0.702231
0.794935
0.721275
0.507031
0.351469
0.0328509
0.870088
0.766368
0.490839
0.750251
0.322324
0.75185
0.762185
0.781364
0.494286
0.62259
0.262251
0.559781
0.0992976
0.885506
0.317721
0.599917
0.78677
0.808628
0.99572
0.657727
0.973076
0.101966
0.459453
0.300894
0.185759
0.0986696
0.551139
0.0225259
0.978415
0.639547
0.97964
0.962674
0.988289
0.0915353
0.870444
0.150722
0.438737
0.21891
0.353428
0.482492
0.546952
0.989527
0.663809
0.480002
0.779846
0.453024
0.536337
0.877264
0.163725
0.412668
0.0167359
0.304804
0.554907
0.444719
0.243345
0.421139
0.287837
0.321692
0.820751
0.310451
0.599459
0.866291
0.0541732
0.564535
0.932828
0.538139
0.619707
0.1193
0.254509
0.473324
0.483048
0.99437
0.291816
0.140174
0.375271
0.842839
0.890781
0.197895
0.958187
0.1556
0.991741
0.501561
0.170784
0.864351
0.240087
0.264469
0.589469
0.712226
0.44101
0.740195
0.398715
0.16314
0.517467
0.700787
0.515063
0.874327
0.189508
0.622385
0.787881
0.243605
0.598691
0.415047
0.0210936
0.810027
0.00339387
0.171495
0.509765
0.906078
0.667487
0.888529
0.210361
0.585787
0.268535
0.428676
0.721241
0.388977
0.00262712
0.062231
0.661317
0.129141
0.186164
0.102343
0.138687
0.846696
0.70995
0.377423
0.055239
0.0865123
0.369043
0.314536
0.243856
0.272306
0.208207
0.936466
0.939003
0.535089
0.206204
0.537704
0.937994
0.402695
0.943415
0.218933
0.163371
0.149536
0.137192
0.327747
0.667578
0.260926
0.315268
0.615245
0.0651249
0.018846
0.395307
0.462955
0.630646
0.238536
0.503545
0.809279
0.566714
0.126953
0.5438
0.412196
0.397762
0.956821
0.0597184
0.640642
0.074696
0.179944
0.00275202
0.595232
0.852056
0.0415789
0.645646
0.245436
0.870582
0.390948
0.751957
0.598444
0.647432
0.840141
0.9857
0.56392
0.670049
0.606697
0.4481
0.497707
0.67936
0.918374
0.963001
0.0145563
0.483663
0.927407
0.410773
0.25506
0.75314
0.182099
0.595073
0.613601
0.470211
0.182892
0.293452
0.0517831
0.979559
0.500005
0.864926
0.590576
0.960848
0.817228
0.130308
0.215058
0.833566
0.461019
0.961473
0.240983
0.911799
0.524238
0.890595
0.216275
0.173589
0.444546
0.591571
0.536943
0.480018
0.321783
0.959283
0.301892
0.031927
0.763041
0.462343
0.912116
0.664753
0.975637
0.0266285
0.353261
0.729779
0.996065
0.312514
0.595273
0.517893
0.366955
0.0421471
0.756939
0.135
0.906642
0.79677
0.479498
0.982301
0.428313
0.909575
0.101879
0.136927
0.458252
0.0161384
0.938462
0.0212537
0.159994
0.498474
0.105276
0.622922
0.512872
0.963709
0.276928
0.75824
0.755479
0.311461
0.207343
0.221843
0.529093
0.321929
0.172246
0.499321
0.264746
0.722976
0.0711357
0.193875
0.567346
0.450713
0.553592
0.26042
0.469308
0.0568035
0.896339
0.920076
0.14218
0.515245
0.724286
0.140465
0.298718
0.389383
0.343872
0.422611
0.222294
0.589637
0.782787
0.241805
0.66344
0.896689
0.747532
0.181125
0.629739
0.551103
0.412612
0.506093
0.0613341
0.0677525
0.803354
0.278881
0.00779309
0.135047
0.372111
0.571852
0.997786
0.139313
0.00762647
0.0695311
0.447298
0.34834
0.0995321
0.0164157
0.0880651
0.670699
0.784372
0.683029
0.245862
0.885662
0.500819
0.238586
0.712385
0.51936
0.875045
0.414893
0.833126
0.0502305
0.217461
0.550934
0.904974
0.368326
0.00432144
0.312457
0.126586
0.662642
0.083166
0.793938
0.738748
0.207068
0.46267
0.86902
