0.554358
0.0209109
0.932682
0.687779
0.609056
0.214135
0.0733604
0.936229
0.766366
0.166486
0.171054
0.446699
0.368602
0.324236
0.862837
0.53957
0.0739765
0.496756
0.316574
0.206854
0.68114
0.650024
0.00641652
0.88209
0.171629
0.956115
0.0694507
0.632325
0.577235
0.00419063
0.458658
0.698828
0.129873
0.551417
0.0110696
0.624059
0.104195
0.753617
0.919408
0.639615
0.148063
0.777559
0.872824
0.142938
0.439351
0.565539
0.343098
0.728902
0.741408
0.464026
0.197567
0.605965
0.570298
0.584265
0.0323884
0.181648
0.565701
0.14956
0.741681
0.503371
0.135956
0.205577
0.926305
0.0471236
0.370333
0.0278929
0.548086
0.891386
0.915779
0.145664
0.629894
0.889463
0.312111
0.405713
0.119321
0.0648373
0.727469
0.675083
0.473863
0.981529
0.264327
0.609498
0.237911
0.558027
0.29962
0.125082
0.362534
0.584435
0.595673
0.230778
0.909494
0.648096
0.0531301
0.964674
0.958419
0.843648
0.107008
0.576544
0.763716
0.74595
0.340117
0.428746
0.288347
0.500601
0.693859
0.135212
0.632412
0.67629
0.364263
0.617814
0.504797
0.683138
0.428082
0.527521
0.380353
0.0514892
0.994291
0.624339
0.347105
0.796068
0.498419
0.319797
0.84572
0.759096
0.680751
0.393562
0.579304
0.87023
0.308879
0.600596
0.884097
0.954356
0.893411
0.291218
0.52678
0.265158
0.840342
0.599071
0.849704
0.384787
0.642092
0.435576
0.141252
0.564122
0.724554
0.229612
0.0442893
0.250575
0.0458917
0.674786
0.862699
0.0352401
0.791838
0.967966
0.85366
0.965324
0.265134
0.282728
0.577699
0.687285
0.520371
0.341913
0.286215
0.784143
0.977853
0.355549
0.136754
0.719015
0.230047
0.0418202
0.799783
0.824972
0.46275
0.552759
0.28641
0.543941
0.87453
0.461797
0.860254
0.0589672
0.696457
0.590271
0.831898
0.79039
0.231596
0.658823
0.694682
0.0982176
0.206007
0.396936
0.888013
0.767842
0.700944
0.405873
0.0764309
0.18511
0.599669
0.561594
0.268592
0.233233
0.696867
0.622888
0.082851
0.72317
0.608554
0.574017
0.774023
0.338556
0.00440107
0.895014
0.912149
0.416491
0.807085
0.480562
0.0599875
0.354996
0.230396
0.057417
0.679112
0.666844
0.00950184
0.34237
0.945377
0.239645
0.10166
0.49203
0.0388252
0.171496
0.77542
0.905421
0.940032
0.65079
0.650451
0.793266
0.687496
0.70494
0.465275
0.673962
0.0316169
0.82058
0.475782
0.530493
0.555122
0.316894
0.60552
0.535861
0.631719
0.261562
0.990989
0.123655
0.118246
0.476948
0.936496
0.133416
0.0716886
0.964653
0.958002
0.175848
0.00459411
0.310856
0.166687
0.44527
0.0486361
0.979368
0.520899
0.494999
0.886479
0.796269
0.269576
0.947641
0.670219
0.806132
0.870622
0.112529
0.883805
0.779353
0.653981
0.158987
0.935111
0.245779
0.633854
0.262644
0.499904
0.815405
0.918557
0.162499
0.492235
0.997301
0.623552
0.43869
0.339635
0.277481
0.0574185
0.793485
0.500979
0.906031
0.726571
0.691519
0.138128
0.293238
0.627469
0.906963
0.416336
0.404255
0.831727
0.112165
0.36159
0.395931
0.533023
0.998653
0.581477
0.998338
0.579051
0.932358
0.241514
0.629651
0.128057
0.248843
0.257941
0.158616
0.699465
0.912456
0.334729
0.0836683
0.59324
0.109644
0.514142
0.0702994
0.824913
0.979967
0.366159
0.528777
0.527614
0.229961
0.918416
0.214611
0.377202
0.766056
0.635685
0.802965
0.507002
0.069055
0.405924
0.30801
0.892635
0.39764
0.700433
0.0517329
0.0807577
0.121177
0.988088
0.427748
0.692612
0.545363
0.239306
0.113115
0.797479
0.793735
0.117552
0.286824
0.549798
0.225435
0.740318
0.0583337
0.606306
0.424157
0.683462
0.878741
0.991652
0.12353
0.632991
0.959475
0.817622
0.8883
0.406069
0.371651
0.539565
0.58726
0.912866
0.315138
0.306339
0.607745
0.764488
0.217221
0.451493
0.85133
0.611747
0.476506
0.289425
0.184255
0.155426
0.593942
0.0298656
0.493185
0.0532253
0.194571
0.582564
0.322314
0.0161892
0.219491
0.585489
0.549991
0.777316
0.897736
0.481082
0.957326
0.741464
0.663317
0.81358
0.343712
0.403478
0.345687
0.55171
0.110791
0.824785
0.169059
0.0876845
0.560894
0.48147
0.0900182
0.895889
0.128695
0.48344
0.185029
0.688949
0.740732
0.682478
0.44385
0.410398
0.893837
0.552359
0.588181
0.491926
0.343052
0.736554
0.851459
0.0960723
0.622803
0.76727
0.48825
0.449958
0.246069
0.85974
0.128191
0.999047
0.519297
0.684933
0.575155
0.311658
0.43361
0.0277855
0.787064
0.277723
0.374937
0.274488
0.839786
0.0520177
0.573894
0.44112
0.470296
0.133139
0.234718
0.153368
0.402976
0.848266
0.0665511
0.461649
0.0308928
0.0916366
0.115078
0.328197
0.232819
0.829119
0.805089
0.988608
0.606822
0.800597
0.731757
0.770768
0.527042
0.413512
0.658226
0.232138
0.843651
0.189513
0.79686
0.542596
0.942365
0.624131
0.801777
0.975402
0.124009
0.932752
0.134795
0.0077859
0.210206
0.888908
0.698817
0.751632
0.215582
0.818486
0.892749
0.00490261
0.119587
0.359358
0.89168
0.689363
0.1921
0.279245
0.865653
0.319501
0.757518
0.200347
0.903174
0.339171
0.617666
0.950039
0.423775
0.0859444
0.252946
0.753442
0.801623
0.490232
0.323928
0.498976
0.405096
0.55026
0.202134
0.604937
0.0393448
0.564451
0.944296
0.44252
0.763265
0.428071
0.582384
0.0854743
0.167321
0.551821
0.112899
0.755181
0.896807
0.17796
0.452951
0.54958
0.143843
0.908925
0.858034
0.287167
0.260456
0.327927
0.743942
0.148751
0.71099
0.0766856
0.854022
0.589811
0.714766
0.119636
0.650323
0.817424
0.0694815
0.582103
0.243067
0.377734
0.904208
0.532253
0.937246
0.763556
0.669442
0.92611
0.316991
0.87498
0.271624
0.451792
0.548599
0.0740129
0.302572
0.137785
0.148539
0.998915
0.60664
0.0591463
0.951919
0.530072
0.920286
0.878478
0.460213
0.40209
0.489126
0.0234506
0.00196553
0.427636
0.651498
0.122318
0.893702
0.65951
0.441378
0.562791
0.50656
0.0449431
0.973187
0.709852
0.370594
0.490054
0.918682
0.519709
0.631237
0.373998
0.694656
0.161838
0.224922
0.10031
0.372074
0.586737
0.709078
0.690004
0.954232
0.060279
0.460593
0.0505179
0.21136
0.682139
0.056576
0.276988
0.396823
0.824054
0.54715
0.29541
0.623685
0.000177218
0.0188259
0.373909
0.836845
0.555002
0.010385
0.774733
0.876087
0.75636
0.270749
0.944191
0.0336471
0.178024
0.297264
0.226312
0.1797
0.415264
0.112737
0.748042
0.334398
0.782844
0.132098
0.505271
0.359877
0.788145
0.675131
0.741247
0.807833
0.897259
0.374629
0.822255
0.772531
0.581483
0.477598
0.68771
0.951814
0.912304
0.807446
0.713006
0.294233
0.791433
0.230374
0.902969
0.339665
0.141581
0.735861
0.0751199
0.570071
0.603679
0.151718
0.578
0.988973
0.115398
0.0483752
0.016429
0.310654
0.606173
0.953584
0.240995
0.573864
0.493179
0.488133
0.156367
0.204973
0.46976
0.403615
0.428923
0.757827
0.411995
0.585255
0.773916
0.338758
0.507195
0.933026
0.0923172
0.542761
0.868902
0.540805
0.490702
0.940693
0.705056
0.229285
0.0653335
0.62094
0.23665
0.482053
0.0439248
0.875332
0.736121
0.853747
0.00841864
0.723328
0.717847
0.939092
0.382633
0.608718
0.979705
0.408395
0.961386
0.280612
0.177957
0.170779
0.278494
0.101631
0.237812
0.0356011
0.91448
0.783253
0.519286
0.945571
0.0583104
0.760151
0.222065
0.187419
0.651599
0.887261
0.748366
0.913703
0.0401625
0.674736
0.932928
0.940935
0.116356
0.0852416
0.0655056
0.354549
0.104464
0.253898
0.908884
0.140317
0.817461
0.643615
0.306913
0.871637
0.292991
0.254993
0.59966
0.622044
0.810543
0.076628
0.102598
0.935853
0.642611
0.517917
0.734081
0.76204
0.490435
0.0134516
0.81568
0.965325
0.197275
0.671796
0.195475
0.92793
0.918515
0.296966
0.516417
0.131626
0.106439
0.566824
0.632699
0.155959
0.0435447
0.903116
0.232996
0.469633
0.447576
0.988725
0.228823
0.137934
0.349758
0.55156
0.881945
0.127502
0.350835
0.169194
0.979411
0.937016
0.311033
0.0273644
0.762631
0.0540065
0.815793
0.184593
0.378377
0.449088
0.528112
0.738092
0.482561
0.0994096
0.269261
0.862637
0.494263
0.788192
0.285676
0.923583
0.763605
0.530694
0.681667
0.136089
0.847562
0.354351
0.740075
0.232085
0.150438
0.0619323
0.742457
0.9362
0.412567
0.97638
0.338175
0.360682
0.0633741
0.872427
0.602962
0.567972
0.275366
0.763028
0.607825
0.519954
0.0938697
0.271074
0.0786982
0.0346052
0.222277
0.964617
0.292525
0.462668
0.680513
0.199097
0.571303
0.054992
0.657147
0.0517545
0.918866
0.190493
0.790792
0.276314
0.870974
0.126303
0.289311
0.71302
0.762002
0.708782
0.693722
0.899738
0.706659
0.784728
0.332146
0.190528
0.474868
0.804205
0.313501
0.320961
0.146095
0.665108
0.632055
0.360425
0.413222
0.354336
0.100196
0.309365
0.0788889
0.0284463
0.251092
0.357887
0.887837
0.664112
0.695966
0.344911
0.767135
0.191414
0.0815507
0.0442326
0.0159559
0.0132443
0.372778
0.774928
0.338936
0.722948
0.250496
0.581853
0.926755
0.5494
0.844912
0.889767
0.898012
0.534713
0.814363
0.85718
0.518302
0.695511
0.444229
0.950416
0.350246
0.98309
0.570466
0.359068
0.276244
0.315228
0.904593
0.82276
0.843553
0.431997
0.265496
0.771118
0.62858
0.21047
0.461278
0.745979
0.756778
0.554671
0.828151
0.190871
0.470041
0.973924
0.52574
0.33119
0.256653
0.964847
0.702252
0.658774
0.426007
0.880211
0.625851
0.536152
0.720077
0.824733
0.259709
0.177945
0.816216
0.891782
0.152031
0.872504
0.272893
0.612446
0.510704
0.583521
0.872457
0.444744
0.354412
0.275088
0.18677
0.899849
0.658577
0.436325
0.0419077
0.166514
0.623386
0.717188
0.0130834
0.694426
0.897722
0.713415
0.353355
0.165816
0.870079
0.153892
0.818307
0.648752
0.653928
0.343262
0.180478
0.381952
0.987877
0.447509
0.720602
0.784035
0.186974
0.398001
0.0415262
0.50491
0.740946
0.521756
0.704078
0.729639
0.96693
0.757719
0.557991
0.646532
0.310852
0.454862
0.209061
0.248865
0.961357
0.916266
0.0825887
0.0867108
0.641394
0.806877
0.899228
0.436755
0.76979
0.548502
0.72157
0.365526
0.966674
0.48425
0.155631
0.234991
0.231948
0.716317
0.67755
0.122128
0.323113
0.469601
0.199328
0.719403
0.0212712
0.237995
0.052353
0.665998
0.707344
0.0753745
0.0810545
0.30556
0.842534
0.551949
0.573024
0.358881
0.597553
0.661012
0.0826041
0.789739
0.168209
0.506364
0.482116
0.899235
0.703198
0.118644
0.308818
0.685375
0.498053
0.656345
0.907984
0.251515
0.617749
0.287525
0.231789
0.325816
0.533988
0.688139
0.380828
0.75292
0.955339
0.837567
0.812791
0.873585
0.670302
0.0914349
0.0284931
0.801247
0.492573
0.962601
0.335097
0.898705
0.0325068
0.67135
0.457256
0.612494
0.645547
0.656571
0.110295
0.94067
0.996416
0.648666
0.43236
0.0322495
0.995896
0.181649
0.195923
0.973685
0.621763
0.111009
0.538366
0.393813
0.707608
0.332001
0.146827
0.851915
0.589204
0.807925
0.371142
0.644795
0.499261
0.991976
0.718069
0.646871
0.830936
0.37668
0.0513833
0.0210253
0.673855
0.318465
0.701771
0.00293638
0.956988
0.0683891
0.718532
0.453392
0.232643
0.122799
0.347965
0.69507
0.143565
0.790207
0.756135
0.505579
0.906797
0.343625
0.763838
0.61434
0.677049
0.560026
0.25728
0.959495
0.953267
0.231009
0.511605
0.494177
0.524818
0.858529
0.683649
0.424211
0.425266
0.920825
0.049535
0.870903
0.326252
0.103563
0.761605
0.208837
0.752194
0.0995918
0.0692876
0.465953
0.913627
0.507658
0.958955
0.333891
0.434669
0.250216
0.97981
0.57025
0.969828
0.418322
0.184205
0.266317
0.948092
0.0671566
0.981299
0.961266
0.0137144
0.951662
0.532964
0.790123
0.949709
0.196348
0.378765
0.84742
0.629779
0.324185
0.719661
0.152002
0.89867
0.835467
0.53235
0.281263
0.511417
0.659598
0.259224
0.577456
0.326454
0.386124
0.501799
0.0127801
0.441439
0.0159462
0.102253
0.611755
0.178459
0.713831
0.943159
0.719639
0.219498
0.116159
0.274135
0.517811
0.946271
0.166075
0.973746
0.213736
0.605746
0.147088
0.847174
0.323078
0.596555
0.42575
0.453538
0.888169
0.0127803
0.429326
0.930951
0.390996
0.705087
0.354351
0.986714
0.116671
0.312555
0.771398
0.9126
0.0042041
0.469769
0.801182
0.726535
0.758369
0.394988
0.795558
0.414836
0.119196
0.661263
0.562278
0.429563
0.466136
0.865677
0.955485
0.0843628
0.529159
0.0747889
0.815088
0.0112395
0.269365
0.71242
0.886132
0.743325
0.494887
0.195284
0.313986
0.333749
0.176228
0.993123
0.636389
0.695378
0.10762
0.535935
0.644916
0.258973
0.820912
0.518857
0.0175366
0.178318
0.341977
0.121346
0.66071
0.257793
0.480956
0.981684
0.849512
0.621272
0.337048
0.460356
0.326096
0.274462
0.494308
0.273842
0.852677
0.286075
0.20154
0.542162
0.204524
0.0111699
0.377439
0.840312
0.693683
0.00299732
0.272505
0.3616
0.423743
0.709577
0.380406
0.89792
0.632616
0.938255
0.658253
0.510682
0.912651
0.335
0.579988
0.354063
0.70746
0.719639
0.748715
0.604492
0.146808
0.348807
0.0246353
0.323843
0.535957
0.0578092
0.44767
0.15223
0.7186
0.703291
0.64733
0.0365763
0.870832
0.457544
0.780992
0.768888
0.570739
0.561961
0.00840805
0.990973
0.351711
0.763368
0.228026
0.421598
0.527071
0.217857
0.352864
0.552756
0.638538
0.439574
0.189636
0.376814
0.402146
0.266083
0.732898
0.308606
0.480063
0.106153
0.175272
0.69097
0.0253406
0.0753477
0.581075
0.396144
0.408775
0.712559
0.0337533
0.177822
0.907344
0.589682
0.432773
0.117622
0.712838
0.563892
0.0173483
0.710734
0.81964
0.395573
0.278268
0.327918
0.774886
0.0281013
0.822862
0.524323
0.858637
0.697707
0.389826
0.0630112
0.742196
0.909961
0.948579
0.138303
0.931451
0.0242968
0.0176707
0.381003
0.709927
0.658387
0.553356
0.766094
0.196304
0.481628
0.163485
0.904402
0.276698
0.0637413
0.615038
0.36692
0.844562
0.765486
0.870646
0.582832
0.42246
0.122265
0.125114
0.909607
0.109483
0.196611
0.492799
0.980061
0.275312
0.764556
0.417123
0.718728
0.844879
0.85676
0.279423
0.415379
0.561624
0.71448
0.269085
0.118817
0.932262
0.546615
0.62352
0.0408321
0.757229
0.510171
0.576568
0.767594
0.941006
0.312566
0.574834
0.109071
0.839702
0.0594417
0.0979418
0.738626
0.41209
0.887698
0.134802
0.300611
0.871088
0.642708
0.780127
0.549971
0.35647
0.50263
0.44365
0.528684
0.650442
0.928161
0.00218703
0.414566
0.7473
0.80774
0.422853
0.747363
0.643237
0.928613
0.831541
0.535823
0.230833
0.257751
0.0326609
0.809733
0.680962
0.291392
0.503293
0.848625
0.48149
0.360401
0.540611
0.408079
0.0740121
0.720144
0.392316
0.625354
0.485415
0.350108
0.501939
0.375914
0.607014
0.141421
0.599852
0.785885
0.731162
0.362039
0.884981
0.638374
0.437785
0.221976
0.83148
0.762085
0.00248417
0.940346
0.145878
0.857611
0.890724
0.913047
0.903685
0.238661
0.93566
0.948337
0.977229
0.987464
0.820652
0.236586
0.373854
0.910244
0.0325283
0.208021
0.311093
0.79119
0.328517
0.690914
0.458322
0.950977
0.79428
0.220916
0.847462
0.850403
0.833374
0.581751
0.530538
0.0700331
0.85636
0.981611
0.065279
0.171047
0.716873
0.56262
0.733169
0.0403234
0.910636
0.46557
0.0933431
0.982042
0.555231
0.48969
0.138603
0.479489
0.887549
0.746424
0.787305
0.918076
0.224679
0.590488
0.898819
0.302691
0.375666
0.587432
0.938823
0.00208577
0.881131
0.723769
0.159037
0.93185
0.519761
0.305804
0.888837
0.77585
0.611448
0.766378
0.397196
0.667542
0.261102
0.598055
0.394939
0.735623
0.342139
0.200983
0.427698
0.292632
0.443807
0.336628
0.527085
0.976283
0.0945772
0.0571785
0.335034
0.334383
0.494697
0.439164
0.880438
0.339028
0.287602
0.792877
0.826898
0.159173
0.014996
0.455759
0.890234
0.3076
0.991644
0.152507
0.204984
0.931064
0.517074
0.12312
0.366498
0.270007
0.811471
0.571689
0.421603
0.780292
0.799964
0.733997
0.317778
0.395903
0.373055
0.414969
0.0219124
0.735027
0.575861
0.888389
0.327154
0.634429
0.54123
0.744213
0.247527
0.85104
0.487263
0.964617
0.393211
0.222222
0.645766
0.450103
0.180977
0.158246
0.619506
0.43368
0.637842
0.581501
0.0364061
0.758098
0.572489
0.0570827
0.225949
0.0059102
0.610194
0.700844
0.426894
0.980233
0.812359
0.356758
0.0489138
0.87986
0.608931
0.0665377
0.229234
0.644346
0.367234
0.55134
0.745159
0.566268
0.927026
0.39903
0.134833
0.126508
0.614502
0.467804
0.560792
0.575704
0.117345
0.412085
0.427261
0.133603
0.0592945
0.634367
0.791883
0.0919935
0.420252
0.182866
0.993792
0.260618
0.434121
0.812396
0.415152
0.454262
0.381702
0.766289
0.254472
0.686171
0.453488
0.841542
0.568593
0.241861
0.0695439
0.897094
0.123691
0.542865
0.0399179
0.579367
0.653854
0.177141
0.499955
0.00589505
0.670257
0.562974
0.973866
0.107845
0.0565476
0.624147
0.0250664
0.538561
0.528509
0.464636
0.521645
0.589923
0.996976
0.882468
0.159197
0.416577
0.65641
0.506609
0.0313985
0.891436
0.611536
0.393934
0.433296
0.659012
0.336753
0.31603
0.0472982
0.32214
0.269372
0.58024
0.240046
0.00841274
0.125066
0.4976
0.710203
0.729111
0.77815
0.866953
0.81414
0.218334
0.251323
0.493495
0.226417
0.259041
0.23783
0.0827496
0.113695
0.913043
0.156935
0.430524
0.977569
0.310138
0.24403
0.860081
0.985585
0.0167335
0.150776
0.348972
0.234338
0.68273
0.165822
0.246278
0.626081
0.634973
0.190746
0.761175
0.599421
0.0544442
0.071981
0.969781
0.320867
0.58525
0.777975
0.818448
0.277695
0.706949
0.547849
0.191119
0.212214
0.19015
0.420152
0.411773
0.314394
0.42195
0.770578
0.828211
0.376087
0.138484
0.0245428
0.770593
0.406542
0.423872
0.349017
0.89339
0.545474
0.434879
0.398053
0.393944
0.800431
0.05066
0.135006
0.30937
0.567418
0.365478
0.230083
0.706954
0.239572
0.786901
0.63954
0.694402
0.612832
0.153391
0.265262
0.396663
0.775882
0.00939598
0.461456
0.541874
0.58885
0.485989
0.277841
0.405765
0.862406
0.452068
0.749224
0.599453
0.327885
0.380195
0.986485
0.794346
0.429993
0.843993
0.337468
0.0869885
0.684039
0.0122979
0.64638
0.359389
0.324547
0.4257
0.247668
0.829295
0.741941
0.26559
0.523877
0.694134
0.283305
0.87131
0.807863
0.685956
0.106861
0.434477
0.649416
0.260278
0.823865
0.517081
0.999325
0.168748
0.151454
0.0225978
0.569422
0.797323
0.0483247
0.272063
0.351383
0.673921
0.896568
0.357127
0.957722
0.998474
0.489741
0.524413
0.695498
0.666837
0.603149
0.389655
0.383451
0.703362
0.385057
0.871222
0.0285841
0.0177057
0.329713
0.678958
0.967827
0.797305
0.583637
0.719788
0.958739
0.265916
0.099955
0.17673
0.372654
0.866356
0.266286
0.57393
0.107605
0.338018
0.0607317
0.65433
0.571387
0.486801
0.217192
0.55147
0.0228396
0.930577
0.0694198
0.769925
0.980873
0.74793
0.312588
0.73684
0.348214
0.84948
0.750693
0.419513
0.047384
0.20968
0.844601
0.886289
0.904667
0.370759
0.332591
0.672511
0.0808413
0.420095
0.839111
0.0823413
0.210344
0.863832
0.825373
0.574106
0.0522303
0.383597
0.0437188
0.404693
0.271794
0.493075
0.97692
0.589876
0.0748397
0.155354
0.164019
0.155279
0.894688
0.141189
0.209304
0.535377
0.759903
0.385073
0.612244
0.0529489
0.43482
0.26029
0.500723
0.989487
0.257958
0.794529
0.404219
0.733832
0.335489
0.00112863
0.22033
0.706556
0.881335
0.959265
0.0164042
0.803109
0.121993
0.366744
0.74222
0.123024
0.495517
0.215189
0.725303
0.691203
0.492176
0.484006
0.544921
0.0528936
0.840528
0.347704
0.304223
0.977508
0.363112
0.596224
0.433617
0.690843
0.539607
0.591521
0.792091
0.717132
0.0754052
0.566469
0.501684
0.495983
0.865832
0.0222133
0.985583
0.225846
0.899196
0.46751
0.567683
0.837791
0.51307
0.430065
0.273416
0.230944
0.528755
0.373176
0.0965293
0.444776
0.914606
0.351442
0.578112
0.125386
0.124562
0.482927
0.782152
0.488092
0.63409
0.30053
0.978415
0.972621
0.159896
0.0997522
0.299572
0.714187
0.910604
0.967652
0.468445
0.270346
0.0613293
0.546138
0.564703
0.470294
0.307424
0.151409
0.46267
0.848399
0.681556
0.613655
0.715751
0.587406
0.442243
0.530042
0.690317
0.191752
0.686775
0.795585
0.0145348
0.475768
0.98921
0.450966
0.644833
0.796698
0.671191
0.388731
0.57762
0.0097725
0.377091
0.796667
0.258134
0.887837
0.273056
0.0132145
0.393643
0.533866
0.167162
0.524285
0.690745
0.700476
0.665216
0.580728
0.952924
0.258235
0.0120708
0.671341
0.437753
0.145283
0.472646
0.81588
0.20857
0.00912092
0.301334
0.79834
0.224374
0.829346
0.236096
0.744616
0.0364233
0.211366
0.27429
0.15814
0.720735
0.519797
0.928105
0.505992
0.858362
0.687553
0.219473
0.698468
0.524698
0.711886
0.1876
0.572722
0.501095
0.860988
0.922436
0.141249
0.87301
0.762508
0.205103
0.0014191
0.946385
0.754785
0.901031
0.0177971
0.525495
0.831829
0.654865
0.929305
0.378959
0.294411
0.80965
0.913441
0.792619
0.656837
0.514957
0.745376
0.0521259
0.074513
0.265389
0.861636
0.583701
0.897703
0.371693
0.344992
0.406755
0.471348
0.94905
0.936758
0.280429
0.808763
0.401812
0.920167
0.571459
0.952407
0.193808
0.294723
0.769779
0.176355
0.0186492
0.913001
3.72805e-05
0.450763
0.417577
0.190264
0.235418
0.599232
0.586558
0.373942
0.561772
0.0628763
0.0194187
0.0296215
0.0858767
0.609041
0.232491
0.775114
0.585922
0.236076
0.986153
0.82933
0.127424
0.355503
0.01006
0.605644
0.850782
0.368729
0.954397
0.377322
0.174611
0.445344
0.155262
0.169876
0.59648
0.986287
0.398502
0.709635
0.285247
0.546064
0.316271
0.399646
0.519446
0.599886
0.119034
0.984718
0.609755
0.730061
0.807214
0.046467
0.65495
0.144652
0.508144
0.0777012
0.562134
0.199532
0.317458
0.865039
0.162524
0.78314
0.732507
0.446155
0.967783
0.00920414
0.588857
0.388906
0.948102
0.230013
0.440798
0.919572
0.768849
0.451136
0.937326
0.291591
0.214864
0.475669
0.671644
0.969214
0.678732
0.893827
0.566666
0.471908
0.247633
0.271848
0.551542
0.0299488
0.20964
0.911701
0.904101
0.472261
0.124275
0.0786075
0.473438
0.0173404
0.658025
0.752043
0.133333
0.136174
0.773377
0.0526976
0.38681
0.237861
0.959509
0.399042
0.779533
0.443307
0.961278
0.46046
0.275352
0.244336
0.663256
0.300892
0.379415
0.191706
0.981996
0.0484157
0.287281
0.947564
0.619089
0.397793
0.188684
0.125253
0.706797
0.725788
0.974011
0.450165
0.933291
0.511158
0.609511
0.650462
0.16479
0.629675
0.883203
0.936628
0.230709
0.609842
0.971508
0.825992
0.775731
0.374069
0.00904318
0.650918
0.295196
0.239924
0.947203
0.883301
0.695036
0.0118368
0.483334
0.386765
0.336383
0.0427911
0.931153
0.493646
0.267555
0.694347
0.414914
0.906869
0.249091
0.325015
0.301829
0.87793
0.394747
0.142609
0.17283
0.0845154
0.0785731
0.165797
0.913779
0.229422
0.759609
0.497114
0.898539
0.367854
0.877484
0.0823716
0.828672
0.409887
0.9299
0.290776
0.314584
0.973525
0.1843
0.139866
0.193809
0.12226
0.506963
0.153148
0.164628
0.322331
0.354942
0.915509
0.833787
0.0764946
0.841402
0.29585
0.0764851
0.290376
0.616011
0.123542
0.861183
0.44925
0.755264
0.649154
0.211265
0.309574
0.447947
0.732609
0.875043
0.113073
0.796976
0.0638379
0.386193
0.323284
0.728225
0.102411
0.98052
0.83519
0.787435
0.470539
0.0151309
0.206483
0.297051
0.668421
0.769578
0.411959
0.210421
0.0568528
0.330636
0.865383
0.612535
0.729488
0.264808
0.127993
0.967028
0.389133
0.232855
0.990703
0.401678
0.999562
0.874452
0.645458
0.58045
0.124668
0.926545
0.311707
0.933949
0.441095
0.682266
0.732876
0.858339
0.223986
0.924675
0.975769
0.199881
0.182246
0.865893
0.777614
0.575604
0.852778
0.76032
0.0973668
0.0819629
0.430977
0.805664
0.224695
0.642224
0.306602
0.556659
0.885051
0.383826
0.776273
0.929646
0.351373
0.548063
0.564483
0.251533
0.491838
0.503136
0.606724
0.32027
0.447092
0.548762
0.541978
0.250845
0.845562
0.487215
0.80548
0.379668
0.183017
0.521033
0.175442
0.0741474
0.976768
0.243609
0.249448
0.830515
0.851777
0.0354614
0.448038
0.0937184
0.993175
0.609545
0.474036
0.183974
0.123991
0.540115
0.89222
0.496695
0.365902
0.384815
0.988386
0.0603388
0.463673
0.225324
0.664784
0.845986
0.563986
0.760241
0.683539
0.574355
0.292438
0.204075
0.290539
0.422953
0.140419
0.502196
0.543051
0.322474
0.923091
0.23955
0.303653
0.779147
0.122096
0.563617
0.888166
0.860148
0.188521
0.69134
0.14385
0.580704
0.503603
0.110444
0.474395
0.645599
0.310395
0.315032
0.144977
0.808838
0.373383
0.599341
0.141304
0.789238
0.649834
0.752997
0.819007
0.783455
0.564768
0.859233
0.549785
0.874165
0.748069
0.807639
0.47394
0.995713
0.048362
0.32937
0.702137
0.819959
0.579282
0.983384
0.82114
0.409202
0.759737
0.503105
0.450716
0.202001
0.0297072
0.320877
0.219095
0.924551
0.784372
0.379683
0.248881
0.311074
0.899377
0.855897
0.403712
0.607664
0.477847
0.84887
0.783249
0.380457
0.328428
0.81298
0.387093
0.789154
0.554765
0.542613
0.530535
0.394392
0.802505
0.202514
0.0763225
0.722502
0.0852521
0.656376
0.398518
0.280546
0.530822
0.897168
0.733625
0.882889
0.661344
0.411945
0.315454
0.39291
0.826446
0.396002
0.455989
0.635777
0.669694
0.208525
0.24931
0.680174
0.661903
0.598554
0.36655
0.548206
0.305052
0.2837
0.801937
0.88991
0.664569
0.608172
0.0339299
0.15571
0.698087
0.920444
0.534829
0.892203
0.0655948
0.431499
0.315154
0.537246
0.707384
0.346317
0.00459684
0.124496
0.469474
0.382348
0.176721
0.824284
0.823215
0.155503
0.670796
0.0927669
0.0215239
0.768367
0.957179
0.439458
0.347513
0.0970043
0.621039
0.380968
0.0639453
0.499909
0.784013
0.338847
0.267819
0.0139035
0.107502
0.65138
0.985304
0.369015
0.974736
0.137991
0.758938
0.757674
0.453199
0.293201
0.610632
0.307912
0.625039
0.1246
0.993829
0.367657
0.595475
0.964968
0.0622416
0.569171
0.967968
0.718082
0.699128
0.959265
0.7017
0.151303
0.444364
0.586123
0.277286
0.136205
0.702238
0.120553
0.276583
0.990751
0.111708
0.341259
0.66622
0.660595
0.885544
0.261358
0.773069
0.871571
0.45392
0.824397
0.198835
0.817992
0.00290664
0.678483
0.825866
0.712675
0.389172
0.0117029
0.207095
0.148169
0.606157
0.917687
0.653069
0.259482
0.879197
0.671853
0.406863
0.595187
0.314764
0.549325
0.949131
0.435263
0.577483
0.646264
0.394863
0.868291
0.724529
0.0118923
0.463192
0.611676
0.120433
0.0180918
0.0844918
0.579885
0.811359
0.872481
0.842431
0.570111
0.929883
0.483032
0.871022
0.703572
0.0145243
0.261276
0.96301
0.155021
0.876109
0.370883
0.273589
0.678242
0.895709
0.0117111
0.449545
0.175105
0.287706
0.360412
0.759548
0.472735
0.459219
0.264708
0.167569
0.800779
0.792642
0.230759
0.425197
0.9377
0.715569
0.0929448
0.933213
0.378352
0.188394
0.580086
0.625987
0.430734
0.769806
0.115541
0.945039
0.0865989
0.174783
0.390447
0.658075
0.5617
0.419223
0.0806483
0.717245
0.893584
0.771554
0.587557
0.229563
0.633279
0.0806074
0.252246
0.635603
0.265891
0.961178
0.713685
0.353809
0.279918
0.010764
0.787774
0.980888
0.0751377
0.467209
0.0384284
0.503886
0.698058
0.789672
0.727502
0.653684
0.976495
0.25145
0.45609
0.071803
0.920005
0.9965
0.395719
0.0244979
0.872606
0.31626
0.857214
0.851311
0.689185
0.904954
0.873157
0.840165
0.801909
0.556639
0.752438
0.915477
0.404613
0.0901461
0.9361
0.584634
0.233649
0.344027
0.508903
0.778293
0.149709
0.543644
0.384764
0.16126
0.920487
0.160731
0.396096
0.14898
0.728474
0.988534
0.0169269
0.903581
0.342853
0.860961
0.959802
0.559967
0.133251
0.574803
0.485423
0.0219332
0.463756
0.528049
0.514528
0.898559
0.151732
0.851485
0.19954
0.353321
0.0426193
0.150266
0.230356
0.807382
0.478529
0.500034
0.705279
0.115612
0.536638
0.520391
0.957023
0.179402
0.534527
0.838508
0.670635
0.538051
0.188656
0.131752
0.11992
0.637678
0.165581
0.647784
0.0709087
0.947223
0.4113
0.622513
0.17866
0.600676
0.581603
0.0307311
0.980034
0.582747
0.627553
0.270569
0.323395
0.475748
0.769508
0.8465
0.927583
0.747988
0.855714
0.514598
0.659446
0.211004
0.235555
0.637675
0.59558
0.904652
0.916739
0.457963
0.467119
0.171134
0.17553
0.830793
0.142493
0.820691
0.677222
0.287206
0.763351
0.66105
0.0623577
0.947812
0.968744
0.238864
0.264855
0.624037
0.235539
0.768685
0.141484
0.981377
0.477482
0.443422
0.243907
0.761774
0.69423
0.511608
0.420388
0.0668877
0.921057
0.312849
0.995761
0.63178
0.323688
0.160805
0.807084
0.882159
0.590016
0.189568
0.237853
0.541179
0.890485
0.608462
0.171516
0.443854
0.831736
0.835141
0.685673
0.857739
0.625838
0.366463
0.284024
0.902917
0.723557
0.205449
0.202871
0.142871
0.401149
0.0824702
0.71652
0.644258
0.754274
0.195809
0.264466
0.0642227
0.540861
0.531481
0.289689
0.517165
0.830332
0.85554
0.929736
0.859118
0.397878
0.156713
0.942962
0.966792
0.269309
0.953554
0.955232
0.752995
0.781638
0.572774
0.0155763
0.434948
0.631303
0.824157
0.200626
0.411901
0.960144
0.0656161
0.412423
0.779698
0.550686
0.6843
0.549993
0.859255
0.318857
0.21169
0.401099
0.814284
0.639333
0.375158
0.340907
0.225121
0.736009
0.0191661
0.111107
0.258836
0.611167
0.0642543
0.0671069
0.438267
0.996662
0.446126
0.189094
0.111681
0.273623
0.00611258
0.25218
0.092773
0.78324
0.956584
0.690334
0.110311
0.892868
0.962256
0.396453
0.853537
0.562032
0.117084
0.537985
0.837823
0.549088
0.444547
0.925387
0.987941
0.45211
0.418889
0.595065
0.33945
0.437756
0.0709389
0.179663
0.971318
0.5533
0.463327
0.386039
0.608115
0.473468
0.696167
0.677821
0.667526
0.737329
0.184721
0.297912
0.317386
0.853107
0.863717
0.430706
0.975518
0.766542
0.350077
0.34283
0.521726
0.70525
0.77214
0.970199
0.00172891
0.828906
0.72759
0.910274
0.476643
0.645228
0.37211
0.423026
0.813757
0.140625
0.243405
0.96521
0.290216
0.178965
0.0177684
0.756775
0.260828
0.487497
0.957766
0.535459
0.108834
0.69405
0.319367
0.376065
0.221401
0.394839
0.898573
0.923662
0.576368
0.0635416
0.228397
0.595922
0.720979
0.914453
0.461502
0.165807
0.344883
0.811505
0.142758
0.750488
0.77399
0.438912
0.0932823
0.388304
0.0355653
0.934397
0.750401
0.585003
0.641373
0.184994
0.191838
0.515794
0.575326
0.681043
0.340152
0.317542
0.923979
0.360051
0.255681
0.709778
0.621281
0.285966
0.738419
0.718062
0.0495955
0.434981
0.857203
0.713314
0.194837
0.989986
0.628214
0.867998
0.148793
0.694989
0.589099
0.154195
0.535778
0.193717
0.740779
0.291034
0.95821
0.812603
0.223415
0.203822
0.93935
0.0508875
0.813701
0.0117814
0.0857283
0.716341
0.982779
0.580517
0.0509306
0.651396
0.331204
0.196245
0.107603
0.534586
0.00557274
0.0683024
0.277203
0.984359
0.388732
0.590377
0.58662
0.334325
0.641221
0.155514
0.661054
0.718808
0.262924
0.454407
0.833546
0.520176
0.837438
0.694516
0.197052
0.0464202
0.833873
0.0946809
0.475712
0.163619
0.324037
0.0981597
0.99
0.893931
0.373977
0.0293753
0.32981
0.398334
0.87095
0.506641
0.31936
0.706908
0.444034
0.996651
0.217523
0.359284
0.943788
0.614399
0.663748
0.472986
0.440439
0.429505
0.106251
0.539483
0.872033
0.816284
0.462753
0.515097
0.456457
0.194438
0.860649
0.0174405
0.342059
0.264199
0.147189
0.950478
0.318725
0.841834
0.65851
0.334636
0.0366261
0.505879
0.609261
0.665364
0.0872193
0.171363
0.994706
0.572044
0.98279
0.235656
0.598148
0.92258
0.117018
0.394338
0.791636
0.905919
0.177117
0.114874
0.0308465
0.318739
0.859507
0.33461
0.475734
0.944054
0.0336524
0.631772
0.812947
0.508919
0.970836
0.868217
0.238796
0.344224
0.0464819
0.567747
0.584779
0.0330521
0.836839
0.658759
0.922592
0.937224
0.0218502
0.0888487
0.18665
0.903383
0.859956
0.556178
0.242975
0.880926
0.645398
0.30398
0.468812
0.334442
0.362769
0.757939
0.0352533
0.899303
0.198908
0.976637
0.0768886
0.218049
0.140549
0.389444
0.712071
0.0326466
0.649763
0.491096
0.968511
0.933679
0.296794
0.198527
0.219218
0.980455
0.0241475
0.394145
0.246869
0.0597296
0.278724
0.0885294
0.0320389
0.927939
0.137947
0.742446
0.671807
0.9259
0.209322
0.528733
0.202878
0.0682145
0.818214
0.451126
0.812556
0.440833
0.332608
0.954062
0.971208
0.420959
0.993673
0.381451
0.866053
0.156783
0.349706
0.413712
0.718082
0.563397
0.350081
0.291091
0.484555
0.861027
0.890222
0.533598
0.962511
0.906472
0.373983
0.160228
0.957217
0.595322
0.355444
0.114495
0.956839
0.0067703
0.648371
0.191229
0.730179
0.413913
0.278503
0.159628
0.370564
0.0799349
0.14668
0.822138
0.466496
0.914737
0.175291
0.782142
0.0493768
0.258181
0.721883
0.293316
0.40896
0.286761
0.141453
0.949639
0.421263
0.900425
0.778959
0.92197
0.560306
0.778797
0.0557454
0.742459
0.291565
0.0248929
0.0209005
0.279755
0.532128
0.751322
0.153683
0.956624
0.180227
0.398742
0.541645
0.155914
0.926596
0.194106
0.499908
0.181853
0.401066
0.678359
0.062866
0.995886
0.297928
0.67631
0.855739
0.187982
0.858873
0.699453
0.00952521
0.993001
0.270551
0.822606
0.699246
0.808953
0.278666
0.0849299
0.0224098
0.20143
0.326684
0.432616
0.595595
0.0659702
0.836147
0.396611
0.777821
0.0480626
0.0603488
0.122448
0.197236
0.319417
0.7257
0.552093
0.435324
0.313393
0.0244765
0.919098
0.195227
0.663667
0.148173
0.223149
0.202971
0.777534
0.356448
0.6549
0.0468676
0.0440973
0.0381739
0.587273
0.665582
0.969569
0.200402
0.333529
0.551445
0.68626
0.868995
0.124013
0.143814
0.0824967
0.54577
0.20773
0.232341
0.563208
0.775817
0.123645
0.217733
0.833372
0.340893
0.270742
0.890883
0.895831
0.865759
0.527333
0.461635
0.547083
0.805803
0.276601
0.131701
0.757687
0.116992
0.769425
0.914198
0.974656
0.562039
0.270154
0.617834
0.466087
0.131777
0.41731
0.693833
0.892845
0.0391219
0.992786
0.966327
0.702763
0.658473
0.588062
0.987271
0.824255
0.284902
0.28305
0.865017
0.497296
0.396414
0.593707
0.641107
0.45863
0.456487
0.912177
0.552303
0.564758
0.293509
0.144926
0.321029
0.609565
0.719204
0.893965
0.306877
0.909049
0.552154
0.119942
0.0457506
0.0425013
0.0380316
0.277062
0.951058
0.509359
0.821489
0.790266
0.646567
0.157052
0.408415
0.705271
0.446605
0.251645
0.0446449
0.95861
0.728299
0.802856
0.471549
0.792769
0.0959884
0.416963
0.0840943
0.770482
0.258814
0.624742
0.145115
0.251615
0.576281
0.00843635
0.0461562
0.924169
0.707743
0.41213
0.802678
0.798377
0.853139
0.749065
0.863851
0.327318
0.398316
0.24458
0.472842
0.797118
0.132493
0.790621
0.881586
0.089599
0.0746648
0.453979
0.51395
0.871034
0.284508
0.744477
0.969046
0.856773
0.699976
0.227806
0.0449132
0.335121
0.908479
0.713982
0.96895
0.0180943
0.330465
0.508113
0.48948
0.569164
0.956806
0.940182
0.0130119
0.545228
0.191137
0.486074
0.0209135
0.669032
0.0460911
0.180577
0.353888
0.877094
0.242437
0.897349
0.879125
0.70548
0.153524
0.989588
0.0735699
0.23246
0.989234
0.604879
0.292808
0.0949556
0.0114061
0.592573
0.0619501
0.97769
0.708311
0.289723
0.505705
0.792292
0.854272
0.276899
0.890521
0.518964
0.751645
0.549261
0.111791
0.904831
0.0709706
0.726381
0.78406
0.738696
0.711842
0.998864
0.700814
0.738311
0.104768
0.652774
0.920888
0.688772
0.167983
0.794533
0.770349
0.349306
0.361863
0.390174
0.825849
0.589802
0.145406
0.0820931
0.107979
0.962144
0.323748
0.554968
0.869921
0.425896
0.588562
0.678376
0.0345391
0.0948955
0.762232
0.650864
0.161937
0.953756
0.345436
0.970594
0.0584978
0.166095
0.0248887
0.685448
0.518187
0.808617
0.985326
0.774876
0.730276
0.0458799
0.96576
0.592066
0.975161
0.192469
0.929888
0.537384
0.894747
0.762505
0.100979
0.40022
0.0850645
0.133527
0.0496467
0.568612
0.152835
0.0544425
0.400476
0.471442
0.204202
0.182969
0.773439
0.606704
0.910945
0.610297
0.426673
0.379649
0.944216
0.99737
0.198325
0.991171
0.948475
0.266449
0.105045
0.391565
0.669981
0.381357
0.760108
0.43607
0.575629
0.313788
0.535583
0.823287
0.131462
0.657818
0.758172
0.526541
0.184873
0.0523137
0.423734
0.283086
0.29989
0.449608
0.289479
0.697058
0.957346
0.723896
0.130906
0.473291
0.583222
0.543507
0.0738436
0.593192
0.572779
0.753022
0.0823653
0.352288
0.0781963
0.882019
0.145536
0.835653
0.313948
0.447419
0.683334
0.869651
0.28454
0.22972
0.53915
0.379893
0.100799
0.867202
0.424559
0.140514
0.416058
0.435788
0.200968
0.0679725
0.977265
0.744658
0.548515
0.910322
0.179793
0.401499
0.219293
0.807051
0.361125
0.342621
0.746216
0.706352
0.59239
0.295058
0.428228
0.233076
0.297154
0.400589
0.939258
0.630543
0.904402
0.821953
0.255824
0.38574
0.125341
0.810735
0.958773
0.494242
0.0174774
0.889175
0.965604
0.626127
0.455388
0.537982
0.373284
0.886667
0.95617
0.850201
0.817718
0.588243
0.22467
0.218866
0.316286
0.737596
0.465868
0.263778
0.357586
0.262876
0.258439
0.054289
0.640906
0.888855
0.762817
0.884264
0.94638
0.296376
0.153672
0.0889511
0.505793
0.886065
0.0329793
0.592255
0.421658
0.909141
0.382097
0.00817224
0.462015
0.694781
0.0380893
0.0741737
0.285523
0.763261
0.118968
0.00471724
0.943318
0.82102
0.461281
0.996972
0.340257
0.292043
0.171397
0.189507
0.625569
0.658392
0.868962
0.825883
0.0304444
0.245416
0.788027
0.39808
0.0995711
0.351252
0.774646
0.65439
0.0181339
0.151912
0.72481
0.334291
0.400779
0.731679
0.405087
0.800483
0.256042
0.269077
0.139865
0.57302
0.591447
0.284893
0.376656
0.397987
0.74458
0.431077
0.895286
0.500284
0.908036
0.00497883
0.24371
0.758539
0.410395
0.0850513
0.289191
0.319816
0.0189693
0.427905
0.398779
0.791991
0.349232
0.39466
0.0816487
0.79886
0.478102
0.0434654
0.70315
0.927828
0.466374
0.662612
0.885755
0.175285
0.799837
0.554794
0.786857
0.971946
0.1232
0.088907
0.579188
0.88083
0.435514
0.589977
0.916355
0.166119
0.925134
0.56603
0.593081
0.719448
0.906523
0.889088
0.135736
0.245833
0.365783
0.34371
0.85515
0.704234
0.665685
0.524175
0.846428
0.142174
0.432453
0.133907
0.10737
0.403444
0.37044
0.351974
0.735313
0.306898
0.314663
0.0457501
0.190786
0.814666
0.979717
0.385489
0.732914
0.8819
0.0134836
0.727827
0.684525
0.56444
0.617269
0.882139
0.792797
0.752772
0.057838
0.995343
0.214533
0.76726
0.984153
0.154036
0.154368
0.311823
0.148284
0.804378
0.517373
0.356049
0.270965
0.593538
0.595225
0.182353
0.820462
0.283207
0.332542
0.106725
0.250527
0.12847
0.740579
0.524529
0.0945933
0.573185
0.647207
0.941272
0.0774411
0.553949
0.934736
0.0177812
0.766452
0.947821
0.809516
0.862269
0.0127623
0.398847
0.664237
0.129135
0.953377
0.789806
0.412456
0.377641
0.315299
0.260667
0.601443
0.0969165
0.773482
0.6271
0.852201
0.896925
0.65581
0.424187
0.429502
0.459896
0.417385
0.295852
0.807032
0.00841679
0.853804
0.419426
0.202668
0.534342
0.177157
0.62817
0.309265
0.896002
0.367891
0.852999
0.555326
0.682676
0.281993
0.416983
0.559843
0.834237
0.0724765
0.966167
0.192468
0.964113
0.971792
0.767745
0.449939
0.894753
0.749929
0.166011
0.843924
0.159709
0.0877749
0.673668
0.659954
0.56418
0.730768
0.752432
0.0741109
0.640967
0.137198
0.721607
0.28631
0.819202
0.736801
0.64368
0.918051
0.737032
0.684605
0.430724
0.764354
0.380292
0.187855
0.426427
0.721136
0.97554
0.238188
0.809747
0.634763
0.0514096
0.858435
0.635703
0.296164
0.783874
0.669267
0.487885
0.982712
0.717451
0.126289
0.883899
0.493997
0.999532
0.479587
0.375712
0.483071
0.120141
0.688508
0.747583
0.389435
0.728903
0.853096
0.896443
0.255627
0.552956
0.660729
0.694531
0.960448
0.415711
0.762071
0.0900476
0.582619
0.0953318
0.700852
0.843791
0.809693
0.396825
0.351305
0.686669
0.226827
0.157377
0.273329
0.304008
0.861628
0.19876
0.0293328
0.115363
0.226625
0.926746
0.377853
0.859901
0.0322567
0.279343
0.37676
0.35238
0.117883
0.659146
0.629464
0.560671
0.675145
0.289059
0.1398
0.312445
0.100713
0.349711
0.497337
0.328844
0.951374
0.0293338
0.749506
0.990873
0.677678
0.946835
0.604547
0.769486
0.653277
0.284571
0.630231
0.687098
0.190214
0.339592
0.975722
0.133223
0.802694
0.807409
0.874447
0.62106
0.936272
0.226634
0.427648
0.830728
0.242877
0.829905
0.27554
0.383599
0.438701
0.139672
0.308671
0.772407
0.0345351
0.352115
0.724968
0.40851
0.825691
0.0184554
0.76472
0.758438
0.325861
0.351559
0.575747
0.633375
0.0150954
0.84026
0.0181819
0.171214
0.104424
0.482434
0.364884
0.367336
0.485685
0.420871
0.326044
0.420857
0.697186
0.143859
0.907534
0.811278
0.270903
0.905012
0.584112
0.198645
0.668279
0.838139
0.234019
0.653055
0.103457
0.673881
0.327297
0.861477
0.554215
0.853143
0.89732
0.176629
0.4282
0.784053
0.30958
0.996998
0.11503
0.554268
0.471539
0.812147
0.609575
0.309654
0.493241
0.391791
0.164697
0.681066
0.873857
0.995718
0.352009
0.560661
0.0504429
0.44611
0.982385
0.214184
0.436479
0.552593
0.224152
0.110704
0.668853
0.69748
0.485
0.343645
0.957691
0.760792
0.730013
0.633337
0.44796
0.481306
0.083034
0.497278
0.214993
0.56162
0.23819
0.38732
0.797409
0.00259099
0.378431
0.124565
0.945005
0.739812
0.0536052
0.59081
0.799807
0.119258
0.147735
0.267887
0.759833
0.750351
0.692835
0.549512
0.550309
0.231221
0.558973
0.0400592
0.534685
0.230685
0.213037
0.884107
0.955141
0.356613
0.0930089
0.743921
0.0391243
0.362886
0.197696
0.00384575
0.679085
0.0790203
0.337904
0.266036
0.792836
0.224069
0.730513
0.587552
0.810016
0.360901
0.140031
0.68726
0.465726
0.531068
0.558106
0.625462
0.895414
0.0925479
0.739279
0.887822
0.0112861
0.786666
0.268902
0.983019
0.785361
0.677807
0.909562
0.279359
0.766944
0.0801182
0.321805
0.536015
0.935463
0.482708
0.191033
0.63995
0.525973
0.488647
0.326582
0.172136
0.00567923
0.692689
0.427598
0.950174
0.849873
0.102428
0.585715
0.834751
0.457081
0.970398
0.863055
0.930844
0.277747
0.939135
0.442007
0.149952
0.418993
0.920799
0.416109
0.557745
0.141576
0.775413
0.94451
0.792753
0.476956
0.568151
0.884105
0.61895
0.769731
0.115473
0.18702
0.297523
0.812836
0.402814
0.512951
0.95469
0.000584776
0.0108634
0.194092
0.536427
0.847858
0.00253025
0.86397
0.170286
0.0687778
0.831536
0.298551
0.244389
0.412248
0.581502
0.916681
0.812921
0.539385
0.0871555
0.813037
0.818218
0.516975
0.239625
0.610262
0.268051
0.229756
0.27249
0.723431
0.223111
0.389186
0.480977
0.436148
0.0294293
0.953526
0.916353
0.364433
0.41465
0.514534
0.50352
0.66366
0.254848
0.480124
0.523136
0.644328
0.567149
0.51696
0.526438
0.348699
0.886891
0.750949
0.737341
0.431326
0.858161
0.0427941
0.525019
0.455827
0.844143
0.886483
0.904888
0.466567
0.743433
0.188967
0.14903
0.729805
0.829249
0.978623
0.266459
0.412446
0.989404
0.151317
0.80724
0.659776
0.199453
0.665209
0.788194
0.593563
0.711963
0.850792
0.276468
0.628859
0.51911
0.906725
0.044178
0.935788
0.301157
0.468344
0.113303
0.514459
0.980344
0.722382
0.0534686
0.755378
0.597686
0.742447
0.174741
0.953972
0.108548
0.185683
0.85919
0.330376
0.224324
0.41739
0.951173
0.213638
0.431942
0.0321072
0.987131
0.500064
0.422986
0.233145
0.0642353
0.933357
0.76026
0.676952
0.804617
0.191518
0.685389
0.243871
0.40246
0.123134
0.582872
0.175842
0.376323
0.534858
0.491716
0.941526
0.318237
0.0715663
0.89639
0.629261
0.984846
0.643473
0.933883
0.906092
0.640373
0.461966
0.28708
0.898853
0.166576
0.284827
0.579731
0.993718
0.0209724
0.0183495
0.14989
0.408247
0.0132699
0.0015901
0.314916
0.238538
0.359195
0.754697
0.907677
0.252627
0.522535
0.370688
0.894881
0.869535
0.414546
0.677312
0.661857
0.7361
0.405014
0.557278
0.375893
0.710227
0.356185
0.726438
0.265548
0.23047
0.991353
0.753823
0.788161
0.202002
0.73522
0.62843
0.953324
0.542719
0.204638
0.761598
0.75454
0.05678
0.324057
0.56225
0.279424
0.603489
0.126054
0.340439
0.562152
0.3269
0.51398
0.524227
0.696833
0.183008
0.148676
0.715517
0.587901
0.142221
0.557039
0.28683
0.688127
0.648724
0.116772
0.345236
0.416349
0.893878
0.297862
0.544568
0.401163
0.731635
0.745018
0.0366822
0.621817
0.989827
0.98039
0.404934
0.0399518
0.32037
0.684822
0.636735
0.629681
0.104911
0.210063
0.759059
0.515678
0.301863
0.690269
0.831216
0.296832
0.790891
0.0588463
0.653724
0.780731
0.0918393
0.393893
0.633518
0.967086
0.933923
0.0226158
0.321834
0.449071
0.854078
0.840829
0.612744
0.137841
0.237663
0.841645
0.737454
0.988455
0.646877
0.14959
0.789283
0.408502
0.416154
0.235957
0.442369
0.348854
0.68564
0.150041
0.401679
0.00617974
0.752142
0.452128
0.409401
0.334411
0.398833
0.393938
0.975896
0.46007
0.230658
0.329338
0.630463
0.630422
0.157014
0.0101532
0.266606
0.512108
0.754125
0.315132
0.416488
0.250244
0.740761
0.334464
0.677472
0.242305
0.6964
0.235365
0.609027
0.496339
0.292623
0.243575
0.114563
0.457985
0.190106
0.050841
0.112117
0.881401
0.984553
0.899106
0.600251
0.887802
0.905348
0.762675
0.734429
0.526757
0.706422
0.305588
0.649517
0.35219
0.650263
0.201432
0.591204
0.447662
0.31605
0.680266
0.164954
0.704805
0.904223
0.47822
0.00642519
0.335401
0.351089
0.645395
0.88435
0.276423
0.685733
0.539345
0.042742
0.304819
0.326772
0.957565
0.543823
0.147174
0.348764
0.34911
0.663656
0.364065
0.996506
0.373156
0.359993
0.688571
0.387163
0.181731
0.914222
0.863769
0.937843
0.621536
0.257738
0.0220019
0.375112
0.722432
0.734235
0.181616
0.0986098
0.168011
0.510599
0.512222
0.610069
0.429679
0.814293
0.997145
0.4736
0.299081
0.0321111
0.742442
0.0343788
0.160396
0.0164639
0.312182
0.675741
0.309378
0.63383
0.24286
0.471488
0.624847
0.703816
0.911512
0.368945
0.142283
0.312134
0.955536
0.969034
0.0539293
0.896271
0.228519
0.65189
0.707995
0.408145
0.20884
0.853352
0.788369
0.227233
0.272116
0.91321
0.0589395
0.798439
0.835459
0.347216
0.144229
0.0770004
0.799765
0.992837
0.229671
0.710323
0.707785
0.3352
0.844044
0.00509758
0.549097
0.082097
0.214854
0.908611
0.910178
0.0524894
0.286432
0.360879
0.98566
0.776174
0.408606
0.360482
0.130181
0.678138
0.636568
0.871461
0.245943
0.29991
0.483739
0.0489321
0.854542
0.448022
0.0286796
0.113549
0.876595
0.937485
0.125444
0.57597
0.290233
0.0859796
0.966649
0.746244
0.132778
0.288777
0.642703
0.597114
0.676671
0.814417
0.855822
0.162411
0.724575
0.771693
0.882966
0.875488
0.957016
0.229761
0.754253
0.808166
0.447124
0.590898
0.45348
0.698257
0.760986
0.773125
0.100267
0.688426
0.773326
0.589607
0.42137
0.981932
0.737797
0.0195672
0.25355
0.380908
0.577465
0.244092
0.883847
0.654221
0.807626
0.35565
0.198707
0.41823
0.677156
0.152134
0.645411
0.525369
0.699872
0.82469
0.578856
0.236583
0.42625
0.987119
0.140554
0.437954
0.712798
0.0278464
0.748701
0.433729
0.817082
0.797233
0.455988
0.417307
0.92487
0.548325
0.0926806
0.72818
0.343153
0.823481
0.398368
0.900122
0.484234
0.274626
0.66123
0.619053
0.661216
0.668532
0.224044
0.179394
0.641371
0.011857
0.930789
0.424361
0.0901638
0.0646919
0.777932
0.314064
0.539607
0.292873
0.480321
0.460992
0.312296
0.716125
0.638813
0.760631
0.883588
0.902787
0.380064
0.968738
0.306321
0.795306
0.499363
0.517234
0.185652
0.833446
0.00945276
0.66224
0.659289
0.802291
0.461365
0.491882
0.412038
0.217603
0.851967
0.767723
0.761108
0.247154
0.592249
0.476084
0.567038
0.414926
0.322721
0.306227
0.592805
0.440935
0.599737
0.424843
0.624068
0.184149
0.341807
0.677741
0.896876
0.496681
0.180327
0.127862
0.651831
0.895853
0.856341
0.356753
0.846188
0.89376
0.0811468
0.718411
0.279744
0.954148
0.466467
0.942869
0.426781
0.7699
0.726796
0.566645
0.685839
0.34359
0.665265
0.321662
0.0971762
0.0620248
0.45214
0.636662
0.0313878
0.360094
0.175129
0.214529
0.829278
0.468762
0.523228
0.936683
0.693776
0.582018
0.988759
0.796985
0.847733
0.594284
0.67863
0.829424
0.10654
0.221284
0.200178
0.842569
0.775391
0.90486
0.104935
0.881497
0.664289
0.587359
0.650808
0.856178
0.0667987
0.551634
0.943437
0.695822
0.062915
0.324967
0.846332
0.450271
0.0894798
0.590014
0.464495
0.47973
0.506689
0.198744
0.463189
0.64288
0.834448
0.514653
0.591251
0.594689
0.759084
0.734551
0.60762
0.552385
0.270325
0.337686
0.80762
0.282903
0.646988
0.49859
0.0640568
0.547977
0.802162
0.966501
0.274022
0.113936
0.601906
0.508707
0.952238
0.947699
0.0470047
0.388484
0.933574
0.999122
0.794163
0.365989
0.591983
0.401824
0.504332
0.296986
0.170057
0.438152
0.345141
0.754561
0.552245
0.841569
0.0958131
0.0640254
0.735765
0.327222
0.662251
0.22949
0.304708
0.159641
0.440319
0.672071
0.00747069
0.878122
0.0951111
0.397502
0.684248
0.153341
0.778667
0.123038
0.289864
0.651942
0.94146
0.661071
0.66308
0.703485
0.62302
0.154254
0.736919
0.710047
0.76227
0.688381
0.485024
0.444711
0.748298
0.797701
0.98525
0.415414
0.515029
0.663998
0.857336
0.0377453
0.1135
0.697095
0.752927
0.209907
0.421983
0.405782
0.181385
0.429551
0.617437
0.940638
0.672093
0.163907
0.225679
0.665728
0.875358
0.871904
0.913106
0.661194
0.168111
0.55652
0.814967
0.941677
0.0238909
0.790645
0.644459
0.39268
0.0396688
0.421329
0.356075
0.986313
0.296649
0.319855
0.548499
0.313853
0.722698
0.290656
0.0860014
0.817343
0.73038
0.30337
0.936337
0.610014
0.662211
0.817218
0.105138
0.142808
0.0851728
0.706701
0.845476
0.305967
0.312205
0.232557
0.463985
0.381199
0.19902
0.71756
0.794105
0.529504
0.0231173
0.248339
0.803347
0.773512
0.895042
0.31218
0.0568664
0.379436
0.664108
0.239961
0.938757
0.435258
0.570979
0.470435
0.874843
0.853571
0.27959
0.440395
0.350404
0.0870885
0.896013
0.545206
0.971747
0.727596
0.0970371
0.758404
0.900492
0.541823
0.149114
0.845843
0.908459
0.630766
0.357039
0.0621507
0.468901
0.442362
0.104355
0.2999
0.523443
0.238118
0.0661232
0.961819
0.692075
0.667612
0.0183921
0.591423
0.397693
0.876485
0.473018
0.362545
0.739078
0.989379
0.491867
0.121399
0.508441
0.172878
0.0888293
0.902241
0.269276
0.280665
0.531541
0.0809707
0.570218
0.391185
0.321822
0.303232
0.357332
0.324214
0.949858
0.0581418
0.438918
0.099871
0.626282
0.14387
0.218414
0.902377
0.855705
0.169963
0.729691
0.928573
0.282722
0.763465
0.643514
0.893696
0.84073
0.81657
0.425076
0.43663
0.851584
0.24497
0.326979
0.0178546
0.403165
0.251678
0.983745
0.87797
0.21081
0.129538
0.887247
0.512903
0.658523
0.58123
0.889885
0.843928
0.248333
0.364631
0.507942
0.887163
0.0496689
0.307942
0.512832
0.659836
0.708217
0.634963
0.485801
0.169737
0.140775
0.942939
0.114424
0.842494
0.53626
0.498721
0.537231
0.985575
0.330533
0.319408
0.24919
0.935004
0.0280741
0.608191
0.906038
0.912665
0.930045
0.290461
0.492451
0.491115
0.319971
0.707762
0.0729118
0.0299168
0.387834
0.379303
0.122689
0.558049
0.716913
0.400462
0.993876
0.862127
0.739755
0.245957
0.525214
0.717027
0.817046
0.252068
0.226869
0.431044
0.639883
0.875737
0.147922
0.96681
0.34662
0.616341
0.485929
0.372277
0.661528
0.29996
0.56705
0.670028
0.689135
0.212852
0.457228
0.59079
0.0251532
0.132803
0.544887
0.661039
0.984742
0.264602
0.0985134
0.847818
0.0217948
0.919513
0.484861
0.215193
0.48436
0.0995819
0.0733799
0.298826
0.354624
0.114081
0.528903
0.516002
0.126424
0.808681
0.697587
0.129432
0.41282
0.687002
0.4886
0.626724
0.789905
0.943741
0.801881
0.132975
0.868329
0.519926
0.147029
0.00541637
0.337702
0.927321
0.705359
0.28501
0.10358
0.335797
0.57744
0.771027
0.531356
0.569806
0.00962139
0.138459
0.504524
0.741405
0.0114788
0.902515
0.60849
0.557405
0.937964
0.513255
0.816214
0.645605
0.498733
0.771945
0.658622
0.41888
0.31898
0.896874
0.147593
0.566668
0.445401
0.704103
0.936277
0.94944
0.260551
0.258429
0.326633
0.542244
0.332334
0.875843
0.585279
0.307119
0.346848
0.381438
0.981808
0.340419
0.695456
0.961865
0.285014
0.524895
0.246596
0.27683
0.615959
0.600427
0.124625
0.686078
0.506794
0.345448
0.758098
0.190296
0.813363
0.953987
0.173577
0.145155
0.355311
0.597088
0.41464
0.537993
0.495325
0.427798
0.215001
0.379103
0.852918
0.0235283
0.527657
0.524646
0.400444
0.00909257
0.882222
0.946659
0.965723
0.281677
0.280304
0.0683622
0.146976
0.727548
0.764067
0.967173
0.681087
0.377481
0.435273
0.363879
0.351247
0.18132
0.829266
0.829143
0.350392
0.0441602
0.528967
0.990304
0.102946
0.831043
0.878138
0.792471
0.795159
0.421136
0.633736
0.959837
0.515934
0.14142
0.264697
0.077655
0.200083
0.514741
0.706706
0.747858
0.884183
0.503681
0.414272
0.72374
0.783635
0.309764
0.883168
0.834661
0.408704
0.773922
0.405907
0.169976
0.476676
0.735379
0.379863
0.158423
0.448057
0.624929
0.732238
0.191791
0.374247
0.287868
0.587901
0.502895
0.376704
0.976578
0.139015
0.500713
0.668575
0.852851
0.945428
0.836238
0.516174
0.955678
0.635006
0.256136
0.78572
0.0937568
0.67424
0.598236
0.178737
0.535053
0.746562
0.216318
0.592586
0.635114
0.417435
0.687811
0.592284
0.056189
0.723286
0.817072
0.112678
0.350001
0.0683469
0.304412
0.109433
0.979739
0.376599
0.370278
0.73644
0.494451
0.20628
0.061924
0.517323
0.676239
0.555845
0.393339
0.520109
0.0165981
0.494884
0.938559
0.284819
0.701187
0.428146
0.517501
0.703288
0.521674
0.5712
0.490209
0.3634
0.969159
0.799187
0.160172
0.139688
0.390853
0.739699
0.894277
0.356612
0.253798
0.61938
0.896068
0.447529
0.631236
0.51136
0.281189
0.552883
0.584957
0.927876
0.352719
0.346312
0.116097
0.763912
0.65518
0.204344
0.509773
0.553543
0.101349
0.98097
0.710812
0.132504
0.195936
0.310128
0.788686
0.515864
0.235152
0.135396
0.881161
0.208648
0.411379
0.812287
0.723833
0.616552
0.861808
0.84101
0.48235
0.469548
0.693563
0.757886
0.0312551
0.162417
0.674122
0.331628
0.432697
0.633818
0.0046717
0.496945
0.386412
0.534651
0.695066
0.784917
0.061686
0.903493
0.601446
0.712012
0.135134
0.612558
0.79924
0.806803
0.0455413
0.293042
0.132143
0.00188654
0.220786
0.456127
0.0286237
0.872095
0.0788049
0.622321
0.101091
0.433553
0.527334
0.833869
0.0780278
0.574316
0.260149
0.885368
0.189933
0.0557789
0.508666
0.320654
0.88112
0.921621
0.392204
0.276774
0.286037
0.163334
0.544971
0.731042
0.736524
0.812934
0.182116
0.367505
0.901351
0.917657
0.729609
0.276245
0.610375
0.937006
0.767018
0.303713
0.539724
0.548397
0.653948
0.292262
0.378229
0.793371
0.491403
0.9371
0.748438
0.579822
0.199139
0.581919
0.539417
0.198199
0.780611
0.670423
0.0661206
0.0666396
0.563426
0.595184
0.71923
0.464057
0.934488
0.627333
0.555946
0.698367
0.250887
0.357649
0.455057
0.787401
0.902339
0.662195
0.344705
0.979189
0.560378
0.342731
0.618067
0.192592
0.686685
0.745516
0.998648
0.184071
0.0293539
0.230727
0.111596
0.587592
0.255438
0.100555
0.597704
0.725147
0.611829
0.695853
0.521475
0.642854
0.641025
0.0183094
0.724587
0.346893
0.734794
0.383426
0.416068
0.288874
0.376614
0.666092
0.94092
0.0457057
0.115241
0.310507
0.1903
0.0919634
0.0536081
0.445549
0.430191
0.00874398
0.803323
0.252089
0.0696146
0.928948
0.776386
0.456483
0.669173
0.305703
0.602511
0.668568
0.95723
0.88134
0.0291795
0.692964
0.252806
0.0429501
0.295728
0.0931678
0.697941
0.290468
0.0517549
0.0427936
0.983413
0.0484213
0.443112
0.570371
0.615028
0.344325
0.910132
0.180424
0.304208
0.729435
0.0757515
0.0830947
0.727765
0.233468
0.401438
0.910294
0.0558971
0.237756
0.116774
0.785706
0.749269
0.354194
0.91415
0.95814
0.78653
0.296512
0.630917
0.269128
0.166679
0.527068
0.301778
0.503112
0.103302
0.550848
0.00614082
0.305548
0.962657
0.452635
0.431988
0.676835
0.252608
0.33069
0.0188254
0.924595
0.383056
0.434995
0.395985
0.000245846
0.594818
0.157901
0.974453
0.657333
0.542063
0.347042
0.953908
0.766559
0.83795
0.843859
0.992386
0.77476
0.390999
0.146345
0.275799
0.731108
0.107967
0.0870446
0.148568
0.391017
0.386467
0.783641
0.114512
0.584006
0.175184
0.178446
0.309008
0.910452
0.164428
0.0388842
0.567569
0.0920003
0.214223
0.460418
0.209927
0.144115
0.196079
0.00100556
0.654648
0.75818
0.348763
0.4048
0.324865
0.470623
0.127791
0.186049
0.919091
0.875191
0.620189
0.488155
0.650181
0.364691
0.797225
0.900106
0.686581
0.609913
0.73637
0.767989
0.780522
0.874289
0.418357
0.390663
0.8699
0.0405511
0.895149
0.986753
0.0723114
0.328206
0.555354
0.207356
0.610894
0.980916
0.96416
0.316543
0.979417
0.255515
0.446305
0.937662
0.332248
0.519728
0.611449
0.338981
0.591643
0.223161
0.34878
0.80232
0.391801
0.641648
0.392797
0.144415
0.388254
0.981564
0.929497
0.694635
0.530479
0.688865
0.0689389
0.970456
0.806448
0.796559
0.94106
0.932611
0.847057
0.0520091
0.0872911
0.989988
0.936118
0.694971
0.769395
0.537435
0.77006
0.864758
0.739481
0.917781
0.0538419
0.928287
0.889646
0.407963
0.879433
0.779177
0.9657
0.505398
0.422384
0.641348
0.910041
0.326858
0.34115
0.981297
0.609479
0.888867
0.352836
0.373007
0.447885
0.458038
0.323073
0.27147
0.0706847
0.609154
0.859657
0.294942
0.983735
0.396068
0.849058
0.326134
0.967989
0.613315
0.920789
0.365945
0.0168732
0.512639
0.891301
0.0947756
0.523444
0.587142
0.398657
0.593166
0.290284
0.476762
0.111503
0.1233
0.777405
0.655618
0.61165
0.27064
0.474821
0.236372
0.102072
0.94754
0.831924
0.442146
0.487516
0.234059
0.507352
0.834295
0.0641764
0.920792
0.762752
0.2116
0.756591
0.99076
0.651704
0.387401
0.395062
0.906443
0.58933
0.927807
0.23235
0.434499
0.494952
0.367568
0.650819
0.216767
0.834464
0.137205
0.0723853
0.113438
0.557635
0.299646
0.0105791
0.153661
0.57186
0.109911
0.714768
0.825936
0.657217
0.260144
0.996828
0.935097
0.782103
0.592171
0.293716
0.60998
0.0911294
0.261649
0.450822
0.256442
0.226406
0.0132902
0.203837
0.548927
0.903367
0.683811
0.355584
0.263754
0.855253
0.131263
0.321175
0.224075
0.220886
0.851814
0.109461
0.722652
0.985238
0.422712
0.647648
0.951986
0.199058
0.361917
0.365168
0.188869
0.243987
0.506002
0.73081
0.433946
0.396561
0.303703
0.439301
0.134984
0.184252
0.555163
0.263959
0.483895
0.0894702
0.934828
0.206773
0.322344
0.379248
0.59063
0.840399
0.478461
0.542869
0.962059
0.258162
0.266913
0.85185
0.0255125
0.531428
0.193129
0.292476
0.990599
0.677558
0.685931
0.870654
0.252872
0.0266197
0.895446
0.399555
0.313115
0.706313
0.829885
0.454791
0.65706
0.366427
0.996683
0.196438
0.648882
0.055702
0.306818
0.364832
0.457698
0.127597
0.84827
0.936913
0.567035
0.280667
0.34256
0.605278
0.40226
0.390949
0.452196
0.681698
0.215802
0.342062
0.697142
0.923446
0.686513
0.636674
0.719051
0.369577
0.629246
0.667573
0.0997719
0.219148
0.161846
0.201089
0.855247
0.556594
0.437525
0.444479
0.1368
0.152724
0.772403
0.978437
0.428694
0.501952
0.998041
0.39799
0.714416
0.583858
0.933567
0.682681
0.929194
0.200532
0.946039
0.429242
0.214038
0.299302
0.0822334
0.238655
0.300357
0.530898
0.107081
0.469468
0.630858
0.857893
0.747231
0.163445
0.0343288
0.346354
0.812549
0.969923
0.499466
0.392753
0.505875
0.716483
0.925151
0.0635083
0.373953
0.720227
0.421925
0.371846
0.159931
0.637802
0.318153
0.328493
0.126191
0.261694
0.919472
0.274617
0.72336
0.83571
0.150193
0.0142084
0.823565
0.543802
0.927047
0.0804067
0.357697
0.207009
0.644345
0.594878
0.894521
0.423453
0.289895
0.530725
0.478589
0.244718
0.951787
0.208459
0.529986
0.706759
0.0708985
0.522661
0.0687352
0.578429
0.761044
0.891303
0.888325
0.66631
0.413175
0.379368
0.588484
0.308468
0.683221
0.0131215
0.142006
0.33752
0.0497882
0.66341
0.549021
0.955833
0.126753
0.0795848
0.368756
0.564429
0.188391
0.425668
0.207939
0.390836
0.459985
0.986006
0.0720794
0.754506
0.33833
0.83833
0.396017
0.118751
0.0170769
0.334751
0.548395
0.763356
0.742984
0.41919
0.446614
0.574989
0.0290201
0.00716998
0.470177
0.106117
0.965434
0.933283
0.531905
0.225655
0.748303
0.879088
0.222943
0.418656
0.498037
0.646708
0.924528
0.344508
0.0900774
0.390087
0.208393
0.889157
0.976434
0.831293
0.43479
0.788488
0.400715
0.782279
0.889115
0.327913
0.00964131
0.150011
0.719711
0.485139
0.53385
0.873013
0.0790096
0.00700712
0.639034
0.841686
0.669831
0.202751
0.663691
0.277137
0.204438
0.52132
0.128075
0.431021
0.772342
0.44492
0.456565
0.555764
0.867789
0.579463
0.388147
0.664826
0.170887
0.0712403
0.651025
0.418585
0.414201
0.726526
0.384891
0.327352
0.573965
0.496925
0.151539
0.266661
0.232875
0.486233
0.61758
0.433652
0.85313
0.14835
0.936529
0.336555
0.517704
0.96915
0.330258
0.998394
0.0238962
0.837852
0.884529
0.478676
0.759115
0.183458
0.418205
0.456838
0.981183
0.865155
0.828287
0.648257
0.911777
0.00694412
0.278259
0.00302919
0.139156
0.541293
0.176874
0.0653558
0.795656
0.647103
0.925446
0.257798
0.125064
0.112166
0.0406007
0.656368
0.252593
0.555733
0.255158
0.587149
0.600848
0.0481079
0.876014
0.598653
0.573746
0.169533
0.0123932
0.571813
0.614187
0.495512
0.63708
0.945641
0.0154309
0.125802
0.971936
0.207059
0.779704
0.857153
0.188772
0.430686
0.25302
0.411483
0.734254
0.665618
0.00824284
0.703919
0.236836
0.643861
0.355254
0.431216
0.826667
0.163351
0.3366
0.757897
0.721017
0.0414136
0.151661
0.377794
0.346961
0.337869
0.350757
0.850278
0.865723
0.874112
0.251717
0.450353
0.245844
0.570684
0.35171
0.0271133
0.0450146
0.0306976
0.760837
0.037548
0.548317
0.996653
0.428373
0.280814
0.394654
0.851991
0.793044
0.845348
0.18276
0.515072
0.475296
0.79967
0.609256
0.848919
0.782014
0.204051
0.248549
0.761336
0.793923
0.940317
0.736877
0.578632
0.354948
0.0766131
0.320437
0.563848
0.591209
0.0929521
0.609997
0.839974
0.433126
0.533712
0.253332
0.943605
0.860426
0.350008
0.468949
0.104391
0.725755
0.103921
0.811556
0.633091
0.149066
0.191137
0.16553
0.849689
0.357906
0.141244
0.220531
0.437587
0.192603
0.471676
0.505492
0.984834
0.440876
0.710215
0.938165
0.194422
0.170452
0.655558
0.710318
0.027709
0.866043
0.322843
0.689299
0.49633
0.794664
0.910238
0.767782
0.0875085
0.331236
0.438943
0.62302
0.299407
0.0816591
0.86757
0.734308
0.0239724
0.760181
0.632002
0.625709
0.726636
0.59916
0.97603
0.84977
0.860622
0.99495
0.888095
0.67409
0.623787
0.915635
0.907244
0.706669
0.450457
0.483759
0.341489
0.593186
0.22921
0.947679
0.197618
0.0187845
0.519961
0.301527
0.888146
0.723246
0.994281
0.662118
0.669101
0.167408
0.694234
0.216073
0.572652
0.285568
0.82281
0.0293308
0.429062
0.88993
0.469779
0.207472
0.353073
0.850799
0.132365
0.712043
0.873028
0.120274
0.963668
0.128117
0.292906
0.824404
0.843544
0.784279
0.603097
0.602599
0.296617
0.926876
0.852753
0.763014
0.00576779
0.00252363
0.868175
0.0814035
0.73957
0.698297
0.206537
0.721488
0.41376
0.413106
0.84749
0.236811
0.194237
0.709221
0.812217
0.701657
0.380396
0.165509
0.249659
0.9031
0.447408
0.367641
0.78147
0.545597
0.41257
0.450724
0.747216
0.0181433
0.531063
0.401028
0.244692
0.159167
0.462158
0.738261
0.924329
0.911866
0.024079
0.875434
0.606216
0.452108
0.31939
0.0845312
0.926661
0.425094
0.535246
0.24293
0.554341
0.73537
0.931082
0.858581
0.859146
0.752846
0.879117
0.334425
0.866094
0.247694
0.872102
0.379205
0.900349
0.374183
0.0774213
0.228539
0.879119
0.201036
0.929734
0.413713
0.121616
0.465619
0.753871
0.620235
0.624653
0.883808
0.953736
0.770742
0.672367
0.963972
0.101614
0.710473
0.317501
0.638178
0.211935
0.454142
0.502896
0.72089
0.540045
0.154105
0.121922
0.534869
0.496572
0.294025
0.839393
0.110607
0.160326
0.518552
0.153785
0.232221
0.906923
0.346836
0.542641
0.592611
0.310603
0.183298
0.00488294
0.735999
0.907103
0.661593
0.132788
0.745608
0.803243
0.799857
0.774753
0.178652
0.443197
0.812954
0.363943
0.804683
0.810167
0.863711
0.187356
0.564735
0.493594
0.622509
0.809946
0.746877
0.419599
0.413379
0.57731
0.46332
0.590204
0.364934
0.53601
0.074857
0.357771
0.629218
0.501673
0.597163
0.623852
0.777512
0.538315
0.0908479
0.249635
0.710208
0.691024
0.223814
0.155155
0.652654
0.738431
0.503655
0.0890881
0.385202
0.66325
0.582966
0.725846
0.300662
0.976423
0.00175616
0.96744
0.15399
0.594792
0.12204
0.0064953
0.208381
0.529783
0.428493
0.839103
0.740298
0.451338
0.252343
0.837971
0.299301
0.468985
0.915397
0.94648
0.401603
0.646949
0.647549
0.980559
0.293359
0.853893
0.217178
0.471821
0.289084
0.143668
0.704966
0.483506
0.264107
0.672707
0.0694187
0.66928
0.232502
0.217249
0.962412
0.909418
0.983164
0.848566
0.559148
0.978024
0.901069
0.108276
0.515371
0.567387
0.655517
0.345188
0.886944
0.92248
0.0256882
0.0718462
0.481866
0.0819263
0.827331
0.957101
0.949423
0.694627
0.740267
0.30255
0.676781
0.902175
0.0306909
0.545544
0.934852
0.422166
0.972156
0.981314
0.0519682
0.4919
0.638314
0.860549
0.0456447
0.0593649
0.751204
0.144626
0.610756
0.512671
0.207652
0.112663
0.251462
0.109887
0.999046
0.454919
0.879425
0.320896
0.530002
0.717795
0.169241
0.154812
0.502567
0.068495
0.905322
0.58003
0.732356
0.334755
0.398078
0.616735
0.413787
0.672489
0.911245
0.88816
0.135169
0.74175
0.254534
0.368996
0.531409
0.657755
0.357245
0.528189
0.307724
0.636763
0.00950124
0.268498
0.335766
0.0923431
0.952557
0.894911
0.949279
0.178655
0.240342
0.630794
0.571594
0.806272
0.128432
0.584728
0.191015
0.34836
0.672186
0.676258
0.981892
0.379922
0.310813
0.91034
0.280807
0.235735
0.848742
0.493592
0.8667
0.507196
0.924799
0.00865023
0.0404935
0.795152
0.581107
0.407619
0.0411854
0.440201
0.305468
0.750458
0.0141272
0.722609
0.143369
0.796814
0.666024
0.464291
0.393938
0.766247
0.119902
0.389988
0.217015
0.694285
0.244496
