0.678406
0.477343
0.644156
0.164517
0.113809
0.694874
0.312928
0.694989
0.343546
0.335114
0.76488
0.49106
0.914638
0.607332
0.327251
0.763281
0.465277
0.605098
0.615645
0.658629
0.914443
0.279892
0.275966
0.714033
0.621461
0.690555
0.203422
0.421963
0.326431
0.0772551
0.682196
0.215175
0.253726
0.755838
0.562534
0.0123331
0.015921
0.877878
0.899629
0.887842
0.911456
0.797044
0.924201
0.251502
0.787029
0.609128
0.130146
0.0135206
0.832063
0.394485
0.704881
0.258532
0.11506
0.530928
0.0215369
0.278557
0.139943
0.538188
0.743444
0.647332
0.176472
0.526301
0.346682
0.391452
0.696761
0.0465293
0.878217
0.141941
0.037782
0.0126712
0.26074
0.715492
0.581792
0.53979
0.166619
0.956128
0.241101
0.871924
0.0165748
0.773272
0.76028
0.000575813
0.969968
0.44322
0.0323207
0.320327
0.570205
0.82276
0.401219
0.396963
0.202221
0.759828
0.0368123
0.731766
0.729084
0.311621
0.939396
0.527835
0.280651
0.234753
0.462501
0.343945
0.111114
0.100386
0.713463
0.240354
0.956342
0.331637
0.832154
0.262382
0.341111
0.223904
0.558524
0.528077
0.481598
0.800378
0.483708
0.795174
0.826333
0.224568
0.948611
0.136118
0.801223
0.527865
0.805773
0.124012
0.401351
0.369591
0.878833
0.245155
0.935698
0.461021
0.421479
0.715078
0.462839
0.361914
0.535601
0.3354
0.393869
0.397031
0.508733
0.985569
0.949207
0.0571457
0.997951
0.00794505
0.3552
0.206908
0.984007
0.538758
0.936275
0.315865
0.698568
0.48729
0.619942
0.735387
0.670159
0.209815
0.843233
0.291009
0.0581055
0.644493
0.769609
0.659071
0.411609
0.308443
0.716896
0.421489
0.753215
0.920561
0.192466
0.809267
0.1792
0.684027
0.870675
0.836927
0.187416
0.82424
0.795263
0.0939571
0.689973
0.0691233
0.86438
0.794174
0.258143
0.919081
0.0143239
0.323521
0.799641
0.0820688
0.563378
0.808016
0.199188
0.589681
0.013704
0.603865
0.977444
0.962534
0.168886
0.676696
0.19262
0.25272
0.82319
0.358247
0.692197
0.378643
0.26821
0.734498
0.571781
0.909824
0.975518
0.780818
0.320205
0.727336
0.148005
0.595478
0.214109
0.0997824
0.827794
0.752683
0.686321
0.334854
0.157232
0.960968
0.128725
0.361355
0.972964
0.266689
0.284165
0.573963
0.253769
0.0990293
0.796605
0.105353
0.306975
0.184779
0.850528
0.261327
0.635113
0.253647
0.277354
0.15183
0.480304
0.832054
0.522789
0.176724
0.885037
0.886683
0.797566
0.721336
0.903949
0.208053
0.298084
0.390301
0.642629
0.245548
0.0648469
0.652093
0.774493
0.547244
0.107684
0.280194
0.769141
0.544244
0.325877
0.516089
0.253753
0.510875
0.0978313
0.804232
0.484977
0.646611
0.709678
0.468949
0.414629
0.612255
0.685711
0.449024
0.615844
0.485238
0.86892
0.612688
0.406641
0.149221
0.177665
0.44147
0.0606771
0.281802
0.169162
0.795226
0.778641
0.609896
0.802891
0.10256
0.817533
0.657979
0.546297
0.437058
0.266545
0.340217
0.805492
0.211301
0.88577
0.1229
0.896457
0.402029
0.242004
0.324512
0.608943
0.494771
0.391921
0.373819
0.656979
0.186949
0.547786
0.319418
0.44174
0.046088
0.941693
0.167279
0.628936
0.363119
0.998259
0.620069
0.418535
0.575345
0.857851
0.120465
0.708
0.508598
0.84624
0.34818
0.434615
0.474666
0.634792
0.938556
0.991621
0.938856
0.102037
0.556613
0.457735
0.932777
0.723867
0.394665
0.220975
0.62966
0.586779
0.610634
0.367239
0.457399
0.598797
0.360103
0.781492
0.382415
0.0106261
0.794245
0.856802
0.780751
0.273723
0.784876
0.92045
0.843596
0.433246
0.0164722
0.560324
0.498014
0.738333
0.553004
0.516542
0.661515
0.0125321
0.667894
0.442342
0.892462
0.40984
0.205718
0.84484
0.267772
0.441391
0.264963
0.872909
0.935635
0.0319565
0.57778
0.920704
0.984209
0.466778
0.361375
0.226213
0.0617308
0.640108
0.994315
0.222947
0.247322
0.922239
0.0141912
0.680081
0.664049
0.601008
0.16813
0.112815
0.423154
0.219638
0.955773
0.884941
0.966001
0.333157
0.0240106
0.828242
0.541802
0.660549
0.873274
0.667737
0.0830488
0.967346
0.845737
0.299432
0.543868
0.280621
0.487689
0.360686
0.983352
0.389963
0.947919
0.516212
0.160477
0.323938
0.737284
0.373306
0.306479
0.995147
0.138337
0.123467
0.669345
0.584855
0.435198
0.633117
0.951927
0.0160628
0.546854
0.393073
0.0327603
0.237283
0.541123
0.878898
0.283026
0.508898
0.492647
0.299121
0.753994
0.667834
0.604395
0.726609
0.795366
0.439745
0.0274931
0.590588
0.172876
0.460734
0.703532
0.570132
0.145792
0.656992
0.916185
0.192261
0.66862
0.0455597
0.321595
0.535896
0.605282
0.504987
0.382076
0.961079
0.554691
0.811346
0.33901
0.624581
0.224044
0.189364
0.330398
0.354405
0.634778
0.709779
0.326983
0.983443
0.403774
0.382528
0.945709
0.0143528
0.0405932
0.324078
0.127506
0.33157
0.47442
0.113854
0.981837
0.610107
0.340721
0.470713
0.870583
0.356864
0.11498
0.575918
0.838195
0.425633
0.0168316
0.98741
0.380268
0.661889
0.013804
0.471461
0.245311
0.0477647
0.138015
0.814242
0.28378
0.229279
0.574015
0.883326
0.653862
0.471354
0.729219
0.303291
0.934709
0.136356
0.730645
0.873382
0.20846
0.533203
0.147746
0.697323
0.88195
0.649281
0.345489
0.263169
0.538186
0.610291
0.971274
0.902513
0.714314
0.296209
0.396752
0.189896
0.309119
0.912327
0.849938
0.676411
0.821372
0.734028
0.085746
0.0788998
0.129816
0.429868
0.12049
0.549772
0.957577
0.157459
0.44294
0.425701
0.518679
0.416747
0.801827
0.312057
0.0345888
0.375529
0.766221
0.763083
0.10949
0.722686
0.891933
0.801987
0.295162
0.77259
0.220147
0.516051
0.63488
0.553744
0.391751
0.99867
0.656116
0.58851
0.0653926
0.800184
0.0413965
0.683071
0.360929
0.555741
0.357831
0.338554
0.0372624
0.311617
0.493807
0.477038
0.179434
0.423656
0.21765
0.772345
0.326945
0.960398
0.817513
0.90848
0.39342
0.454088
0.0114046
0.230317
0.477888
0.427491
0.989248
0.224282
0.330196
0.0413017
0.499656
0.791784
0.406934
0.120817
0.421173
0.788068
0.969436
0.270932
0.762638
0.0160632
0.908698
0.415917
0.0952285
0.923052
0.224191
0.213977
0.347203
0.947262
0.31509
0.377415
0.192015
0.606847
0.904346
0.332822
0.656178
0.737298
0.923218
0.0415509
0.0770631
0.845992
0.900529
0.888849
0.821878
0.610769
0.994741
0.877211
0.52902
0.000915725
0.957645
0.96435
0.775444
0.679988
0.760039
0.4724
0.186424
0.347012
0.316346
0.611198
0.934023
0.958441
0.459524
0.68814
0.835482
0.955359
0.493514
0.433891
0.200356
0.480122
0.77717
0.944238
0.343968
0.175874
0.11783
0.280514
0.493043
0.330144
0.441933
0.337476
0.74061
0.919291
0.730367
0.68606
0.888371
0.94853
0.932722
0.186925
0.548318
0.256245
0.25822
0.993597
0.329954
0.82355
0.925911
0.354453
0.861801
0.667257
0.0470825
0.50675
0.0725837
0.729667
0.968449
0.859669
0.759089
0.648037
0.0988863
0.0900165
0.0231708
0.436033
0.242731
0.0813321
0.96115
0.175221
0.0524265
0.564858
0.33892
0.327157
0.771533
0.60727
0.0887964
0.139718
0.55391
0.975244
0.759879
0.240315
0.554904
0.845505
0.902786
0.632951
0.611936
0.786311
0.799641
0.929962
0.727634
0.99882
0.41679
0.594179
0.811627
0.0637903
0.736877
0.172597
0.349724
0.595561
0.505294
0.830571
0.265666
0.288003
0.307373
0.981062
0.811809
0.453585
0.936624
0.885785
0.355105
0.856892
0.973424
0.0655591
0.737045
0.307385
0.751808
0.288419
0.548172
0.367661
0.525033
0.306886
0.0241999
0.46131
0.664064
0.270943
0.216195
0.494489
0.488186
0.281737
0.679576
0.432994
0.935512
0.122017
0.703499
0.799716
0.882532
0.707779
0.278365
0.80744
0.0827676
0.481051
0.445332
0.951028
0.458534
0.952039
0.591406
0.638138
0.818579
0.614391
0.874297
0.898826
0.196499
0.852042
0.862453
0.844304
0.807291
0.598541
0.954879
0.381045
0.0669367
0.58612
0.60468
0.950005
0.486615
0.49737
0.818374
0.0827597
0.160506
0.589763
0.253252
0.912044
0.220932
0.616736
0.811071
0.753202
0.0883645
0.638366
0.784689
0.45321
0.131007
0.077464
0.981176
0.0360706
0.854724
0.400999
0.555293
0.337828
0.514788
0.123545
0.345255
0.774562
0.232432
0.383549
0.508578
0.560197
0.186565
0.536838
0.479245
0.477346
0.573982
0.249678
0.10336
0.946869
0.963132
0.906181
0.496792
0.263051
0.142939
0.0267068
0.284427
0.702595
0.72084
0.382986
0.342585
0.151654
0.363227
0.744063
0.565611
0.56328
0.707049
0.513091
0.264798
0.666131
0.188575
0.267484
0.338245
0.729107
0.300579
0.888726
0.723606
0.0474757
0.8703
0.608124
0.722972
0.301001
0.955285
0.907662
0.282367
0.807996
0.119954
0.223758
0.716319
0.16835
0.471921
0.593301
0.848435
0.737103
0.266977
0.496374
0.382136
0.565841
0.708656
0.492944
0.262897
0.472391
0.134311
0.181007
0.163821
0.841275
0.325335
0.172268
0.911855
0.238974
0.172861
0.890024
0.220936
0.246558
0.356731
0.681251
0.782669
0.999917
0.355527
0.319286
0.486673
0.747992
0.385087
0.573479
0.632382
0.558978
0.534107
0.520668
0.93538
0.878313
0.739715
0.984394
0.418098
0.509262
0.82338
0.510501
0.718232
0.953348
0.0567049
0.800084
0.247094
0.304494
0.886639
0.0858705
0.259954
0.735035
0.702486
0.0705237
0.565918
0.0656765
0.230126
0.0701572
0.889988
0.655835
0.293913
0.863454
0.262252
0.982108
0.10814
0.373888
0.390688
0.694605
0.854222
0.0965988
0.535155
0.672791
0.270366
0.44007
0.996993
0.687425
0.214526
0.706185
0.108216
0.0539367
0.614626
0.9559
0.367969
0.948989
0.39143
0.295573
0.763953
0.156332
0.40805
0.35715
0.750011
0.916934
0.331502
0.0907783
0.469389
0.00871393
0.169736
0.308759
0.0857432
0.918334
0.780902
0.447376
0.266925
0.975473
0.242572
0.286511
0.442734
0.491255
0.271598
0.133899
0.998543
0.688092
0.0865866
0.115624
0.233341
0.697847
0.198852
0.245781
0.852552
0.576925
0.39173
0.651409
0.894261
0.0958618
0.575298
0.0422149
0.893085
0.825897
0.740987
0.997092
0.175521
0.310692
0.405366
0.633988
0.770563
0.670405
0.263044
0.583043
0.451387
0.602315
0.0487159
0.549953
0.472939
0.897043
0.693706
0.304943
0.0790151
0.350455
0.955342
0.568306
0.123347
0.330138
0.0498224
0.236264
0.609683
0.898118
0.420247
0.0486992
0.829621
0.0323807
0.371778
0.749539
0.0677916
0.451189
0.0890179
0.485257
0.55589
0.412736
0.577678
0.450308
0.448321
0.268338
0.113038
0.684136
0.826733
0.659218
0.425622
0.904551
0.301247
0.13493
0.83717
0.142748
0.365933
0.402937
0.663903
0.899238
0.622358
0.827506
0.706044
0.457814
0.627551
0.951288
0.674573
0.0976184
0.738145
0.214714
0.484524
0.208279
0.731621
0.345616
0.562873
0.183901
0.50476
0.356046
0.388822
0.164147
0.120263
0.556019
0.129563
0.075556
0.852298
0.762673
0.0461413
0.919973
0.872411
0.698453
0.344907
0.00156132
0.238329
0.875952
0.231198
0.597907
0.944046
0.00928204
0.131886
0.250775
0.690479
0.0841048
0.165776
0.50372
0.221977
0.312742
0.163819
0.900571
0.815862
0.779991
0.17538
0.135986
0.439144
0.0356627
0.364497
0.194157
0.842945
0.381935
0.226599
0.901013
0.57983
0.883822
0.766845
0.454334
0.630622
0.131375
0.312455
0.212846
0.284935
0.372999
0.338169
0.823585
0.41888
0.621164
0.96441
0.795055
0.124416
0.0256669
0.663361
0.766956
0.796413
0.42183
0.800989
0.447971
0.543545
0.518159
0.605787
0.0825941
0.878905
0.749159
0.848621
0.282572
0.00168992
0.529068
0.907848
0.181306
0.96385
0.467368
0.780469
0.259147
0.532492
0.29695
0.428509
0.242341
0.108211
0.794111
0.668961
0.5487
0.165596
0.222215
0.794943
0.305645
0.876169
0.418038
0.523894
0.556223
0.446291
0.0299014
0.340912
0.563786
0.310721
0.149764
0.343093
0.162626
0.0556245
0.875148
0.0488332
0.710412
0.734483
0.744536
0.0695617
0.537557
0.206277
0.995839
0.241262
0.382112
0.108053
0.0872201
0.566643
0.0669638
0.838331
0.672925
0.993118
0.0248838
0.213791
0.279488
0.972689
0.0971507
0.191904
0.0113101
0.938946
0.166467
0.14138
0.365964
0.354114
0.704335
0.91503
0.998765
0.288099
0.697859
0.123056
0.487378
0.88988
0.346887
0.800517
0.760397
0.411224
0.431799
0.865765
0.620048
0.035473
0.216004
0.84511
0.841957
0.138977
0.696994
0.257721
0.236807
0.590509
0.932216
0.719558
0.325446
0.495051
0.303931
0.732721
0.169643
0.607185
0.528968
0.891895
0.0146463
0.550797
0.634762
0.166193
0.849283
0.687377
0.468651
0.842646
0.764844
0.774316
0.025414
0.439596
0.336064
0.557257
0.32177
0.936484
0.150828
0.11783
0.0147736
0.125617
0.499455
0.636029
0.0287683
0.321523
0.238037
0.25891
0.871045
0.138833
0.230744
0.0050599
0.505897
0.300665
0.550279
0.608197
0.764832
0.154383
0.327541
0.646699
0.927745
0.139353
0.0555029
0.14371
0.772875
0.539632
0.686873
0.562598
0.266705
0.845528
0.246226
0.203454
0.0826474
0.232804
0.980691
0.170478
0.20143
0.0517857
0.508011
0.784117
0.508918
0.438205
0.834654
0.0374312
0.932953
0.639992
0.0563551
0.100575
0.794555
0.344627
0.375598
0.237012
0.967268
0.329993
0.00229439
0.532132
0.297216
0.692013
0.0398044
0.86229
0.585971
0.794539
0.237077
0.485774
0.86654
0.372845
0.850785
0.323161
0.508575
0.734352
0.904568
0.109586
0.262456
0.197938
0.668895
0.878706
0.829695
0.264295
0.56793
0.34682
0.363138
0.335536
0.911542
0.00930306
0.411349
0.925546
0.563103
0.822304
0.451403
0.0313925
0.238191
0.688562
0.571451
0.992722
0.686665
0.145417
0.240941
0.100727
0.419195
0.622685
0.734053
0.815116
0.611555
0.57197
0.19312
0.932641
0.233901
0.522062
0.0850163
0.146635
0.758294
0.936911
0.8382
0.414345
0.252467
0.569674
0.753525
0.710531
0.176336
0.312457
0.0905415
0.687847
0.260879
0.758834
0.5901
0.534475
0.554567
0.766951
0.843686
0.965896
0.657257
0.111129
0.13136
0.657565
0.563035
0.577416
0.674159
0.290024
0.350961
0.126764
0.669879
0.636804
0.703097
0.849744
0.0609118
0.282459
0.366126
0.555422
0.524176
0.883919
0.231578
0.35399
0.984737
0.257344
0.32389
0.87638
0.1666
0.692631
0.672652
0.123275
0.132648
0.0133832
0.635722
0.368194
0.129071
0.0481933
0.608115
0.180297
0.539514
0.207577
0.546003
0.848393
0.663272
0.179401
0.744014
0.928441
0.343263
0.44512
0.452852
0.371053
0.381978
0.55852
0.837156
0.140159
0.292213
0.306691
0.0374002
0.268199
0.792877
0.924784
0.646912
0.0669639
0.587953
0.549529
0.891641
0.865283
0.617417
0.893802
0.857888
0.820996
0.898488
0.86736
0.664785
0.328412
0.657645
0.519219
0.819252
0.455089
0.180864
0.641186
0.470346
0.357769
0.164967
0.612907
0.892285
0.00625361
0.62565
0.265381
0.98418
0.769807
0.859741
0.446036
0.401338
0.357727
0.971855
0.240721
0.168228
0.463074
0.285521
0.40554
0.609581
0.667796
0.118659
0.375833
0.945244
0.463764
0.871984
0.135558
0.977634
0.226281
0.817174
0.477387
0.804535
0.850646
0.804274
0.119493
0.742359
0.589077
0.348174
0.471752
0.0822342
0.401909
0.867423
0.989771
0.424307
0.692049
0.0489403
0.929536
0.0478221
0.633944
0.397387
0.455948
0.952631
0.367696
0.948268
0.643914
0.843782
0.107052
0.0469271
0.0910356
0.0979771
0.065463
0.342323
0.0505932
0.180578
0.174054
0.0493677
0.528527
0.637231
0.304729
0.833893
0.784163
0.0925659
0.366638
0.0496855
0.168901
0.914175
0.115524
0.865982
0.940424
0.82576
0.394687
0.0114169
0.141819
0.563902
0.928278
0.64238
0.0187464
0.974689
0.0805052
0.794691
0.0987377
0.275814
0.58051
0.518033
0.10659
0.907518
0.43276
0.804063
0.172273
0.0690184
0.0336055
0.106848
0.623244
0.321095
0.0551646
0.542229
0.168526
0.786223
0.607869
0.933661
0.990652
0.98022
0.0228519
0.421285
0.773638
0.182393
0.575017
0.341309
0.110772
0.358726
0.908504
0.14448
0.170372
0.138514
0.800144
0.144937
0.132398
0.619392
0.674116
0.387942
0.762061
0.225203
0.251686
0.334265
0.748393
0.529642
0.724309
0.0959377
0.532148
0.204094
0.0355531
0.0416475
0.922716
0.604056
0.612006
0.839748
0.111949
0.0637579
0.112966
0.921406
0.355411
0.953156
0.415764
0.207615
0.685736
0.500478
0.286453
0.334956
0.950012
0.32408
0.372964
0.130955
0.237463
0.68932
0.0542515
0.5127
0.788278
0.0755213
0.191149
0.161956
0.269716
0.0827834
0.233719
0.531227
0.244821
0.412082
0.960227
0.651042
0.947127
0.462812
0.670927
0.58506
0.984698
0.161203
0.556701
0.807518
0.516714
0.960639
0.336069
0.398974
0.576807
0.63014
0.839803
0.893038
0.075602
0.0179666
0.0967887
0.752194
0.121299
0.768729
0.0825232
0.627907
0.106975
0.324162
0.63769
0.266119
0.793209
0.599613
0.182333
0.222538
0.247754
0.0176911
0.723343
0.501529
0.837244
0.871101
0.620726
0.100036
0.49137
0.887004
0.505217
0.861217
0.19517
0.922957
0.20182
0.842467
0.732108
0.245676
0.172176
0.29503
0.628123
0.782853
0.204348
0.348422
0.668055
0.550871
0.639335
0.976278
0.485158
0.381193
0.504678
0.682171
0.775906
0.762004
0.591857
0.622941
0.530603
0.693122
0.00334662
0.878947
0.962683
0.246915
0.364448
0.616413
0.383184
0.41989
0.0544969
0.978115
0.280833
0.793011
0.0463279
0.517596
0.408967
0.0746263
0.724895
0.555792
0.260644
0.46064
0.393186
0.500143
0.233442
0.392261
0.461018
0.427723
0.667855
0.737121
0.38962
0.67375
0.547409
0.919304
0.0822285
0.619358
0.419974
0.393701
0.811628
0.224574
0.966685
0.0876241
0.944799
0.723422
0.422707
0.915162
0.455515
0.814402
0.433217
0.587259
0.832351
0.56357
0.972848
0.628181
0.785763
0.609929
0.786484
0.705741
0.400075
0.564408
0.622019
0.888591
0.506647
0.445416
0.483632
0.541358
0.913104
0.00775312
0.988555
0.0892435
0.869403
0.399061
0.787449
0.914156
0.684775
0.606838
0.266611
0.782887
0.949461
0.648479
0.822624
0.192942
0.382089
0.743365
0.775051
0.969561
0.871503
0.249311
0.840947
0.240003
0.821537
0.713272
0.620853
0.648101
0.588848
0.0598231
0.365693
0.210356
0.881432
0.0890031
0.702448
0.270829
0.340277
0.773212
0.981986
0.999156
0.687874
0.689317
0.373353
0.723678
0.519129
0.334691
0.878821
0.0762196
0.276011
0.258141
0.0359854
0.0663612
0.612061
0.242971
0.942487
0.918063
0.364988
0.320023
0.703379
0.0369218
0.7784
0.896892
0.646443
0.764566
0.792413
0.821965
0.717889
0.213064
0.359383
0.192286
0.807504
0.709015
0.845092
0.351501
0.147398
0.488009
0.206265
0.652416
0.0964639
0.19754
0.353495
0.249861
0.510034
0.410533
0.932285
0.807313
0.394511
0.99617
0.204762
0.962743
0.511898
0.583427
0.0162264
0.304673
0.0765435
0.482543
0.624006
0.661658
0.185374
0.435776
0.655282
0.198502
0.985441
0.0593168
0.676553
0.176135
0.183914
0.871104
0.328971
0.039532
0.989579
0.805267
0.9222
0.520829
0.500731
0.827297
0.403117
0.811862
0.328051
0.552538
0.692672
0.980948
0.119245
0.554109
0.16202
0.844245
0.218885
0.705547
0.958146
0.617357
0.892155
0.553697
0.52784
0.812379
0.796849
0.246503
0.871717
0.0168734
0.156053
0.965568
0.349546
0.0402882
0.0488776
0.494593
0.214384
0.793466
0.996805
0.43037
0.588935
0.166197
0.664339
0.650826
0.284581
0.396572
0.566372
0.81158
0.83968
0.961264
0.0721464
0.870531
0.667394
0.267552
0.043828
0.418216
0.251048
0.0490514
0.351528
0.955027
0.297105
0.88197
0.5601
0.560963
0.412746
0.108036
0.0984459
0.590675
0.40197
0.489039
0.27768
0.430565
0.807202
0.73734
0.100711
0.374907
0.679223
0.765729
0.811976
0.819936
0.467645
0.947309
0.338841
0.0777665
0.0458671
0.358194
0.556298
0.384261
0.66542
0.0175085
0.541725
0.976075
0.920089
0.977598
0.524479
0.644
0.174863
0.142886
0.14328
0.573238
0.229548
0.00246744
0.927379
0.635749
0.126633
0.11361
0.301512
0.0848833
0.484881
0.683753
0.882593
0.437418
0.37307
0.501224
0.326437
0.774223
0.662389
0.951488
0.271546
0.108543
0.386059
0.60013
0.254972
0.736145
0.107171
0.348226
0.493665
0.626245
0.472773
0.578342
0.834873
0.610073
0.56541
0.52345
0.152735
0.9913
0.405078
0.574277
0.125668
0.146147
0.332692
0.336237
0.690717
0.333432
0.574945
0.105328
0.840012
0.19486
0.326147
0.491234
0.465055
0.86607
0.687086
0.0356463
0.729787
0.445094
0.311412
0.815295
0.151169
0.36326
0.241215
0.629731
0.696733
0.703781
0.333263
0.245954
0.897802
0.710427
0.892371
0.728203
0.993625
0.070922
0.753185
0.706566
0.878251
0.800707
0.752185
0.356118
0.106388
0.773964
0.00434725
0.82719
0.27642
0.118413
0.409968
0.241635
0.0480104
0.614805
0.221225
0.393477
0.912067
0.227397
0.806173
0.499715
0.871545
0.109755
0.111457
0.4678
0.435622
0.726748
0.776258
0.748488
0.871702
0.727261
0.355358
0.878865
0.420395
0.449237
0.265779
0.668428
0.426264
0.65257
0.367663
0.330091
0.840955
0.549237
0.0885144
0.639448
0.017252
0.780667
0.314778
0.392205
0.3139
0.228223
0.268587
0.661217
0.399527
0.134002
0.902427
0.397415
0.549235
0.517039
0.934781
0.639907
0.505866
0.998057
0.933534
0.335704
0.812228
0.00768855
0.426239
0.451194
0.455568
0.847384
0.330991
0.844126
0.319463
0.271796
0.374028
0.222331
0.497974
0.956434
0.295073
0.924453
0.531084
0.0426431
0.458217
0.289965
0.151888
0.0438792
0.263272
0.868253
0.332667
0.600383
0.316275
0.804305
0.913937
0.445227
0.743253
0.30749
0.121461
0.412539
0.632468
0.313339
0.488489
0.799055
0.178354
0.650079
0.383195
0.713923
0.857644
0.563339
0.715572
0.390009
0.893441
0.750816
0.848291
0.492091
0.287688
0.0371545
0.302328
0.194623
0.297505
0.878479
0.44073
0.362612
0.465992
0.236076
0.677878
0.2494
0.755689
0.375153
0.430495
0.446556
0.257826
0.665886
0.555565
0.816253
0.430919
0.802003
0.450786
0.57739
0.397435
0.831552
0.837085
0.797147
0.79345
0.633747
0.475975
0.0146311
0.72278
0.813148
0.850211
0.821308
0.421289
0.300944
0.216052
0.0130139
0.440411
0.204138
0.4344
0.990867
0.179875
0.919958
0.439013
0.662616
0.704959
0.706578
0.853449
0.615679
0.29265
0.424389
0.745065
0.258537
0.526718
0.487333
0.0212631
0.800501
0.42336
0.426188
0.851357
0.500889
0.578192
0.00526949
0.672303
0.196901
0.69561
0.89519
0.830555
0.258157
0.704768
0.954279
0.452557
0.326101
0.545942
0.460763
0.738023
0.912029
0.610431
0.671114
0.361066
0.570677
0.244823
0.995986
0.693061
0.702816
0.30767
0.707517
0.317758
0.397216
0.0251375
0.765117
0.920189
0.508648
0.462807
0.518635
0.133586
0.763112
0.615389
0.041056
0.287155
0.20497
0.0342766
0.629199
0.0546048
0.0243609
0.262314
0.10202
0.770615
0.212323
0.254456
0.0164792
0.578808
0.884521
0.255011
0.360733
0.603341
0.121465
0.518172
0.267282
0.102537
0.580427
0.929396
0.428479
0.337744
0.749408
0.747282
0.256893
0.183478
0.867893
0.585283
0.652643
0.563399
0.483476
0.273438
0.132363
0.244131
0.766832
0.777048
0.472649
0.680168
0.433251
0.33593
0.705542
0.173259
0.0621917
0.760296
0.315736
0.743472
0.954552
0.640503
0.447032
0.121202
0.0492719
0.200435
0.148493
0.921535
0.370814
0.484308
0.71482
0.933527
0.700883
0.797298
0.373263
0.791164
0.507464
0.123209
0.841697
0.00446673
0.0189287
0.618146
0.799787
0.307155
0.974927
0.445602
0.386955
0.520807
0.533911
0.347904
0.801147
0.825791
0.683545
0.998327
0.687985
0.354338
0.239514
0.419859
0.620761
0.219075
0.304472
0.921227
0.593765
0.211575
0.0502057
0.758947
0.869704
0.21935
0.33253
0.27004
0.537319
0.778364
0.245079
0.507052
0.737849
0.39601
0.985222
0.929464
0.225747
0.392258
0.0195579
0.266995
0.295658
0.104332
0.0328594
0.115062
0.654103
0.128206
0.536522
0.558206
0.541432
0.444058
0.952437
0.35285
0.467926
0.458231
0.0021041
0.439708
0.388806
0.621721
0.495825
0.0446709
0.552945
0.499621
0.146467
0.521315
0.507582
0.0807402
0.784027
0.617419
0.469024
0.609863
0.828021
0.0119767
0.631
0.425732
0.467385
0.0161027
0.607285
0.632579
0.703517
0.446632
0.251614
0.151223
0.39309
0.549489
0.134932
0.261824
0.490595
0.872437
0.0694225
0.744927
0.321465
0.431243
0.325655
0.414891
0.962495
0.210323
0.632879
0.948399
0.928865
0.364791
0.977683
0.174916
0.720306
0.0812159
0.966461
0.307119
0.675337
0.0235901
0.581363
0.651821
0.0837929
0.198987
0.45411
0.209863
0.706877
0.621233
0.000434013
0.650167
0.84507
0.94023
0.737948
0.903259
0.728755
0.837708
0.458435
0.921233
0.549593
0.980283
0.0758662
0.85881
0.392744
0.889302
0.787611
0.840168
0.642519
0.446792
0.698202
0.982391
0.622044
0.256924
0.836743
0.588676
0.664955
0.335158
0.316814
0.0781327
0.776554
0.276799
0.346185
0.861306
0.891588
0.0735906
0.943016
0.902043
0.584074
0.0798077
0.294413
0.304821
0.392238
0.856796
0.295613
0.491268
0.709556
0.0851876
0.127845
0.889923
0.465767
0.458271
0.571363
0.275527
0.817676
0.653842
0.24152
0.175291
0.151266
0.746326
0.714864
0.815282
0.994513
0.234838
0.550772
0.0513113
0.0675158
0.907011
0.466219
0.237405
0.452425
0.565786
0.678833
0.0599053
0.941954
0.735227
0.159359
0.800428
0.427514
0.139173
0.474527
0.901543
0.959148
0.12175
0.281331
0.378973
0.992932
0.047782
0.277692
0.649927
0.783854
0.846641
0.171531
0.448336
0.138309
0.961291
0.327608
0.759213
0.529762
0.763056
0.732844
0.567766
0.0801086
0.516391
0.518503
0.72318
0.946235
0.0859587
0.180425
0.290155
0.839697
0.511365
0.65678
0.0220629
0.127127
0.600308
0.213158
0.0836738
0.583575
0.426504
0.264369
0.236788
0.216256
0.11154
0.92123
0.587928
0.112825
0.285109
0.358175
0.973079
0.145551
0.90783
0.94645
0.746117
0.230665
0.476613
0.214135
0.106944
0.852273
0.198844
0.768095
0.971258
0.428893
0.33162
0.79562
0.0659855
0.850099
0.204952
0.755631
0.552789
0.889836
0.978927
0.633512
0.393334
0.836873
0.0161195
0.587502
0.535686
0.597671
0.157158
0.590938
0.11477
0.662138
0.329911
0.585083
0.810391
0.282494
0.987205
0.61682
0.30596
0.819271
0.599278
0.502162
0.144728
0.465823
0.0932494
0.188639
0.773632
0.716142
0.390149
0.356098
0.750153
0.508451
0.287486
0.015398
0.459925
0.102673
0.616492
0.56606
0.335334
0.222228
0.377615
0.165583
0.873778
0.609971
0.465116
0.858069
0.349099
0.0867088
0.825399
0.300486
0.40686
0.402101
0.462795
0.20392
0.348935
0.14802
0.624541
0.382254
0.0768895
0.0507867
0.740709
0.572802
0.016603
0.380189
0.0943254
0.872085
0.589117
0.412391
0.904374
0.414378
0.508743
0.65076
0.713423
0.398861
0.798413
0.230041
0.306687
0.293089
0.557092
0.823452
0.909664
0.968886
0.758297
0.0923041
0.94688
0.096704
0.389111
0.734254
0.472899
0.514805
0.714455
0.738618
0.959215
0.708193
0.0753969
0.954311
0.502189
0.0452603
0.715789
0.34901
0.810528
0.707097
0.968533
0.159968
0.669423
0.551488
0.997649
0.789135
0.309405
0.323952
0.0149399
0.370697
0.993374
0.762774
0.816572
0.637825
0.11833
0.255662
0.897243
0.895633
0.712971
0.583246
0.0647199
0.109601
0.186442
0.757229
0.419585
0.12195
0.670111
0.134318
0.353407
0.478661
0.951204
0.283452
0.00320485
0.6844
0.225115
0.0279984
0.71347
0.243636
0.761423
0.968584
0.849992
0.941507
0.269079
0.759906
0.472006
0.138655
0.688194
0.22116
0.44058
0.793952
0.591264
0.092494
0.713043
0.481376
0.935884
0.00253786
0.147597
0.0644438
0.832891
0.165688
0.58484
0.639965
0.785752
0.521101
0.113697
0.666171
0.204948
0.87329
0.0476956
0.19844
0.768791
0.96116
0.535915
0.815289
0.359323
0.938209
0.630755
0.572466
0.456478
0.0185244
0.164835
0.312464
0.30789
0.135636
0.877489
0.289545
0.304678
0.0135821
0.775597
0.961012
0.795306
0.165117
0.855543
0.658329
0.273812
0.129204
0.450822
0.535303
0.389437
0.247432
0.849656
0.458902
0.891738
0.737469
0.694997
0.612199
0.185483
0.653738
0.580385
0.429332
0.604384
0.240092
0.0305481
0.685739
0.126117
0.958825
0.101146
0.93237
0.520424
0.210448
0.147405
0.386888
0.528425
0.266313
0.643918
0.982944
0.599656
0.287531
0.934965
0.502739
0.455398
0.510118
0.627372
0.101829
0.739468
0.11125
0.329994
0.6115
0.258787
0.62856
0.302116
0.388593
0.110739
0.154002
0.420482
0.510164
0.354417
0.539632
0.577084
0.180102
0.369723
0.501683
0.589335
0.123252
0.823847
0.707831
0.976052
0.0389457
0.159513
0.670866
0.41579
0.48129
0.624063
0.653738
0.52434
0.346402
0.05454
0.886332
0.983866
0.471231
0.506559
0.206572
0.577802
0.503471
0.52732
0.0399588
0.444153
0.587451
0.85797
0.355476
0.201233
0.265027
0.123669
0.839564
0.789387
0.0241452
0.169655
0.178122
0.0247569
0.744867
0.211687
0.838854
0.301465
0.320891
0.876472
0.507632
0.364647
0.429018
0.291635
0.404085
0.394465
0.069229
0.339676
0.150044
0.849116
0.203466
0.386405
0.013153
0.07349
0.275249
0.702493
0.430477
0.893105
0.133231
0.717647
0.169235
0.134128
0.892748
0.321151
0.501932
0.622974
0.78936
0.875946
0.0590607
0.869284
0.957589
0.48881
0.574268
0.141736
0.953254
0.0997105
0.0360377
0.053614
0.321187
0.310557
0.372774
0.195163
0.882487
0.120318
0.547853
0.423298
0.988622
0.377579
0.857403
0.909805
0.756422
0.377662
0.965715
0.409878
0.0279821
0.402707
0.0795828
0.914529
0.952481
0.204621
0.881476
0.930467
0.530129
0.457899
0.135536
0.306484
0.475184
0.444966
0.890178
0.119325
0.991449
0.142621
0.880867
0.450005
0.648862
0.465569
0.444244
0.904118
0.338239
0.743113
0.669526
0.545024
0.875825
0.0670131
0.506703
0.959537
0.109652
0.516145
0.78266
0.456179
0.343107
0.865499
0.37898
0.832565
0.345679
0.259616
0.71525
0.76497
0.0600595
0.732445
0.470659
0.487082
0.728798
0.396964
0.297416
0.0154466
0.39963
0.34182
0.810502
0.561645
0.657346
0.323421
0.169533
0.383983
0.644874
0.945534
0.0964986
0.745801
0.245432
0.81008
0.0154785
0.522372
0.83027
0.0741161
0.944168
0.652164
0.370308
0.850933
0.0924796
0.30287
0.910289
0.305671
0.682036
0.837487
0.476812
0.325
0.797373
0.591628
0.034908
0.876277
0.937694
0.0215502
0.975035
0.527663
0.55784
0.689621
0.319988
0.197541
0.979335
0.362989
0.581605
0.916558
0.965995
0.354054
0.448059
0.622169
0.421679
0.366959
0.0490281
0.574978
0.149181
0.122351
0.364949
0.87949
0.407404
0.204846
0.782724
0.458636
0.932414
0.741448
0.92416
0.790249
0.350214
0.257889
0.677185
0.986202
0.727025
0.311116
0.651781
0.456695
0.650416
0.861437
0.705059
0.402684
0.354335
0.579912
0.40732
0.26797
0.10785
0.0382727
0.864871
0.649031
0.0182221
0.342576
0.64411
0.244042
0.182615
0.0291492
0.867048
0.0890414
0.344151
0.371878
0.0176254
0.439564
0.849536
0.47262
0.349141
0.620025
0.385076
0.121751
0.390884
0.214981
0.744322
0.138571
0.627826
0.423275
0.444471
0.00286266
0.106966
0.361778
0.0782181
0.843015
0.37024
0.242931
0.143693
0.600646
0.285806
0.343597
0.792781
0.250713
0.138692
0.911459
0.0368921
0.39181
0.335186
0.113812
0.452726
0.571013
0.0439665
0.476569
0.997565
0.53109
0.894648
0.152734
0.862853
0.379917
0.462858
0.247107
0.582412
0.0296788
0.0989656
0.992591
0.722443
0.55385
0.646141
0.772766
0.00951614
0.981605
0.690878
0.137352
0.765014
0.616269
0.831941
0.816903
0.451436
0.914697
0.163646
0.717326
0.544396
0.645785
0.835039
0.563408
0.119007
0.117964
0.353507
0.848862
0.709856
0.269245
0.637723
0.466116
0.674579
0.363965
0.820189
0.318036
0.381482
0.997625
0.705148
0.864811
0.983828
0.59102
0.138177
0.652537
0.336084
0.372168
0.410824
0.212116
0.182915
0.333142
0.403041
0.156368
0.426438
0.308657
0.462085
0.264434
0.480825
0.0221391
0.114428
0.158135
0.5463
0.300259
0.323132
0.905364
0.207098
0.881591
0.0529235
0.30054
0.931259
0.772632
0.88923
0.182086
0.365625
0.553522
0.0890023
0.40828
0.176842
0.394573
0.242984
0.95148
0.944754
0.860113
0.0111412
0.974167
0.0307486
0.91062
0.672
0.184361
0.633545
0.966392
0.831658
0.332829
0.267766
0.966756
0.235518
0.328156
0.269832
0.650458
0.932244
0.0988435
0.205642
0.932695
0.133618
0.340928
0.353557
0.934333
0.905679
0.532185
0.192848
0.943333
0.233914
0.97486
0.685176
0.0855094
0.518042
0.718627
0.236935
0.886721
0.841403
0.125826
0.362747
0.833525
0.614243
0.921518
0.719106
0.700893
0.87792
0.290983
0.361601
0.517437
0.454666
0.83441
0.213241
0.874971
0.365805
0.249167
0.748976
0.388448
0.383397
0.263083
0.591375
0.373475
0.198891
0.622209
0.37671
0.273627
0.597405
0.228065
0.360878
0.939267
0.223586
0.414382
0.952879
0.324097
0.635904
0.591354
0.958775
0.137463
0.349348
0.484069
0.250926
0.215304
0.525411
0.261269
0.927619
0.578156
0.231747
0.0117312
0.596946
0.749366
0.0271724
0.22763
0.85612
0.0866913
0.886348
0.00948918
0.218498
0.38004
0.0585263
0.110356
0.719809
0.237854
0.87591
0.767818
0.124563
0.00286054
0.284082
0.808824
0.334877
0.318326
0.217062
0.35696
0.545913
0.642683
0.659042
0.55757
0.802094
0.253624
0.867227
0.138785
0.389328
0.624216
0.0741661
0.916353
0.0384674
0.769344
0.170764
0.855474
0.853919
0.848317
0.561679
0.750507
0.841503
0.0236839
0.0398106
0.17361
0.186156
0.788012
0.19756
0.939067
0.24043
0.748257
0.35809
0.10645
0.69626
0.166323
0.240034
0.564027
0.442935
0.316048
0.43998
0.500204
0.931995
0.203487
0.113712
0.927521
0.908113
0.0779124
0.73429
0.231303
0.715295
0.662577
0.785535
0.155612
0.981065
0.669798
0.108529
0.870467
0.404635
0.0445336
0.843822
0.89151
0.596942
0.216317
0.81638
0.801654
0.863477
0.802099
0.495984
0.938167
0.163399
0.783882
0.19493
0.169435
0.419894
0.0998655
0.154151
0.45622
0.250093
0.680531
0.944491
0.312935
0.29738
0.94255
0.884516
0.796595
0.432706
0.961161
0.701284
0.609261
0.238295
0.375337
0.423135
0.322646
0.894872
0.65379
0.0707268
0.862542
0.852389
0.800088
0.711971
0.471714
0.68339
0.933414
0.445117
0.160463
0.648121
0.639574
0.755112
0.821127
0.218669
0.740744
0.149313
0.673079
0.0926955
0.115356
0.498109
0.350222
0.901232
0.386543
0.417766
0.997282
0.686114
0.248577
0.965272
0.417199
0.00491339
0.565445
0.928327
0.293135
0.924942
0.97106
0.355336
0.871506
0.200511
0.519921
0.73733
0.133056
0.475706
0.810396
0.107374
0.470425
0.76431
0.202136
0.624003
0.886948
0.352337
0.726725
0.142978
0.347457
0.923384
0.758472
0.326922
0.411958
0.367048
0.223068
0.0607632
0.28962
0.595247
0.14438
0.620669
0.455918
0.0999816
0.11433
0.77598
0.512737
0.918716
0.459026
0.907883
0.0857963
0.263441
0.850132
0.729202
0.697308
0.351786
0.0230295
0.0235065
0.727159
0.264199
0.672028
0.982267
0.820139
0.485692
0.673998
0.221965
0.180815
0.406122
0.738004
0.580124
0.33394
0.456611
0.496434
0.65248
0.00304358
0.409674
0.401516
0.396185
0.82067
0.973179
0.247513
0.466152
0.446048
0.166029
0.790577
0.737484
0.448656
0.460347
0.802024
0.602557
0.776295
0.771433
0.937524
0.370164
0.95858
0.104801
0.308108
0.80451
0.87278
0.342526
0.184902
0.350504
0.331411
0.698111
0.309441
0.851307
0.998191
0.18211
0.990494
0.575097
0.917563
0.569208
0.843574
0.483117
0.583678
0.828971
0.734496
0.760072
0.809742
0.662585
0.239272
0.562755
0.836143
0.838452
0.019922
0.919751
0.895266
0.901039
0.0107069
0.371165
0.524708
0.118726
0.628881
0.147724
0.94876
0.987102
0.53502
0.806683
0.307385
0.22047
0.0308225
0.234248
0.960604
0.0896439
0.667798
0.0246851
0.426326
0.725946
0.351224
0.307025
0.439165
0.363142
0.731889
0.617009
0.783082
0.021993
0.0791306
0.313228
0.360181
0.73324
0.705243
0.487876
0.871017
0.619573
0.766083
0.23158
0.398642
0.11564
0.457578
0.38402
0.38823
0.0772825
0.354469
0.359722
0.79709
0.727501
0.208312
0.0510502
0.440754
0.210161
0.541512
0.2671
0.940564
0.2742
0.166482
0.55902
0.0365999
0.433844
0.442568
0.363939
0.600997
0.854553
0.0593562
0.257811
0.662328
0.221611
0.0848474
0.815518
0.665309
0.874258
0.741378
0.897451
0.550314
0.061535
0.111359
0.302583
0.342577
0.279529
0.210259
0.446109
0.626539
0.386509
0.446134
0.51356
0.864887
0.302272
0.732849
0.359303
0.998838
0.700095
0.895207
0.391591
0.881497
0.707322
0.255825
0.57011
0.744548
0.354047
0.471942
0.716931
0.743085
0.873444
0.115362
0.391625
0.586827
0.125863
0.105451
0.184283
0.568301
0.282713
0.650218
0.678922
0.698785
0.560086
0.258397
0.484867
0.242095
0.327802
0.300533
0.469042
0.0718092
0.706919
0.541571
0.859809
0.171324
0.46977
0.895806
0.000856378
0.013977
0.93812
0.782082
0.115459
0.768422
0.8085
0.417711
0.28959
0.681344
0.816764
0.919074
0.0635354
0.610626
0.827776
0.620485
0.622446
0.317238
0.243435
0.456627
0.425084
0.8489
0.16919
0.71012
0.418663
0.559499
0.299135
0.022622
0.967718
0.884025
0.622188
0.571825
0.479743
0.837337
0.148803
0.122896
0.0739823
0.456319
0.105215
0.221405
0.409951
0.355382
0.353522
0.667948
0.348599
0.0226365
0.376654
0.51487
0.800216
0.667257
0.161511
0.430489
0.682887
0.776623
0.0172589
0.161608
0.951716
0.100696
0.900972
0.0180157
0.408519
0.582112
0.45077
0.501055
0.57579
0.581124
0.19651
0.138988
0.815537
0.804086
0.522061
0.141178
0.790655
0.952174
0.0368062
0.225414
0.407713
0.0448566
0.864942
0.279067
0.82156
0.25419
0.936753
0.94807
0.869397
0.376019
0.296395
0.307923
0.887865
0.697692
0.622093
0.0086248
0.888291
0.410779
0.858779
0.380829
0.165639
0.345236
0.0111183
0.77457
0.163914
0.420459
0.741369
0.605236
0.382787
0.915113
0.494038
0.942951
0.0327982
0.745669
0.257374
0.5678
0.726472
0.353278
0.051087
0.542586
0.701316
0.908623
0.850731
0.549258
0.326533
0.100322
0.984924
0.785081
0.42707
0.249036
0.475554
0.694774
0.874114
0.421308
0.126091
0.193689
0.606681
0.896926
0.0955009
0.782164
0.755331
0.0327916
0.912521
0.410441
0.486484
0.598899
0.145933
0.506638
0.770558
0.558776
0.533582
0.410993
0.926329
0.0206495
0.37519
0.0637681
0.0807259
0.292618
0.14837
0.346758
0.754578
0.688442
0.914624
0.275911
0.577299
0.718523
0.465259
0.561938
0.973374
0.485973
0.241659
0.459306
0.592132
0.279966
0.132205
0.785718
0.520661
0.861172
0.219175
0.171739
0.306614
0.533687
0.224772
0.4131
0.379837
0.683579
0.108718
0.663844
0.946739
0.0149545
0.713619
0.0342689
0.388371
0.351515
0.0181677
0.0136427
0.100204
0.776576
0.964499
0.780402
0.42704
0.616828
0.115001
0.417515
0.26578
0.438857
0.682791
0.874414
0.879121
0.931834
0.596749
0.303637
0.792901
0.861876
0.00585728
0.361093
0.207539
0.842798
0.533826
0.886156
0.748611
0.672165
0.309505
0.368088
0.161891
0.769105
0.0958521
0.475711
0.275924
0.922861
0.0177902
0.494315
0.916015
0.178142
0.658014
0.901503
0.0573095
0.601784
0.0673989
0.636171
0.27732
0.890757
0.347033
0.51312
0.0565272
0.520538
0.443919
0.737723
0.281353
0.260752
0.831277
0.887061
0.159468
0.127005
0.277702
0.497489
0.356386
0.834164
0.427732
0.380657
0.160367
0.0798146
0.828284
0.44148
0.424755
0.571547
0.442431
0.385324
0.145936
0.526783
0.236818
0.306566
0.677048
0.54803
0.82778
0.608856
0.177954
0.0666738
0.992668
0.635151
0.0936632
0.381767
0.119276
0.484146
0.0567541
0.467569
0.480126
0.835714
0.429205
0.403733
0.514071
0.891067
0.766613
0.504846
0.0703106
0.197381
0.149882
0.393528
0.848733
0.461284
0.265974
0.336274
0.288319
0.490748
0.391416
0.0890758
0.984012
0.821387
0.0322076
0.425181
0.156369
0.171495
0.860129
0.514077
0.669796
0.885892
0.530005
0.567738
0.630104
0.49909
0.739197
0.747481
0.866358
0.929339
0.646049
0.459844
0.164305
0.725905
0.12351
0.899773
0.496809
0.679869
0.180879
0.757596
0.669557
0.079337
0.601279
0.317183
0.864824
0.99836
0.615292
0.857931
0.538339
0.308317
0.775398
0.0387361
0.222537
0.847057
0.68899
0.357997
0.758794
0.818561
0.397487
0.426173
0.526684
0.168048
0.702838
0.8122
0.166787
0.306295
0.0143092
0.865849
0.972143
0.33061
0.953206
0.252938
0.526955
0.42271
0.729132
0.938746
0.781761
0.886855
0.710272
0.00695416
0.305096
0.58536
0.903893
0.202671
0.315057
0.120956
0.787973
0.638947
0.0398868
0.801225
0.589256
0.493564
0.543204
0.672869
0.338907
0.669237
0.318515
0.499301
0.571005
0.407377
0.776842
0.900389
0.188606
0.0279447
0.18447
0.299771
0.890794
0.147621
0.262499
0.555517
0.0189732
0.0895605
0.457809
0.276583
0.399089
0.477634
0.474402
0.175447
0.894415
0.421638
0.39865
0.958441
0.124205
0.162639
0.348537
0.170986
0.454618
0.360193
0.383175
0.793746
0.900341
0.803571
0.092797
0.383407
0.699885
0.0273644
0.182072
0.150792
0.0853963
0.40392
0.686155
0.568339
0.727838
0.435456
0.94507
0.523643
0.496632
0.13189
0.55477
0.122767
0.238044
0.883481
0.890811
0.0864463
0.585512
0.431309
0.0371855
0.356507
0.83736
0.339966
0.0878784
0.179215
0.868152
0.83199
0.8727
0.739246
0.070327
0.941611
0.184242
0.520862
0.0244701
0.496506
0.358958
0.0459996
0.533641
0.649966
0.825905
0.14521
0.125502
0.955923
0.991544
0.726276
0.625955
0.937812
0.562671
0.446936
0.706532
0.745327
0.888818
0.179874
0.627444
0.747558
0.163352
0.177796
0.340454
0.754194
0.158427
0.793939
0.74193
0.376114
0.219092
0.673242
0.69689
0.279948
0.313571
0.835142
0.38709
0.443539
0.814448
0.259963
0.463954
0.592753
0.408795
0.826497
0.63465
0.455612
0.977802
0.476495
0.335988
0.330482
0.0665524
0.458418
0.304637
0.694863
0.459315
0.898996
0.626103
0.623544
0.881237
0.136645
0.682168
0.460803
0.907759
0.488932
0.34161
0.0279376
0.979842
0.96702
0.260346
0.426442
0.339938
0.452971
0.317774
0.141948
0.92363
0.516482
0.798188
0.200429
0.71264
0.977299
0.427895
0.319753
0.832521
0.331105
0.331357
0.447347
0.88278
0.427508
0.693451
0.903747
0.507593
0.0619694
0.478197
0.419397
0.137223
0.373625
0.189889
0.393521
0.849395
0.189307
0.331699
0.43753
0.972164
0.349848
0.868589
0.392628
0.654512
0.107972
0.991247
0.713892
0.178521
0.0500965
0.480074
0.697984
0.762017
0.734891
0.820701
0.846669
0.601405
0.596024
0.866909
0.989137
0.710468
0.357385
0.226503
0.814288
0.175321
0.359922
0.297527
0.781186
0.929451
0.000868769
0.174658
0.475744
0.0991952
0.564189
0.8478
0.123902
0.555768
0.997162
0.925541
0.609559
0.281537
0.858033
0.407827
0.511421
0.131205
0.639213
0.93705
0.296447
0.660689
0.508554
0.184646
0.533118
0.646064
0.836249
0.57212
0.973611
0.277288
0.455776
0.59627
0.0853238
0.135698
0.768304
0.904886
0.323299
0.319416
0.414173
0.555012
0.150852
0.975335
0.0102542
0.960651
0.0669388
0.606747
0.3364
0.206129
0.81957
0.813324
0.646746
0.629864
0.562098
0.725091
0.672462
0.980772
0.889693
0.426926
0.63483
0.828694
0.716987
0.195423
0.525661
0.752284
0.90347
0.302479
0.539531
0.461002
0.882373
0.845931
0.342374
0.48692
0.818761
0.0270997
0.338066
0.940948
0.605074
0.653063
0.332125
0.755481
0.4713
0.642609
0.495103
0.708673
0.639854
0.275482
0.709068
0.429189
0.160208
0.640234
0.865755
0.439415
0.0640667
0.448408
0.395913
0.994585
0.72301
0.789757
0.483799
0.189692
0.890256
0.885337
0.701265
0.0265646
0.470495
0.428347
0.37803
0.366112
0.573366
0.351334
0.281595
0.31007
0.840992
0.500231
0.832325
0.387591
0.0966946
0.328755
0.328773
0.305397
0.559856
0.57025
0.65228
0.421272
0.815797
0.0166958
0.594515
0.766923
0.765685
0.659296
0.285379
0.484206
0.895752
0.482863
0.537554
0.742789
0.343282
0.881908
0.221298
0.845612
0.76483
0.0385692
0.58731
0.775268
0.502649
0.978922
0.357481
0.882719
0.636329
0.902128
0.707882
0.484864
0.102673
0.247412
0.513862
0.346723
0.926168
0.915257
0.869138
0.535148
0.698819
0.82191
0.018476
0.996616
0.649836
0.282893
0.520045
0.503614
0.383813
0.728705
0.12548
0.25379
0.625963
0.252161
0.767042
0.260363
0.666553
0.842877
0.105991
0.0327679
0.0679101
0.886124
0.563188
0.286553
0.896189
0.133406
0.146056
0.964282
0.742167
0.00446591
0.330453
0.161799
0.596723
0.723723
0.041164
0.184437
0.748683
0.662648
0.0577031
0.669085
0.479639
0.839001
0.920722
0.580794
0.875465
0.122192
0.638175
0.0584817
0.900713
0.81327
0.0888661
0.141834
0.881847
0.549633
0.823897
0.516854
0.76782
0.740764
0.401502
0.806143
0.143324
0.477836
0.533207
0.379875
0.315402
0.99577
0.429369
0.240842
0.263452
0.914101
0.102086
0.340578
0.890496
0.234002
0.378705
0.159723
0.147579
0.41762
0.536725
0.848601
0.00749192
0.296943
0.149262
0.566535
0.713136
0.927597
0.505423
0.985361
0.970906
0.977357
0.629089
0.421063
0.799612
0.486846
0.81312
0.265711
0.969926
0.881815
0.276644
0.143772
0.681765
0.0213307
0.605987
0.622621
0.26215
0.306122
0.157967
0.762139
0.584447
0.819235
0.922656
0.268552
0.754146
0.990289
0.100423
0.639655
0.461116
0.107858
0.668606
0.791017
0.581092
0.299759
0.94376
0.0736506
0.476761
0.313356
0.247478
0.2046
0.93459
0.541909
0.373995
0.997375
0.865764
0.496769
0.853042
0.728398
0.450719
0.924409
0.963909
0.358065
0.841444
0.783052
0.847668
0.366431
0.0521473
0.655342
0.718608
0.571702
0.343908
0.0286157
0.836099
0.540076
0.119072
0.020927
0.570522
0.121048
0.886137
0.685728
0.189966
0.144302
0.194507
0.0428144
0.389305
0.386265
0.238403
0.19281
0.866729
0.14498
0.345085
0.943142
0.261415
0.0511805
0.464317
0.892037
0.687119
0.929108
0.601571
0.568496
0.968243
0.683204
0.915662
0.467942
0.484114
0.781257
0.465094
0.387474
0.938283
0.343422
0.272073
0.351478
0.78071
0.168866
0.334561
0.696704
0.735788
0.310552
0.0172898
0.316485
0.317961
0.539189
0.78191
0.759274
0.601485
0.741074
0.340741
0.662183
0.48239
0.978916
0.183093
0.0699719
0.994798
0.864162
0.0772498
0.434748
0.656911
0.80703
0.362552
0.327599
0.447296
0.979656
0.746563
0.44302
0.500711
0.761535
0.147408
0.717717
0.613864
0.0720201
0.346866
0.308168
0.314822
0.522259
0.040457
0.46752
0.454936
0.181604
0.236461
0.927077
0.0298559
0.0423573
0.584096
0.0143284
0.829006
0.924062
0.791965
0.462763
0.0955592
0.741229
0.14874
0.959613
0.574743
0.711266
0.475856
0.260982
0.211718
0.127198
0.962125
0.394563
0.197083
0.961502
0.110552
0.287898
0.510397
0.586521
0.851274
0.868041
0.839423
0.445092
0.335706
0.331183
0.227112
0.183538
0.31975
0.124548
0.943559
0.24126
0.562562
0.825566
0.179739
0.732933
0.00418107
0.290177
0.759935
0.72072
0.072883
0.416565
0.996851
0.573425
0.584228
0.967946
0.704708
0.135124
0.418435
0.869809
0.675183
0.390461
0.0381028
0.3646
0.0399252
0.720376
0.65763
0.388269
0.835433
0.914293
0.733272
0.999243
0.632771
0.170093
0.891675
0.0721867
0.185121
0.821948
0.0659773
0.537454
0.239217
0.486577
0.355568
0.899622
0.609927
0.987947
0.593688
0.654436
0.92626
0.789592
0.111393
0.896718
0.255888
0.532924
0.0277658
0.789049
0.336789
0.547197
0.44366
0.721088
0.186712
0.0261153
0.400786
0.13108
0.208392
0.883277
0.395316
0.863525
0.894478
0.825986
0.802369
0.935956
0.520686
0.758116
0.947767
0.703754
0.995563
0.675729
0.253977
0.774801
0.306716
0.451249
0.0537893
0.444106
0.922658
0.610013
0.852305
0.86377
0.936723
0.672942
0.872064
0.218184
0.898499
0.326213
0.86994
0.824196
0.421721
0.854516
0.839511
0.104549
0.523966
0.927376
0.494987
0.0409418
0.644573
0.285383
0.517698
0.251712
0.416971
0.191886
0.0737275
0.601687
0.212827
0.467556
0.480112
0.979629
0.901617
0.452493
0.72938
0.366127
0.00263269
0.179752
0.939048
0.0529708
0.0507745
0.3667
0.493127
0.166291
0.853836
0.475559
0.316594
0.845689
0.254351
0.200871
0.162232
0.450615
0.522761
0.898573
0.626581
0.694954
0.240277
0.924148
0.0478236
0.184642
0.609784
0.00377027
0.78217
0.388168
0.10494
0.464259
0.860701
0.00653055
0.56759
0.262725
0.329616
0.192459
0.735384
0.139244
0.899277
0.873609
0.0176387
0.643858
0.569095
0.861906
0.68293
0.154078
0.140861
0.25128
0.427797
0.170563
0.0370016
0.0570814
0.426704
0.777207
0.613091
0.769873
0.0508165
0.560705
0.300363
0.552769
0.240204
0.639881
0.178601
0.692786
0.788046
0.532148
0.53731
0.171948
0.546283
0.184251
0.694152
0.784625
0.70006
0.340147
0.832102
0.552957
0.0499839
0.731833
0.506655
0.580949
0.0695551
0.446154
0.141845
0.182498
0.41922
0.324414
0.0760432
0.615094
0.826412
0.212971
0.729985
0.862038
0.037636
0.29255
0.175352
0.678687
0.450218
0.863174
0.768259
0.447596
0.441887
0.0678097
0.0434668
0.789067
0.950478
0.272889
0.861384
0.406829
0.85759
0.249187
0.216806
0.673947
0.50978
0.881771
0.44132
0.505925
0.50637
0.220012
0.3697
0.746744
0.07706
0.79733
0.612795
0.522753
0.217505
0.805177
0.889321
0.706921
0.439284
0.682601
0.85275
0.0544804
0.995646
0.146899
0.0176816
0.785237
0.941998
0.181737
0.834786
0.45828
0.902087
0.895163
0.383726
0.276162
0.611984
0.950758
0.592679
0.571868
0.650424
0.660494
0.326138
0.336088
0.0646418
0.136266
0.642322
0.880269
0.502163
0.90857
0.845899
0.277393
0.409084
0.480619
0.0139996
0.395583
0.990865
0.55103
0.4946
0.845019
0.883548
0.352826
0.371149
0.352791
0.763025
0.0893743
0.474519
0.945495
0.579955
0.674554
0.180485
0.0394691
0.606587
0.967426
0.654873
0.0371027
0.524861
0.0694698
0.598329
0.438914
0.799263
0.047459
0.209333
0.76218
0.841035
0.983329
0.28371
0.0963614
0.0362593
0.201273
0.973087
0.778991
0.361565
0.870716
0.503433
0.713621
0.802639
0.226064
0.38247
0.0256834
0.289607
0.0904204
0.414873
0.849118
0.785801
0.547846
0.829672
0.912419
0.893241
0.207056
0.964585
0.423664
0.925616
0.833936
0.438085
0.535698
0.143313
0.535339
0.746643
0.805532
0.4569
0.602102
0.816237
0.270233
0.87704
0.00780469
0.000986652
0.819886
0.444481
0.00192226
0.366317
0.487135
0.311482
0.00260196
0.740771
0.326515
0.970578
0.7892
0.0743144
0.214841
0.244992
0.889315
0.220045
0.308531
0.241894
0.509613
0.934844
0.561097
0.0251385
0.266943
0.924644
0.975956
0.719309
0.456177
0.0165754
0.989758
0.289759
0.970604
0.463072
0.210565
0.307896
0.48281
0.711763
0.96938
0.358098
0.429703
0.855509
0.406603
0.8246
0.112902
0.290984
0.950438
0.456263
0.916583
0.34259
0.222785
0.693833
0.801469
0.324443
0.521412
0.166792
0.417593
0.104821
0.92769
0.386669
0.644339
0.610158
0.517043
0.766785
0.1836
0.63657
0.322722
0.715589
0.7232
0.54715
0.779837
0.25777
0.166328
0.41774
0.225929
0.976617
0.638847
0.353382
0.298892
0.671215
0.870916
0.351276
0.774146
0.266039
0.616117
0.290781
0.601342
0.744436
0.577459
0.181739
0.751082
0.56899
0.990836
0.54491
0.755324
0.938989
0.773992
0.970789
0.593852
0.019426
0.950987
0.210709
0.0995687
0.0673039
0.446782
0.641095
0.272374
0.403692
0.406891
0.695297
0.0669979
0.909242
0.241635
0.406811
0.327263
0.355896
0.671047
0.251329
0.964791
0.522434
0.288105
0.217231
0.263855
0.556695
0.716364
0.99948
0.645777
0.939647
0.44744
0.864248
0.851027
0.385315
0.631577
0.755481
0.67503
0.947492
0.0460496
0.960922
0.0932315
0.822893
0.537291
0.140555
0.822591
0.275607
0.604693
0.694411
0.0561391
0.217351
0.489692
0.792082
0.789983
0.369579
0.221119
0.811084
0.59868
0.332591
0.0180738
0.646041
0.14377
0.854497
0.846296
0.476584
0.432719
0.596344
0.409224
0.758575
0.456022
0.520529
0.884268
0.882097
0.528826
0.788905
0.172645
0.318029
0.160012
0.863331
0.597848
0.841563
0.412572
0.17228
0.405306
0.215528
0.263161
0.509061
0.306651
0.255837
0.863081
0.459721
0.0116201
0.918308
0.0461875
0.293846
0.880878
0.212037
0.401771
0.247155
0.914547
0.934467
0.927132
0.899196
0.31399
0.71485
0.990646
0.250779
0.0938659
0.190508
0.304491
0.220488
0.0167186
0.752795
0.995295
0.834161
0.752625
0.982775
0.264471
0.47878
0.296032
0.673229
0.098302
0.827501
0.624817
0.850213
0.397849
0.222726
0.726585
0.462916
0.702689
0.523764
0.144119
0.0678405
0.327984
0.605755
0.685875
0.0198679
0.788537
0.0970341
0.434315
0.168682
0.462045
0.658956
0.10643
0.712037
0.839903
0.0514948
0.509609
0.906937
0.281977
0.684335
0.187796
0.388516
0.259578
0.491653
0.950472
0.414624
0.524119
0.536841
0.0581603
0.260502
0.323085
0.0598665
0.196783
0.69687
0.883944
0.689426
0.0828827
0.287813
0.273598
0.465501
0.568687
0.6722
0.277857
0.215366
0.537885
0.851813
0.266584
0.312558
0.0277503
0.551991
0.215621
0.637288
0.269088
0.841824
0.21818
0.987514
0.5197
0.170134
0.123861
0.953847
0.354562
0.675019
0.396844
0.741055
0.524754
0.631616
0.426798
0.339874
0.940425
0.977151
0.184761
0.843237
0.26349
0.0722603
0.223964
0.568679
0.146898
0.925463
0.576529
0.502037
0.594341
0.736306
0.0999282
0.475818
0.0659513
0.190686
0.733162
0.731698
0.101242
0.0484515
0.899186
0.321577
0.711079
0.904833
0.000714648
0.891334
0.760241
0.469407
0.222396
0.800463
0.392322
0.118235
0.374826
0.243128
0.0308078
0.538086
0.482392
0.0410131
0.863277
0.119002
0.856257
0.831783
0.941826
0.803362
0.411377
0.982995
0.0345189
0.00987465
0.0831118
0.571513
0.0362372
0.31402
0.692179
0.218176
0.597048
0.519643
0.502406
0.0182352
0.0758215
0.611593
0.667567
0.801405
0.0609279
0.3691
0.270317
0.440774
0.355967
0.462228
0.68222
0.520944
0.0518941
0.0421614
0.725464
0.368644
0.0759738
0.196857
0.122107
0.0934683
0.270966
0.514215
0.393544
0.681701
0.754658
0.55386
0.335916
0.754752
0.808114
0.501826
0.425617
0.554995
0.539329
0.667606
0.200167
0.619951
0.265152
0.96558
0.976385
0.808822
0.626487
0.911708
0.456127
0.652142
0.0419136
0.128548
0.153722
0.730768
0.797668
0.808605
0.370059
0.177259
0.494381
0.109729
0.0845887
0.204281
0.529783
0.833811
0.899306
0.94364
0.181045
0.818751
0.625709
0.756787
0.110309
0.864296
0.1217
0.513285
0.585587
0.961239
0.672313
0.0436421
0.254671
0.251964
0.00682267
0.210048
0.0641518
0.756908
0.990771
0.915698
0.00413514
0.263522
0.210898
0.350737
0.262313
0.7513
0.684214
0.0864062
0.426517
0.516517
0.414302
0.109687
0.578081
0.525323
0.693961
0.971949
0.294957
0.381292
0.746608
0.634372
0.683121
0.814021
0.776564
0.482126
0.0133534
0.893144
0.631192
0.00131506
0.872604
0.315078
0.513393
0.101621
0.571351
0.668905
0.582858
0.532062
0.568946
0.338019
0.0464913
0.156964
0.506112
0.682143
0.731792
0.361296
0.217473
0.335452
0.0353201
0.334858
0.985234
0.484787
0.0695974
0.636794
0.67617
0.569329
0.544721
0.327541
0.141514
0.560932
0.476764
0.248181
0.236089
0.015942
0.208561
0.410822
0.00569053
0.0153242
0.855866
0.0918361
0.351348
0.542585
0.872395
0.202988
0.00793844
0.204796
0.848659
0.966948
0.811719
0.338017
0.763932
0.906009
0.162432
0.452685
0.588347
0.378552
0.30274
0.0720799
0.891955
0.577223
0.0439506
0.288227
0.323372
0.589365
0.502208
0.295087
0.267648
0.514888
0.0536267
0.923863
0.411927
0.110175
0.389337
0.703841
0.79234
0.159331
0.323069
0.0773487
0.215831
0.169336
0.334192
0.486786
0.743332
0.0581933
0.231261
0.288907
0.164667
0.770713
0.613773
0.0826698
0.701866
0.855721
0.630606
0.930655
0.368783
0.949731
0.715441
0.658957
0.159503
0.991516
0.633755
0.860051
0.853374
0.183462
0.91921
0.130118
0.482077
0.228153
0.754736
0.56403
0.869487
0.224281
0.686397
0.166854
0.305385
0.702658
0.893916
0.217045
0.719096
0.63216
0.0832103
0.140875
0.40374
0.781047
0.553401
0.806255
0.592057
0.535689
0.224664
0.491999
0.153574
0.131011
0.886319
0.997856
0.199891
0.770848
0.00570134
0.672043
0.292444
0.493804
0.137763
0.440629
0.547706
0.36652
0.297644
0.26331
0.370977
0.567199
0.294836
0.522215
0.929866
0.811826
0.0680693
0.0323215
0.663602
0.10008
0.41856
0.387839
0.248023
0.839549
0.495261
0.655346
0.950722
0.831578
0.189456
0.91
0.469009
0.683389
0.000675706
0.982896
0.00394274
0.071547
0.483344
0.327547
0.430729
0.92178
0.315084
0.870794
0.762848
0.325704
0.018614
0.821448
0.191847
0.128951
0.0133753
0.918295
0.688268
0.600769
0.309192
0.229148
0.242871
0.866557
0.462689
0.376589
0.786614
0.792549
0.869742
0.553961
0.863284
0.17354
0.229042
0.526022
0.638601
0.694967
0.509255
0.273121
0.735115
0.656152
0.29462
0.990967
0.107662
0.383101
0.387062
0.607788
0.856092
0.690051
0.0246908
0.87947
0.371589
0.477951
0.426609
0.401476
0.526252
0.879669
0.648732
0.321569
0.612709
0.267138
0.55107
0.271561
0.411176
0.144042
0.740962
0.888245
0.0353504
0.748095
0.926644
0.585326
0.215071
0.733621
0.125763
0.34332
0.27214
0.613213
0.345188
0.410753
0.95374
0.469623
0.803949
0.458864
0.894279
0.773299
0.117293
0.26582
0.811496
0.191727
0.160315
0.873153
0.180391
0.255726
0.720478
0.62494
0.0165388
0.810864
0.975648
0.29042
0.51005
0.80151
0.200403
0.615718
0.267617
0.84071
0.821116
0.901356
0.74701
0.0507678
0.632964
0.0990231
0.275658
0.332235
0.931248
0.510032
0.256591
0.131884
0.435383
0.442405
0.0795163
0.303999
0.0256771
0.17364
0.574465
0.402459
0.585208
0.914589
0.943689
0.886931
0.288938
0.535903
0.439532
0.564622
0.108438
0.535986
0.0915908
0.719368
0.33335
0.346678
0.661712
0.499516
0.36474
0.730051
0.726685
0.862973
0.224419
0.128249
0.359138
0.867396
0.373683
0.740749
0.774515
0.458037
0.371152
0.637327
0.691966
0.62731
0.806919
0.15727
0.0898598
0.178992
0.97791
0.82495
0.184025
0.717217
0.10868
0.0284733
0.495673
0.386589
0.320803
0.408781
0.855826
0.0715872
0.81589
0.610096
0.0690455
0.116733
0.57128
0.335654
0.421806
0.355445
0.725863
0.0342364
0.218874
0.321935
0.873984
0.883927
0.188017
0.774656
0.429797
0.00943387
0.11628
0.834137
0.169537
0.42993
0.0488657
0.249036
0.978328
0.308851
0.479467
0.185394
0.111127
0.53914
0.373516
0.033171
0.869357
0.761867
0.800601
0.805525
0.113448
0.23747
0.972536
0.84897
0.790279
0.174792
0.0192928
0.271524
0.1536
0.48881
0.874762
0.197309
0.486161
0.295242
0.748363
0.993768
0.386729
0.385308
0.0288644
0.0493975
0.240323
0.198595
0.361645
0.161891
0.677238
0.921595
0.733838
0.82433
0.762907
0.298603
0.013919
0.369724
0.815202
0.972708
0.433202
0.327919
0.51305
0.67538
0.542973
0.660738
0.792695
0.663807
0.916388
0.651022
0.570696
0.354495
0.689033
0.348789
0.801742
0.612348
0.594016
0.452458
0.459911
0.569647
0.568711
0.35019
0.407595
0.723504
0.00572618
0.352711
0.530995
0.00950741
0.34469
0.779764
0.716936
0.423822
0.499033
0.189864
0.87013
0.0576806
0.290553
0.241068
0.994709
0.854882
0.790354
0.915727
0.649526
0.856004
0.564598
0.562811
0.0557972
0.0757369
0.396327
0.894939
0.487063
0.11958
0.989415
0.731468
0.0270775
0.295776
0.346237
0.14685
0.734399
0.923319
0.144781
0.557933
0.0909215
0.692817
0.977581
0.854031
0.148709
0.631309
0.574151
0.809533
0.639927
0.400958
0.188127
0.982518
0.333543
0.586149
0.41313
0.238012
0.107277
0.645495
0.971197
0.717736
0.86264
0.210512
0.411332
0.90749
0.846632
0.476543
0.830939
0.503957
0.116367
0.237314
0.303946
0.645133
0.955295
0.186656
0.925656
0.194325
0.667005
0.659731
0.961884
0.350967
0.849073
0.656882
0.985729
0.61349
0.553593
0.470606
0.260386
0.656361
0.415042
0.771259
0.646455
0.0811418
0.439779
0.19121
0.687
0.177855
0.0418417
0.65387
0.599804
0.649247
0.146876
0.453435
0.374541
0.384385
0.85212
0.175292
0.377632
0.312669
0.754233
0.796379
0.843143
0.0475241
0.438391
0.907262
0.374958
0.69025
0.706319
0.704009
0.919502
0.45463
0.166928
0.671542
0.554954
0.624222
0.249119
0.987354
0.182962
0.854381
0.332481
0.642145
0.04231
0.15293
0.56881
0.113747
0.965519
0.689946
0.528152
0.554027
0.544398
0.941798
0.964882
0.799444
0.706429
0.562237
0.636191
0.662908
0.629533
0.617084
0.170805
0.58462
0.576885
0.00143291
0.0789486
0.942559
0.902559
0.978686
0.952037
0.558636
0.0364189
0.927004
0.441906
0.250878
0.0765576
0.0295111
0.797494
0.70728
0.392781
0.560211
0.728312
0.765394
0.0142683
0.416896
0.411621
0.960296
0.010456
0.573032
0.574317
0.283153
0.119743
0.154671
0.274515
0.946133
0.963649
0.650154
0.000660466
0.42723
0.942108
0.401533
0.778319
0.0313034
0.714812
0.910179
0.752798
0.217294
0.308872
0.421759
0.384004
0.112163
0.445518
0.0998602
0.128128
0.851627
0.413373
0.645437
0.868447
0.429476
0.792187
0.0636043
0.509655
0.888488
0.814705
0.247459
0.997538
0.794308
0.716695
0.81232
0.117855
0.772622
0.808223
0.73941
0.560735
0.763061
0.619054
0.370924
0.203953
0.139663
0.0964693
0.112717
0.00507643
0.904587
0.739354
0.0574081
0.992661
0.432569
0.272174
0.408644
0.0058412
0.544189
0.360279
0.795597
0.744352
0.481979
0.904775
0.977441
0.729524
0.0462099
0.158676
0.764249
0.229211
0.182645
0.799372
0.264544
0.303108
0.99226
0.335331
0.919357
0.977909
0.544676
0.867412
0.95513
0.349325
0.862152
0.798513
0.586982
0.170561
0.417638
0.143043
0.714454
0.933203
0.973592
0.598526
0.515927
0.631017
0.953296
0.470109
0.396683
0.485639
0.983079
0.90518
0.606886
0.260336
0.759026
0.1677
0.0996873
0.555588
0.971879
0.38841
0.409775
0.223203
0.287911
0.944713
0.658256
0.47211
0.19514
0.759571
0.258841
0.119018
0.592893
0.372781
0.0593688
0.770409
0.506366
0.458109
0.160402
0.890786
0.0657897
0.025298
0.192254
0.688128
0.0833541
0.151574
0.848583
0.496207
0.479494
0.816733
0.499668
0.546942
0.680391
0.18916
0.525924
0.797719
0.232107
0.597469
0.995254
0.913172
0.620561
0.70361
0.0348831
0.955255
0.410653
0.290141
0.969601
0.649393
0.106881
0.752039
0.510234
0.242585
0.662296
0.233501
0.237475
0.0277495
0.111962
0.919504
0.532301
0.391588
0.390368
0.634486
0.141498
0.546167
0.24968
0.383604
0.866024
0.216872
0.743227
0.473027
0.164931
0.5848
0.426853
0.0712787
0.915723
0.994186
0.283003
0.998984
0.545275
0.861278
0.556231
0.51928
0.619483
0.173072
0.917062
0.891449
0.900784
0.839085
0.0829817
0.935724
0.304006
0.48245
0.557722
0.259192
0.638619
0.830926
0.540193
0.0803257
0.101916
0.916378
0.394044
0.335
0.151508
0.288281
0.419564
0.697025
0.374406
0.716187
0.0410549
0.595555
0.52504
0.156862
0.511047
0.449975
0.587371
0.113236
0.995983
0.554196
0.0824229
0.0669519
0.951122
0.504599
0.966867
0.524519
0.821223
0.143749
0.105176
0.45101
0.667818
0.370204
0.00703827
0.900244
0.595295
0.998128
0.393029
0.173767
0.357531
0.654578
0.100237
0.125824
0.347985
0.253779
0.554913
0.615289
0.213249
0.484169
0.983041
0.991576
0.562824
0.868981
0.494786
0.258412
0.819022
0.679426
0.891637
0.102178
0.998299
0.510434
0.657792
0.802241
0.712787
0.996456
0.0905675
0.961351
0.206413
0.700803
0.704172
0.0856129
0.632022
0.638696
0.553918
0.505262
0.336744
0.372542
0.826133
0.115176
0.338387
0.0375298
0.73061
0.710459
0.507696
0.707881
0.0181008
0.922553
0.222738
0.63772
0.394729
0.925207
0.936451
0.226092
0.63349
0.383543
0.838729
0.494245
0.0747682
0.113757
0.0780632
0.515031
0.0138195
0.608228
0.182479
0.939862
0.787143
0.33167
0.337412
0.740185
0.261201
0.975619
0.905102
0.963139
0.855079
0.220498
0.750897
0.060829
0.477932
0.941872
0.270494
0.146131
0.734403
0.815475
0.879266
0.263312
0.191631
0.225232
0.226574
0.397587
0.381579
0.0166864
0.314224
0.981783
0.870753
0.109916
0.687087
0.684947
0.963348
0.672039
0.426177
0.0785066
0.274966
0.361236
0.488077
0.957835
0.146892
0.388605
0.251993
0.6194
0.795799
0.32206
0.285249
0.596775
0.970618
0.00521014
0.925474
0.291873
0.763249
0.0115148
0.509379
0.0333917
0.60652
0.687544
0.234993
0.307033
0.182285
0.140934
0.920343
0.401721
0.408481
0.428712
0.992796
0.684055
0.767508
0.60563
0.361106
0.551767
0.429834
0.0433771
0.13545
0.00762509
0.289041
0.018428
0.244189
0.358068
0.00418764
0.153388
0.777364
0.210346
0.199957
0.597273
0.289041
0.727175
0.642569
0.83503
0.888949
0.84312
0.666196
0.1016
0.989412
0.164215
0.17425
0.398164
0.0647763
0.076644
0.784498
0.968529
0.453718
0.0838303
0.565816
0.945963
0.646942
0.504477
0.565342
0.0543583
0.349304
0.552312
0.235213
0.159498
0.129577
0.943432
0.417664
0.266238
0.851132
0.342307
0.672536
0.142658
0.182036
0.0576614
0.545655
0.937583
0.983477
0.123367
0.596788
0.699476
0.593787
0.951504
0.449319
0.693733
0.342013
0.40803
0.793394
0.0399463
0.784877
0.839281
0.786982
0.280835
0.846483
0.674452
0.592632
0.836613
0.217632
0.0944149
0.889699
0.32856
0.793296
0.70855
0.838029
0.416301
0.795615
0.245214
0.545207
0.922068
0.0607064
0.567358
0.826867
0.612547
0.167277
0.903404
0.977816
0.141715
0.324763
0.541408
0.60269
0.248608
0.0209964
0.947932
0.061054
0.0945611
0.217062
0.455897
0.400584
0.143408
0.676708
0.105287
0.589542
0.351668
0.560363
0.0861936
0.48496
0.941608
0.0920959
0.432131
0.488345
0.160394
0.553313
0.456443
0.585577
0.494375
0.640543
0.685817
0.673548
0.247327
0.688302
0.493597
0.193993
0.518429
0.630402
0.388526
0.877459
0.669342
0.485459
0.194196
0.405426
0.265799
0.189934
0.191787
0.949119
0.235884
0.398178
0.597481
0.629453
0.514376
0.906678
0.258831
0.86667
0.925544
0.173093
0.649266
0.42734
0.370978
0.535024
0.231665
0.808295
0.317851
0.713229
0.926255
0.839155
0.464044
0.985847
0.923789
0.470751
0.0171012
0.0960507
0.469895
0.370748
0.176521
0.483936
0.49089
0.748961
0.731087
0.356819
0.385838
0.491078
0.90547
0.125618
0.180693
0.917689
0.542796
0.548926
0.306423
0.429578
0.663382
0.294766
0.987946
0.72739
0.280628
0.31644
0.668452
0.395134
0.457813
0.327452
0.646622
0.681765
0.123442
0.569234
0.754292
0.855486
0.786671
0.562123
0.490839
0.768578
0.816349
0.0848244
0.254923
0.516331
0.659876
0.6751
0.540091
0.0601694
0.69269
0.127134
0.191853
0.715796
0.673529
0.902909
0.800916
0.888875
0.221272
0.844108
0.550689
0.0956472
0.630127
0.136993
0.727642
0.6196
0.00952508
0.0715243
0.272142
0.419779
0.0949459
0.992336
0.291985
0.958432
0.427896
0.895958
0.971273
0.341227
0.00554985
0.041237
0.914796
0.277459
0.00358467
0.434507
0.328747
0.413089
0.971622
0.283079
0.796443
0.151881
0.295956
0.730297
