0.604389
0.996317
0.1278
0.197995
0.887765
0.0601682
0.0832696
0.585833
0.0379207
0.103533
0.399159
0.537711
0.215883
0.385668
0.913781
0.362133
0.541705
0.182828
0.341503
0.851276
0.964331
0.536677
0.887617
0.749711
0.139741
0.00459709
0.791255
0.513993
0.231035
0.703627
0.650747
0.868159
0.347779
0.330646
0.293769
0.013336
0.279682
0.857824
0.151102
0.552496
0.0609951
0.846218
0.962792
0.301099
0.233213
0.935098
0.842147
0.77979
0.5076
0.582442
0.586463
0.420528
0.833088
0.155242
0.10935
0.523232
0.552819
0.163717
0.149374
0.0602549
0.432518
0.489855
0.00525695
0.261437
0.34258
0.0134552
0.700826
0.849236
0.420575
0.810989
0.989916
0.433189
0.962173
0.435243
0.207442
0.202427
0.755968
0.944313
0.860479
0.406706
0.951387
0.469244
0.707278
0.490658
0.365656
0.613785
0.653448
0.213981
0.55871
0.956306
0.883753
0.97133
0.631806
0.405916
0.443799
0.00680373
0.334832
0.769546
0.646107
0.448022
0.940273
0.978592
0.492181
0.441689
0.797656
0.120494
0.827361
0.746287
0.586822
0.302987
0.585088
0.574876
0.206471
0.0571041
0.229534
0.989017
0.806389
0.0429886
0.542398
0.264695
0.509116
0.582111
0.0455839
0.875814
0.48395
0.194211
0.981335
0.902633
0.627811
0.36896
0.928358
0.89851
0.0520551
0.0881093
0.23862
0.334386
0.854289
0.0150757
0.258464
0.721256
0.0885035
0.862005
0.166659
0.451568
0.283776
0.547736
0.971439
0.148793
0.868318
0.488421
0.590906
0.00338873
0.485556
0.731447
0.536971
0.986513
0.501552
0.0497241
0.110463
0.471467
0.165122
0.45552
0.616871
0.114983
0.0825708
0.0190099
0.0872258
0.414125
0.442025
0.856215
0.240533
0.843351
0.374841
0.0190141
0.746116
0.164439
0.0199514
0.585342
0.799097
0.681604
0.298115
0.535085
0.174707
0.532258
0.212151
0.684391
0.388161
0.229595
0.575133
0.130771
0.284857
0.0763998
0.389343
0.870478
0.611731
0.366754
0.64515
0.617067
0.337687
0.165548
0.944976
0.509961
0.953713
0.469904
0.932901
0.791717
0.494276
0.0136719
0.240215
0.437881
0.887978
0.913219
0.623656
0.469213
0.824151
0.362645
0.666756
0.348292
0.123769
0.466428
0.0400685
0.546722
0.962809
0.184593
0.042023
0.445642
0.395741
0.970176
0.669351
0.730173
0.109654
0.494967
0.925428
0.672137
0.423362
0.318829
0.991782
0.754407
0.325558
0.378192
0.568419
0.732356
0.409951
0.613652
0.972009
0.856159
0.384892
0.273126
0.834462
0.492245
0.470745
0.145238
0.10029
0.30296
0.983454
0.0776885
0.262521
0.362837
0.643343
0.0963482
0.0246844
0.311679
0.954206
0.905298
0.728397
0.655716
0.616215
0.213614
0.707738
0.187489
0.893801
0.0581106
0.323031
0.853496
0.121565
0.750045
0.472668
0.302545
0.602322
0.212392
0.695795
0.296022
0.191787
0.323165
0.933363
0.667619
0.7514
0.972796
0.42791
0.302634
0.854623
0.397065
0.73437
0.641092
0.865236
0.390702
0.993667
0.314808
0.0403652
0.345828
0.830135
0.821913
0.327704
0.916665
0.629248
0.0718252
0.678707
0.359389
0.153499
0.0496253
0.813969
0.887435
0.0120272
0.249766
0.0534283
0.3518
0.373786
0.700164
0.441463
0.879066
0.203433
0.106053
0.235276
0.610487
0.59581
0.535021
0.652011
0.758678
0.305872
0.29419
0.518503
0.720281
0.911394
0.323808
0.225032
0.116122
0.324165
0.0406353
0.329771
0.108666
0.58502
0.886083
0.898563
0.535417
0.755167
0.416722
0.0241277
0.200171
0.226596
0.558168
0.0771384
0.419831
0.577641
0.841025
0.67435
0.81115
0.0758536
0.571053
0.105906
0.71549
0.317615
0.688586
0.876558
0.00320705
0.429437
0.338936
0.785716
0.77112
0.658449
0.390634
0.237948
0.122631
0.209427
0.622225
0.592366
0.96655
0.51484
0.94111
0.230952
0.559118
0.0840022
0.824513
0.175436
0.563526
0.813498
0.949024
0.64958
0.198635
0.0824863
0.366615
0.984369
0.280215
0.227508
0.135918
0.901693
0.430882
0.5611
0.0143928
0.477447
0.834043
0.0578589
0.320461
0.385814
0.726784
0.967254
0.970237
0.626495
0.85159
0.288775
0.37741
0.230335
0.983857
0.00727913
0.693444
0.379231
0.713894
0.127695
0.0775614
0.568224
0.895252
0.610947
0.806123
0.0340125
0.618534
0.361377
0.140467
0.128376
0.0360134
0.401866
0.973219
0.890107
0.599968
0.397247
0.0187503
0.772226
0.694693
0.0401435
0.734169
0.811342
0.0647781
0.486608
0.993558
0.389696
0.701721
0.214784
0.499448
0.0556305
0.0354883
0.489305
0.294844
0.0648179
0.700175
0.315619
0.782938
0.180741
0.0243628
0.776437
0.412921
0.480622
0.24682
0.372809
0.840517
0.88043
0.242095
0.696823
0.26845
0.440792
0.0962506
0.299102
0.964028
0.416689
0.92218
0.626536
0.702364
0.55455
0.381705
0.453771
0.907306
0.678956
0.117298
0.369928
0.847651
0.274816
0.437875
0.318032
0.12557
0.640008
0.69564
0.930078
0.779544
0.320058
0.6068
0.141116
0.00571202
0.420696
0.894316
0.155938
0.310555
0.960888
0.967881
0.854809
0.891714
0.338864
0.87485
0.269289
0.789888
0.559169
0.0621526
0.608846
0.758937
0.95727
0.0692625
0.217372
0.747565
0.671
0.566936
0.148174
0.96952
0.992277
0.303419
0.0537761
0.961317
0.428544
0.215652
0.311856
0.934506
0.972862
0.0894605
0.965639
0.612498
0.801263
0.938723
0.0780884
0.950271
0.242115
0.217222
0.109492
0.539075
0.253499
0.835468
0.0985037
0.793219
0.561327
0.000624222
0.533157
0.212198
0.58658
0.462086
0.688608
0.245349
0.937437
0.687107
0.930529
0.417931
0.813931
0.44005
0.762475
0.00876464
0.995028
0.0750583
0.169606
0.514197
0.779062
0.358784
0.293356
0.152062
0.905274
0.272805
0.341886
0.0499002
0.204625
0.523685
0.237291
0.592027
0.813012
0.386429
0.782878
0.715005
0.999743
0.0202988
0.659164
0.532914
0.957221
0.695341
0.467512
0.296598
0.420756
0.396188
0.103454
0.478207
0.776123
0.47283
0.319068
0.387208
0.706327
0.897423
0.755105
0.135663
0.117393
0.0953907
0.27248
0.049941
0.165293
0.969295
0.177632
0.4608
0.723364
0.491874
0.561513
0.755447
0.968089
0.391173
0.651796
0.0518844
0.893008
0.888314
0.992117
0.383818
0.343243
0.708168
0.614858
0.850031
0.943079
0.984125
0.90261
0.0314124
0.0868267
0.360338
0.109623
0.399428
0.737866
0.873217
0.325963
0.904178
0.648312
0.417438
0.829618
0.989485
0.378999
0.485395
0.61676
0.407935
0.624489
0.606923
0.805276
0.590848
0.272851
0.464557
0.432437
0.359234
0.911539
0.346949
0.538039
0.205784
0.498033
0.163429
0.522244
0.714613
0.297277
0.59253
0.844055
0.901578
0.77969
0.21866
0.633433
0.712668
0.00326753
0.603578
0.942165
0.087103
0.225558
0.921619
0.200786
0.303467
0.679292
0.215146
0.457805
0.517021
0.426273
0.490533
0.187552
0.104822
0.940807
0.128815
0.334354
0.804875
0.141101
0.544235
0.869063
0.942284
0.458231
0.26305
0.184196
0.697764
0.123931
0.151344
0.702001
0.4011
0.24921
0.294335
0.532908
0.163545
0.0191626
0.00125276
0.500526
0.917519
0.945873
0.343347
0.542334
0.349553
0.503131
0.089591
0.277153
0.378476
0.784586
0.145919
0.392765
0.928232
0.248901
0.731906
0.306715
0.472867
0.65846
0.683697
0.437296
0.0234864
0.410756
0.840348
0.916327
0.579961
0.84165
0.356676
0.851451
0.891066
0.628194
0.399176
0.250981
0.996289
0.637273
0.754422
0.879797
0.463203
0.27451
0.474036
0.0299265
0.228544
0.540361
0.39956
0.755461
0.831957
0.559984
0.565699
0.598466
0.565955
0.477749
0.340816
0.81171
0.798077
0.282244
0.212203
0.2505
0.213457
0.553586
0.525728
0.304843
0.833843
0.0795788
0.400905
0.900004
0.874673
0.225212
0.234281
0.933055
0.650475
0.280393
0.117756
0.708539
0.576369
0.127652
0.164894
0.721939
0.0278039
0.266071
0.961567
0.0245711
0.79575
0.784215
0.0971886
0.714372
0.0464855
0.0621948
0.78921
0.775537
0.987384
0.945148
0.732885
0.957904
0.129785
0.668278
0.380092
0.539035
0.937297
0.893949
0.224732
0.0876336
0.21545
0.680827
0.43272
0.485281
0.720365
0.317335
0.836455
0.819507
0.303115
0.814046
0.0261806
0.837354
0.489276
0.102677
0.578887
0.15186
0.919554
0.726968
0.145769
0.207766
0.492067
0.291954
0.66261
0.101778
0.769888
0.29459
0.161295
0.256426
0.97061
0.204106
0.905284
0.161328
0.4713
0.937329
0.135749
0.78524
0.66418
0.731169
0.175774
0.368485
0.708219
0.413203
0.245658
0.882229
0.694767
0.680074
0.0309773
0.646705
0.0562673
0.737908
0.984511
0.702629
0.744939
0.579426
0.948932
0.0949017
0.915076
0.489937
0.33315
0.85834
0.0262702
0.214779
0.484713
0.898762
0.72329
0.86962
0.406973
0.0948297
0.029437
0.51407
0.50067
0.787398
0.81639
0.730267
0.771013
0.33259
0.587736
0.805565
0.162323
0.595743
0.947205
0.43586
0.261208
0.934116
0.178379
0.992458
0.721916
0.529482
0.280475
0.125461
0.132592
0.746546
0.34155
0.37115
0.40923
0.833634
0.618773
0.170872
0.0900852
0.244781
0.089913
0.177074
0.183248
0.296112
0.628327
0.763723
0.512762
0.684727
0.308266
0.292216
0.383621
0.307081
0.4124
0.450699
0.231256
0.91828
0.820858
0.951617
0.82947
0.235738
0.602716
0.540588
0.779415
0.877044
0.367804
0.816773
0.710206
0.696592
0.236742
0.135619
0.295175
0.12672
0.384965
0.964598
0.226602
0.282469
0.725713
0.145203
0.845416
0.765104
0.810632
0.899591
0.886087
0.0156174
0.555829
0.77861
0.0792772
0.242125
0.455425
0.465194
0.889155
0.269431
0.124855
0.236401
0.256978
0.0795379
0.670108
0.524848
0.683892
0.491477
0.282428
0.524121
0.924818
0.752968
0.496851
0.892351
0.916641
0.455049
0.326309
0.33679
0.256571
0.234962
0.359963
0.283405
0.985657
0.492122
0.690778
0.154395
0.443299
0.160544
0.401424
0.596719
0.844777
0.908951
0.144155
0.560293
0.388273
0.302577
0.749285
0.97541
0.356501
0.505834
0.795461
0.687882
0.262447
0.626387
0.28625
0.130817
0.759828
0.641163
0.516101
0.69697
0.442553
0.176028
0.953758
0.0214616
0.572797
0.995363
0.167775
0.505267
0.409371
0.938194
0.491573
0.702697
0.363682
0.349732
0.936465
0.724486
0.828942
0.488399
0.567664
0.72922
0.667077
0.249193
0.300106
0.480193
0.957662
0.646414
0.680594
0.942438
0.998003
0.417795
0.765761
0.447161
0.674046
0.0945087
0.685498
0.28458
0.234393
0.259243
0.969409
0.785782
0.706091
0.982324
0.691194
0.204389
0.513747
0.471729
0.469284
0.94818
0.593503
0.160373
0.966156
0.604787
0.77513
0.584391
0.693576
0.828296
0.219044
0.250046
0.593613
0.168585
0.662542
0.731419
0.141948
0.420783
0.213162
0.28167
0.685256
0.762733
0.354982
0.597703
0.172045
0.248292
0.0526106
0.166501
0.794209
0.0624376
0.094364
0.434005
0.0117776
0.171917
0.981373
0.543505
0.915443
0.973406
0.122462
0.0055164
0.0142138
0.973145
0.360227
0.444362
0.43146
0.205221
0.470574
0.691204
0.446311
0.417467
0.230285
0.860394
0.940023
0.316358
0.97059
0.888213
0.822059
0.644621
0.834995
0.0473853
0.591364
0.992411
0.256437
0.106182
0.242819
0.322845
0.558107
0.296326
0.708679
0.435822
0.84618
0.249081
0.821048
0.825671
0.255092
0.733642
0.663838
0.785937
0.753805
0.99733
0.7704
0.881228
0.350554
0.809839
0.970323
0.237072
0.422666
0.996466
0.611773
0.0184948
0.958206
0.0548316
0.96855
0.416045
0.851022
0.887485
0.481761
0.0902442
0.491365
0.627235
0.605193
0.579439
0.672631
0.390783
0.0399539
0.0884761
0.991404
0.262893
0.0436511
0.738254
0.353688
0.762901
0.78411
0.028289
0.803382
0.913542
0.955315
0.936794
0.885909
0.836096
0.910769
0.568044
0.881041
0.210618
0.785782
0.419512
0.630985
0.995121
0.142809
0.368871
0.0168376
0.51569
0.617723
0.147023
0.107426
0.957543
0.900963
0.801596
0.0884486
0.0251791
0.834768
0.14735
0.925484
0.933467
0.107109
0.877612
0.40633
0.139149
0.796729
0.132909
0.488202
0.758724
0.956682
0.942332
0.322045
0.924014
0.626769
0.644673
0.611263
0.0478904
0.676792
0.96595
0.924109
0.416253
0.321969
0.124123
0.748359
0.31766
0.02953
0.729709
0.682759
0.514476
0.807975
0.895354
0.992434
0.404526
0.238121
0.136985
0.432997
0.840225
0.683601
0.303731
0.372157
0.178057
0.358758
0.255758
0.384124
0.196212
0.44762
0.0825943
0.261322
0.472596
0.432761
0.020448
0.158479
0.661618
0.584978
0.181196
0.349276
0.627165
0.511941
0.841684
0.102277
0.961379
0.154004
0.734955
0.992422
0.46976
0.464137
0.6104
0.95968
0.281957
0.933177
0.255146
0.782184
0.30806
0.271197
0.146625
0.983311
0.0627593
0.746942
0.303085
0.686427
0.644602
0.118542
0.435628
0.280232
0.129906
0.544101
0.331073
0.0642978
0.087555
0.409478
0.73164
0.844615
0.408242
0.698424
0.432497
0.217269
0.718754
0.410544
0.918011
0.644855
0.383247
0.355505
0.167426
0.576497
0.691311
0.607589
0.946435
0.757397
0.208276
0.612999
0.704839
0.853816
0.491474
0.862378
0.683179
0.121973
0.93839
0.00690943
0.16252
0.631422
0.205966
0.681639
0.550353
0.782938
0.27087
0.249468
0.935472
0.149957
0.223201
0.569504
0.668799
0.285785
0.524283
0.220331
0.565612
0.36479
0.490116
0.439356
0.934349
0.94497
0.848916
0.101504
0.825032
0.287574
0.527307
0.102976
0.45146
0.301913
0.616053
0.358613
0.611262
0.853162
0.853877
0.546524
0.638859
0.315949
0.0778859
0.0117049
0.637266
0.481134
0.0463916
0.550498
0.342811
0.0202098
0.644586
0.549602
0.4149
0.804689
0.158576
0.752179
0.487379
0.420327
0.681238
0.994335
0.983075
0.998138
0.519905
0.664659
0.810481
0.227261
0.671166
0.518565
0.24134
0.43836
0.622636
0.663283
0.653147
0.919683
0.607155
0.0569749
0.415281
0.473014
0.282925
0.271188
0.583191
0.535375
0.359134
0.5482
0.0909229
0.286773
0.491808
0.55991
0.421285
0.511176
0.395923
0.148714
0.884596
0.354657
0.582326
0.58837
0.629703
0.60471
0.708574
0.721434
0.412493
0.185589
0.0239014
0.405844
0.865927
0.874863
0.806186
0.546389
0.689712
0.678964
0.812414
0.130598
0.169716
0.701702
0.351517
0.629773
0.829786
0.257692
0.866822
0.951085
0.455516
0.326195
0.157773
0.810097
0.806288
0.687907
0.223792
0.333521
0.0502195
0.166141
0.392234
0.893163
0.663441
0.329186
0.82462
0.242179
0.90737
0.291479
0.623198
0.806758
0.0319865
0.879317
0.988544
0.649299
0.378669
0.731263
0.919974
0.495371
0.180793
0.473413
0.0714151
0.916303
0.511799
0.254568
0.404567
0.959164
0.6571
0.769311
0.114546
0.263993
0.811251
0.758684
0.423187
0.689644
0.68762
0.182765
0.0122319
0.0283406
0.101482
0.843059
0.10353
0.320689
0.729912
0.365888
0.510187
0.258838
0.577081
0.467554
0.731077
0.104927
0.979718
0.415384
0.794842
0.430861
0.810642
0.484706
0.538979
0.0109477
0.60525
0.229676
0.690074
0.517001
0.196348
0.839008
0.0974674
0.270912
0.445496
0.57385
0.107343
0.110452
0.0159758
0.425413
0.300484
0.271983
0.655735
0.766101
0.910544
0.479012
0.874008
0.0830734
0.674133
0.739878
0.384985
0.658925
0.0194476
0.59829
0.334431
0.114053
0.667969
0.543055
0.177391
0.395928
0.492164
0.437884
0.635367
0.152732
0.929309
0.870166
0.265589
0.509052
0.490445
0.0415342
0.404658
0.378467
0.166888
0.849502
0.652774
0.518768
0.720992
0.0812435
0.927686
0.0340205
0.226502
0.499845
0.142283
0.252155
0.908151
0.537702
0.858501
0.523253
0.849559
0.238405
0.115822
0.647167
0.107566
0.285543
0.098414
0.28629
0.912395
0.513833
0.264832
0.34246
0.491415
0.791852
0.2568
0.618661
0.996019
0.0135274
0.458763
0.520892
0.877316
0.151262
0.18518
0.929856
0.78416
0.159625
0.936732
0.0653905
0.380517
0.692037
0.0278744
0.887354
0.916564
0.438494
0.228195
0.609147
0.925358
0.635608
0.0548171
0.992179
0.295616
0.240091
0.385869
0.261113
0.224697
0.368144
0.174306
0.768121
0.583692
0.314924
0.904313
0.898059
0.434787
0.0706344
0.644974
0.838323
0.903732
0.620121
0.424996
0.0058966
0.970087
0.530717
0.340749
0.591882
0.891288
0.453466
0.69422
0.914877
0.111425
0.223434
0.488186
0.79828
0.441076
0.169577
0.883101
0.0287459
0.358803
0.864229
0.735211
0.656002
0.496114
0.0984435
0.262909
0.464116
0.511874
0.596483
0.470617
0.413677
0.513185
0.156799
0.242361
0.195662
0.699985
0.54753
0.101391
0.347522
0.88382
0.115637
0.869712
0.714989
0.167691
0.882821
0.0772567
0.703074
0.669509
0.688088
0.98856
0.0603337
0.621618
0.486765
0.304726
0.146005
0.955506
0.960488
0.873835
0.750086
0.37989
0.61786
0.710401
0.0582886
0.565048
0.54505
0.97393
0.118286
0.634553
0.147449
0.214353
0.0344977
0.774101
0.257667
0.785699
0.609707
0.0295807
0.909727
0.374013
0.413967
0.924573
0.456402
0.967722
0.197493
0.785383
0.838271
0.771732
0.386491
0.948314
0.540372
0.547034
0.296826
0.749113
0.118239
0.165334
0.991451
0.0673396
0.758397
0.432641
0.141505
0.0500689
0.965832
0.228358
0.387093
0.147998
0.58123
0.432798
0.10304
0.00513666
0.394368
0.880998
0.292957
0.687498
0.738172
0.903584
0.720867
0.643871
0.677377
0.731923
0.898636
0.933766
0.441079
0.351126
0.930867
0.953969
0.0686401
0.341764
0.0137635
0.396109
0.605083
0.146105
0.406218
0.0755278
0.615722
0.332437
0.0851287
0.751153
0.746737
0.231438
0.314612
0.161848
0.0423082
0.553793
0.671633
0.987553
0.898687
0.148549
0.0884331
0.352601
0.850659
0.70326
0.163095
0.197888
0.937546
0.262384
0.0407559
0.648823
0.386716
0.704544
0.0692179
0.931033
0.254935
0.672498
0.25242
0.94445
0.326339
0.936759
0.261472
0.842273
0.650622
0.634537
0.298157
0.653227
0.979222
0.701301
0.353894
0.74028
0.295102
0.470141
0.758471
0.540714
0.808073
0.15078
0.200809
0.764322
0.297219
0.497336
0.630128
0.424238
0.193611
0.0683181
0.108638
0.438431
0.388748
0.251879
0.641995
0.647366
0.622152
0.0302393
0.248795
0.713102
0.73348
0.888436
0.538918
0.191572
0.772492
0.618356
0.938496
0.491891
0.354297
0.81424
0.321234
0.976179
0.378337
0.092745
0.0210366
0.529247
0.0968979
0.914833
0.723567
0.458015
0.270887
0.831363
0.0573923
0.55533
0.594789
0.307003
0.365963
0.99371
0.617176
0.816705
0.60086
0.0542258
0.059501
0.434306
0.687143
0.673339
0.359213
0.491322
0.173042
0.111937
0.574325
0.371526
0.357446
0.0954022
0.984978
0.423166
0.765568
0.745279
0.866153
0.809391
0.521616
0.25617
0.883051
0.847906
0.0207783
0.0600378
0.689282
0.26071
0.0209284
0.591733
0.0395974
0.102685
0.361187
0.00793332
0.464669
0.116756
0.718533
0.667565
0.559203
0.567229
0.466629
0.370782
0.035047
0.864845
0.960696
0.90997
0.755177
0.28581
0.329892
0.470828
0.569222
0.602735
0.238054
0.576399
0.368382
0.271616
0.985503
0.64792
0.391025
0.11587
0.308374
0.0414011
0.380241
0.723701
0.776957
0.100481
0.919918
0.687153
0.114478
0.75884
0.746905
0.817719
0.599867
0.56787
0.824699
0.965822
0.0479517
0.161864
0.830603
0.010454
0.657628
0.85307
0.369512
0.721737
0.387079
0.930988
0.472115
0.524491
0.0354778
0.221722
0.808164
0.110694
0.440661
0.676509
0.460386
0.0204211
0.690462
0.227203
0.217696
0.0800959
0.540542
0.594133
0.0743989
0.182205
0.412608
0.167774
0.8824
0.910465
0.430669
0.130754
0.506934
0.79582
0.599306
0.680394
0.466811
0.712032
0.289198
0.0285251
0.498846
0.195308
0.963824
0.763097
0.612794
0.386298
0.911398
0.535851
0.749595
0.407871
0.341133
0.746898
0.805047
0.393994
0.775091
0.507751
0.394257
0.382814
0.88343
0.730391
0.766249
0.489068
0.407795
0.874206
0.247627
0.0169701
0.0974459
0.808405
0.981582
0.495456
0.429501
0.6961
0.2185
0.0762598
0.460687
0.384181
0.240972
0.760443
0.965053
0.094925
0.779807
0.188638
0.00948661
0.410077
0.141326
0.532759
0.55776
0.69344
0.876369
0.0196346
0.686594
0.98643
0.985761
0.456081
0.348011
0.982914
0.48587
0.315094
0.381385
0.0180105
0.503632
0.126992
0.305175
0.256059
0.00229182
0.772713
0.661799
0.397966
0.501051
0.612551
0.133072
0.283354
0.8374
0.865931
0.0547588
0.493185
0.830148
0.918485
0.801233
0.978781
0.571478
0.0637565
0.0864339
0.976799
0.448712
0.89417
0.911189
0.961414
0.77806
0.948101
0.679078
0.71416
0.137596
0.0827751
0.112226
0.369215
0.965415
0.36239
0.930394
0.0959827
0.121931
0.488612
0.922508
0.134837
0.144381
0.333315
0.454992
0.0083919
0.40834
0.180881
0.873352
0.548879
0.861317
0.0531221
0.511039
0.145796
0.438657
0.455261
0.318137
0.925516
0.721515
0.636562
0.945801
0.730328
0.521927
0.647242
0.736006
0.871009
0.867096
0.228864
0.301048
0.409905
0.192329
0.19455
0.149643
0.855203
0.930679
0.779568
0.158295
0.729166
0.193505
0.458184
0.855407
0.131757
0.613868
0.638411
0.752029
0.256673
0.548657
0.938039
0.950067
0.605515
0.810568
0.315105
0.272134
0.428744
0.747262
0.464983
0.98374
0.848656
0.321862
0.178597
0.855225
0.860381
0.105005
0.760526
0.139112
0.607067
0.792711
0.211792
0.032051
0.803438
0.039307
0.741
0.339318
0.416091
0.193796
0.947057
0.135556
0.469374
0.851339
0.246823
0.431396
0.994207
0.927651
0.043022
0.547716
0.00149409
0.724761
0.618769
0.372333
0.294159
0.0551411
0.70069
0.892967
0.726025
0.585521
0.952208
0.360748
0.0912523
0.486917
0.165584
0.257325
0.00174414
0.763251
0.763796
0.0156761
0.123749
0.0804416
0.0780735
0.591245
0.496128
0.492939
0.648199
0.840743
0.0171498
0.844059
0.771896
0.289107
0.700634
0.913043
0.944897
0.267973
0.154361
0.370596
0.222814
0.0262616
0.18108
0.243849
0.997118
0.654934
0.117834
0.824767
0.731423
0.71438
0.557218
0.381068
0.347355
0.0853788
0.212168
0.0885716
0.759535
0.0696217
0.585777
0.282792
0.521659
0.97427
0.684215
0.401481
0.104772
0.414886
0.547699
0.231351
0.00602959
0.541136
0.879897
0.378421
0.826496
0.152736
0.600284
0.83836
0.322297
0.405957
0.414545
0.578093
0.128631
0.104171
0.143596
0.439755
0.471846
0.686694
0.359336
0.309474
0.0411564
0.94752
0.0746163
0.949704
0.23246
0.0854703
0.728504
0.753999
0.895172
0.602931
0.4817
0.320748
0.463236
0.457467
0.589622
0.734537
0.999318
0.827899
0.279535
0.831776
0.528207
0.00744443
0.757006
0.850602
0.225088
0.449802
0.887462
0.0925414
0.496375
0.228642
0.110737
0.450244
0.0318693
0.233694
0.491411
0.344208
0.590749
0.232237
0.890081
0.567484
0.830344
0.167856
0.313986
0.576571
0.12167
0.668336
0.180552
0.177953
0.810208
0.0574775
0.583256
0.704181
0.904099
0.289482
0.85991
0.409939
0.997989
0.616368
0.960143
0.0387871
0.180288
0.111071
0.186263
0.877506
0.61517
0.757748
0.544919
0.196589
0.76064
0.172255
0.861559
0.831522
0.749052
0.721213
0.523055
0.912213
0.280892
0.110737
0.354433
0.11781
0.605931
0.359884
0.575129
0.619367
0.720859
0.557229
0.449513
0.345525
0.0602509
0.444044
0.220881
0.724759
0.742879
0.260973
0.00392904
0.785697
0.987011
0.6085
0.359422
0.964326
0.873222
0.435135
0.153276
0.651365
0.160508
0.319533
0.148839
0.161176
0.252097
0.482517
0.428089
0.894964
0.287568
0.300099
0.564812
0.767489
0.906429
0.36607
0.305923
0.603825
0.489215
0.244432
0.87241
0.531327
0.731652
0.404836
0.722006
0.703812
0.297367
0.0805799
0.619153
0.468368
0.95284
0.335236
0.69359
0.464801
0.253411
0.477128
0.611862
0.448765
0.0861197
0.972862
0.198665
0.0896996
0.543031
0.162389
0.0047741
0.545935
0.630658
0.393111
0.567483
0.0832555
0.500919
0.0860747
0.251994
0.173028
0.0326981
0.876491
0.0577494
0.467589
0.607348
0.357722
0.446282
0.796226
0.813765
0.302986
0.246854
0.389335
0.164305
0.751202
0.0605619
0.0913369
0.939912
0.583669
0.857979
0.380298
0.360367
0.292078
0.0856248
0.645594
0.933196
0.544399
0.669974
0.925111
0.574665
0.912798
0.927545
0.287715
0.940694
0.814567
0.525201
0.819584
0.696623
0.874498
0.56771
0.678426
0.0288165
0.759423
0.17542
0.559879
0.532175
0.304011
0.70007
0.952069
0.54478
0.259087
0.0210877
0.757423
0.00786762
0.265493
0.550053
0.138536
0.446047
0.141844
0.875635
0.550116
0.58455
0.530799
0.859596
0.507179
0.73627
0.857487
0.114279
0.433258
0.284772
0.868569
0.066955
0.611404
0.344334
0.269675
0.570131
0.132182
0.134973
0.935031
0.335635
0.197619
0.0715746
0.911781
0.956942
0.35932
0.0960906
0.893536
0.383645
0.15813
0.641884
0.0384083
0.0668494
0.538986
0.918255
0.166713
0.12461
0.0136946
0.762763
0.722754
0.854439
0.249957
0.6149
0.0486113
0.112795
0.348147
0.471949
0.079532
0.682029
0.525287
0.515867
0.94039
0.131727
0.650781
0.847187
0.345904
0.0681483
0.0114804
0.00679006
0.292475
0.217662
0.301902
0.595397
0.563693
0.217996
0.390584
0.338123
0.745873
0.368994
0.42322
0.571435
0.58812
0.0287458
0.0911302
0.501021
0.918253
0.247616
0.652938
0.0652032
0.0163375
0.520089
0.652348
0.394154
0.380636
0.369605
0.75313
0.6119
0.239151
0.92526
0.381886
0.373455
0.329776
0.903784
0.466117
0.508201
0.794729
0.1351
0.204996
0.190176
0.00189111
0.857775
0.0100093
0.00868455
0.840485
0.770043
0.85716
0.933452
0.0150731
0.189844
0.694104
0.977298
0.575261
0.56237
0.941774
0.686356
0.331158
0.340056
0.934371
0.307496
0.0387626
0.56778
0.650849
0.738691
0.956373
0.306056
0.759104
0.281327
0.901909
0.670588
0.291549
0.323485
0.716772
0.184229
0.440328
0.364517
0.213507
0.533547
0.832271
0.472795
0.632357
0.197001
0.997549
0.00233758
0.615313
0.824469
0.414066
0.896317
0.512013
0.961685
0.607869
0.666094
0.921455
0.448689
0.633298
0.211515
0.560343
0.103609
0.292329
0.544017
0.180872
0.276075
0.232597
0.548818
0.557049
0.620513
0.000656919
0.187784
0.476269
0.0181568
0.474908
0.0765907
0.250691
0.581182
0.151014
0.410211
0.893036
0.854434
0.542755
0.460458
0.149395
0.488904
0.569121
0.34146
0.417923
0.176772
0.834777
0.675795
0.185443
0.611133
0.705152
0.028319
0.520869
0.25912
0.508216
0.973241
0.818232
0.858761
0.896617
0.299505
0.880025
0.255213
0.192148
0.186618
0.861108
0.444599
0.386606
0.832006
0.206492
0.897803
0.459503
0.16345
0.26875
0.520701
0.772368
0.387391
0.0444252
0.986848
0.523024
0.843683
0.891857
0.685589
0.517844
0.441956
0.380141
0.0318438
0.215882
0.0853038
0.796877
0.401806
0.0497938
0.316489
0.87122
0.931406
0.425734
0.866155
0.480643
0.908342
0.250534
0.526644
0.244831
0.838439
0.525723
0.349804
0.257132
0.168828
0.599235
0.810992
0.848919
0.844772
0.235003
0.508285
0.669355
0.0907413
0.542999
0.297991
0.381843
0.533887
0.426526
0.232036
0.0284191
0.0260282
0.274301
0.694481
0.329998
0.750489
0.795652
0.0537418
0.00922394
0.728125
0.664392
0.585327
0.919038
0.167337
0.971964
0.219607
0.0382485
0.228961
0.707766
0.352622
0.709488
0.588693
0.108756
0.646823
0.731115
0.86338
0.0226476
0.151201
0.525194
0.226565
0.841663
0.430033
0.29939
0.577169
0.344752
0.857011
0.286569
0.440954
0.766391
0.383014
0.238804
0.393912
0.195833
0.440701
0.618401
0.231855
0.871433
0.73142
0.319949
0.811777
0.458856
0.675969
0.287785
0.73052
0.734221
0.707929
0.209465
0.171159
0.533741
0.708862
0.00101278
0.190983
0.736014
0.995545
0.197129
0.23289
0.335191
0.13903
0.336518
0.566146
0.460993
0.891545
0.117399
0.10618
0.39189
0.696743
0.888527
0.0462039
0.292178
0.953748
0.76097
0.0557705
0.0284243
0.927071
0.37059
0.0158337
0.503636
0.949154
0.932438
0.0537067
0.914552
0.503754
0.19154
0.618835
0.875323
0.419878
0.930432
0.530359
0.844397
0.760505
0.648948
0.92929
0.69858
0.228309
0.703407
0.238032
0.540336
0.377261
0.632882
0.987599
0.77693
0.716882
0.84262
0.261914
0.461283
0.362922
0.616994
0.30945
0.632657
0.779053
0.888038
0.678838
0.214395
0.196742
0.410608
0.766982
0.786699
0.599596
0.160061
0.187611
0.859135
0.515302
0.468986
0.00527586
0.757601
0.513685
0.441904
0.974453
0.350325
0.1977
0.478593
0.888893
0.559826
0.249118
0.264965
0.56338
0.793156
0.0211781
0.736915
0.401138
0.710066
0.641101
0.647793
0.958726
0.515669
0.0128461
0.828594
0.626535
0.608387
0.705995
0.53506
0.0611402
0.555622
0.0668981
0.751989
0.0353883
0.958622
0.373813
0.996788
0.758731
0.0833526
0.51274
0.866936
0.659336
0.0688538
0.925141
0.0393554
0.990721
0.699634
0.861983
0.168359
0.690505
0.848481
0.229517
0.124896
0.0511822
0.639516
0.0782118
0.770704
0.557131
0.0940642
0.728461
0.420108
0.670847
0.806677
0.889783
0.668216
0.828957
0.968009
0.749572
0.581148
0.952475
0.214831
0.205991
0.98537
0.516447
0.238191
0.386223
0.212828
0.298394
0.688051
0.622623
0.103552
0.286049
0.601357
0.868488
0.815685
0.374918
0.482972
0.777823
0.218991
0.155173
0.246903
0.977155
0.540759
0.664646
0.673076
0.613632
0.0666367
0.460913
0.351007
0.605222
0.612159
0.30422
0.839084
0.172863
0.00551978
0.21699
0.534893
0.342469
0.165743
0.611833
0.284873
0.302321
0.500718
0.52869
0.0141615
0.118094
0.139148
0.762085
0.206969
0.503514
0.233755
0.662131
0.641812
0.84967
0.873899
0.94683
0.808564
0.0767076
0.300011
0.105232
0.702905
0.452702
0.349605
0.80535
0.0572744
0.188277
0.279546
0.753052
0.40669
0.318388
0.438576
0.350358
0.460805
0.412204
0.947122
0.94789
0.460436
0.370184
0.336728
0.488436
0.85153
0.0681462
0.526236
0.328805
0.342104
0.731013
0.83316
0.707759
0.15815
0.97682
0.559798
0.472152
0.395294
0.0843561
0.276373
0.366973
0.797172
0.011825
0.22969
0.687073
0.0366808
0.78635
0.660982
0.755098
0.517653
0.990334
0.177933
0.437027
0.630586
0.673615
0.917499
0.907602
0.0638212
0.637231
0.481091
0.287509
0.72154
0.504888
0.677296
0.802387
0.68333
0.115494
0.957639
0.335553
0.318292
0.668348
0.146785
0.278004
0.659416
0.542227
0.284095
0.976196
0.574579
0.727197
0.87931
0.662083
0.521801
0.254766
0.67368
0.859101
0.472531
0.912525
0.0624962
0.48756
0.915068
0.489817
0.484302
0.274132
0.0910885
0.66594
0.125556
0.108805
0.442896
0.553112
0.962538
0.57151
0.0758897
0.362472
0.0194818
0.463907
0.955899
0.977569
0.142975
0.272785
0.970877
0.771915
0.605854
0.842383
0.678594
0.923508
0.974727
0.0580765
0.0263787
0.709768
0.639968
0.467938
0.557166
0.0943442
0.819905
0.374735
0.912231
0.839393
0.592904
0.0959332
0.238321
0.0232977
0.154033
0.880446
0.118961
0.859938
0.865489
0.895458
0.0116887
0.796099
0.182146
0.0323055
0.163146
0.548176
0.768396
0.779512
0.34907
0.708253
0.330624
0.61606
0.458894
0.21912
0.432058
0.639367
0.831134
0.708726
0.179772
0.579904
0.777896
0.759045
0.250623
0.343767
0.730731
0.287284
0.443894
0.839832
0.983656
0.614553
0.17655
0.0640957
0.685697
0.229935
0.664512
0.844225
0.735046
0.899502
0.244236
0.883624
0.0456303
0.492896
0.580433
0.948949
0.631653
0.472531
0.121586
0.279711
0.769213
0.750798
0.0180845
0.848456
0.902347
0.676039
0.0405983
0.495419
0.686581
0.0368706
0.250573
0.316445
0.16681
0.459626
0.91784
0.0490153
0.281928
0.815134
0.893113
0.790276
0.0226395
0.0792284
0.92087
0.51414
0.0424667
0.790627
0.728113
0.0953998
0.789486
0.707159
0.389814
0.906136
0.127345
0.460342
0.527283
0.61405
0.0517818
0.0215329
0.11148
0.5553
0.60507
0.784043
0.954756
0.194315
0.466677
0.911121
0.415959
0.298013
0.25736
0.831904
0.694536
0.00617847
0.637152
0.815013
0.661319
0.334935
0.959159
0.535347
0.56664
0.115863
0.508916
0.814973
0.632271
0.130092
0.533243
0.951083
0.077994
0.436731
0.781661
0.16364
0.692838
0.43468
0.819903
0.554411
0.788146
0.267898
0.529283
0.649213
0.180938
0.198096
0.155647
0.985858
0.250565
0.372625
0.479319
0.304418
0.711426
0.470877
0.626702
0.208279
0.391608
0.171073
0.580534
0.276764
0.0920445
0.260636
0.837199
0.752961
0.364528
0.599644
0.342732
0.43648
0.258221
0.432073
0.035584
0.0787285
0.339456
0.208439
0.743206
0.498214
0.0685138
0.390159
0.25884
0.755175
0.879029
0.868762
0.212494
0.445477
0.0224145
0.77655
0.400713
0.623329
0.973552
0.379021
0.696842
0.452309
0.443485
0.243758
0.167735
0.644418
0.0126752
0.0108671
0.413518
0.323472
0.344615
0.244178
0.409853
0.0481017
0.948194
0.0370858
0.53398
0.523725
0.0866712
0.23174
0.383486
0.424719
0.773618
0.852967
0.945747
0.118233
0.187719
0.109123
0.454469
0.202173
0.28332
0.340158
0.610376
0.656672
0.979675
0.423709
0.835363
0.18947
0.391234
0.562107
0.956839
0.0442182
0.064534
0.908336
0.693968
0.85429
0.772368
0.958049
0.382651
0.421071
0.260807
0.497487
0.00957196
0.878769
0.329909
0.19401
0.282096
0.950072
0.641387
0.279092
0.30723
0.442836
0.891602
0.325337
0.374542
0.77548
0.657429
0.00601067
0.0875714
0.249753
0.261613
0.112461
0.494784
0.471228
0.536119
0.934253
0.0620912
0.0843081
0.801978
0.509327
0.389793
0.118717
0.655242
0.260896
0.520447
0.0340567
0.962656
0.932339
0.522753
0.627445
0.845581
0.875444
0.054172
0.0712695
0.195405
0.541639
0.546293
0.261871
0.209376
0.7362
0.406097
0.51549
0.710579
0.99147
0.155955
0.474388
0.479281
0.423915
0.487341
0.99428
0.0813613
0.0138071
0.986539
0.950181
0.784282
0.0742582
0.41759
0.359237
0.986697
0.939045
0.0154353
0.473261
0.898162
0.143665
0.245725
0.131466
0.70308
0.330047
0.103476
0.221317
0.850168
0.788117
0.185671
0.394845
0.259631
0.598768
0.667819
0.07644
0.392682
0.231562
0.94617
0.359416
0.290725
0.0959444
0.644943
0.496118
0.266438
0.732869
0.949299
0.965719
0.828454
0.189881
0.784472
0.459725
0.125371
0.383115
0.067425
0.910506
0.975407
0.698077
0.245961
0.675438
0.0899063
0.968359
0.66478
0.113188
0.0827662
0.0358556
0.571973
0.839619
0.768347
0.99962
0.605106
0.367237
0.0169102
0.235445
0.679271
0.429009
0.166282
0.542743
0.588611
0.811607
0.47221
0.91847
0.863486
0.521837
0.528937
0.679585
0.681684
0.189062
0.472252
0.616956
0.925926
0.166149
0.864116
0.274263
0.573973
0.124804
0.517639
0.0808432
0.370269
0.674095
0.0263442
0.651789
0.892672
0.450219
0.866937
0.750486
0.448163
0.606651
0.700243
0.233471
0.454083
0.0477251
0.611331
0.0170899
0.62432
0.194364
0.505823
0.479799
0.710547
0.690331
0.72605
0.441036
0.328633
0.547104
0.858383
0.914377
0.626
0.517211
0.537481
0.161003
0.138232
0.595456
0.60696
0.644309
0.0636055
0.0634515
0.603855
0.408255
0.438805
0.0794132
0.407664
0.112901
0.997108
0.705891
0.465444
0.120492
0.750768
0.965252
0.866736
0.879764
0.17366
0.287731
0.851303
0.46256
0.997157
0.281093
0.358179
0.740007
0.54662
0.571447
0.0738526
0.0832393
0.197516
0.896808
0.673511
0.607341
0.0516509
0.507846
0.300957
0.240542
0.775995
0.892514
0.0530696
0.556634
0.151348
0.989337
0.526211
0.536505
0.712475
0.818733
0.874101
0.621712
0.0106066
0.222272
0.0526162
0.514456
0.892836
0.579625
0.628048
0.144293
0.748616
0.280661
0.86878
0.802124
0.488377
0.97357
0.527162
0.217558
0.196585
0.0176922
0.344328
0.835301
0.274665
0.657564
0.16977
0.29463
0.37061
0.648929
0.567779
0.512237
0.0604186
0.777825
0.0300086
0.680376
0.892743
0.371025
0.623625
0.692675
0.784979
0.632413
0.690286
0.802623
0.375787
0.0478738
0.103
0.540496
0.849335
0.532469
0.908609
0.0896554
0.863946
0.857452
0.882896
0.0743605
0.342159
0.228213
0.84441
0.134095
0.881298
0.193673
0.846623
0.207981
0.67054
0.216446
0.0647473
0.429125
0.303079
0.585564
0.245786
0.740053
0.223021
0.000418554
0.00292758
0.925699
0.0396924
0.537075
0.191615
0.163651
0.697245
0.668722
0.784394
0.522054
0.795819
0.578074
0.515316
0.388879
0.580182
0.49293
0.558931
0.854614
0.69146
0.0453292
0.901059
0.254255
0.555696
0.61324
0.820171
0.54852
0.0262708
0.837522
0.960755
0.831158
0.402244
0.503189
0.652647
0.696093
0.779724
0.878436
0.230012
0.800361
0.75322
0.982336
0.111093
0.716864
0.666687
0.17798
0.354683
0.389807
0.585081
0.194609
0.173127
0.917874
0.354545
0.0681263
0.196417
0.503544
0.392761
0.905307
0.243386
0.232886
0.0160654
0.450022
0.695529
0.705947
0.45999
0.0977428
0.649257
0.627447
0.14896
0.20207
0.662714
0.329446
0.280448
0.411507
0.853562
0.30453
0.759685
0.547195
0.77782
0.787061
0.943816
0.112633
0.866592
0.849696
0.295132
0.23336
0.477209
0.191059
0.913987
0.31586
0.108736
0.439281
0.537876
0.0491762
0.551435
0.591429
0.275243
0.418425
0.499135
0.613151
0.838279
0.896396
0.486694
0.250734
0.152073
0.622452
0.858671
0.890746
0.157082
0.596731
0.834784
0.810072
0.797626
0.878405
0.401436
0.837883
0.626046
0.206991
0.376418
0.708762
0.0287567
0.283115
0.622332
0.103282
0.369867
0.501144
0.323648
0.895488
0.701991
0.120552
0.995049
0.943921
0.787382
0.621775
0.950711
0.111089
0.876916
0.768065
0.685074
0.71925
0.606235
0.135526
0.567766
0.346328
0.678266
0.339118
0.328327
0.214481
0.371784
0.441078
0.467026
0.264692
0.890157
0.0504063
0.449142
0.895462
0.911232
0.159799
0.584351
0.446912
0.973418
0.777112
0.955967
0.236986
0.0637108
0.229227
0.781421
0.964832
0.224705
0.884815
0.946834
0.187165
0.620901
0.862571
0.308814
0.171985
0.724141
0.586113
0.456268
0.453824
0.118312
0.000557448
0.904227
0.158816
0.846076
0.476688
0.316057
0.126673
0.672425
0.915107
0.342441
0.204102
0.574632
0.542272
0.377371
0.0861803
0.419294
0.641286
0.125992
0.683532
0.831398
0.855012
0.601047
0.803167
0.725132
0.701182
0.938347
0.188865
0.904147
0.923452
0.724751
0.374092
0.702179
0.18334
0.940068
0.227624
0.601431
0.0266285
0.780797
0.299028
0.35433
0.15086
0.446488
0.848884
0.902144
0.423713
0.271827
0.705063
0.678632
0.777672
0.395564
0.0251145
0.959526
0.472886
0.884796
0.867509
0.861404
0.378916
0.375903
0.61555
0.663265
0.294229
0.103467
0.0210701
0.148588
0.332678
0.0338049
0.732728
0.443152
0.404333
0.092396
0.829503
0.927161
0.82275
0.117595
0.170201
0.794448
0.379214
0.892381
0.628414
0.247223
0.818603
0.547534
0.202641
0.864781
0.222255
0.601201
0.246424
0.90302
0.637059
0.144435
0.233877
0.785195
0.870969
0.553852
0.897776
0.948331
0.299301
0.499495
0.393668
0.949052
0.939609
0.733541
0.350274
0.3386
0.788953
0.794378
0.351596
0.334241
0.405458
0.559538
0.701444
0.826875
0.467173
0.181004
0.973675
0.252699
0.466058
0.0353291
0.133625
0.0809181
0.784816
0.180062
0.325995
0.295475
0.103324
0.942281
0.206514
0.431153
0.0504592
0.675793
0.110662
0.433988
0.834746
0.0967795
0.784419
0.402234
0.645561
0.61071
0.0144614
0.585364
0.421413
0.035341
0.659259
0.778671
0.176497
0.920087
0.326463
0.282181
0.702025
0.938836
0.830152
0.455004
0.405579
0.98876
0.278859
0.299948
0.43387
0.439824
0.479276
0.189555
0.497381
0.877228
0.189246
0.00642808
0.216303
0.542842
0.529068
0.754022
0.644568
0.68248
0.711942
0.479916
0.28398
0.118207
0.535663
0.547122
0.822684
0.691855
0.708087
0.183503
0.321498
0.161783
0.741872
0.566716
0.744591
0.287766
0.0940284
0.581956
0.0851959
0.774977
0.711539
0.0209613
0.20974
0.677387
0.45313
0.493217
0.352678
0.611898
0.456869
0.294879
0.83774
0.347725
0.970172
0.402475
0.524401
0.510357
0.572596
0.893409
0.3749
0.968008
0.353286
0.183943
0.56506
0.693366
0.519618
0.70781
0.90565
0.876924
0.267615
0.920456
0.189366
0.23833
0.538426
0.133736
0.227307
0.25653
0.31739
0.132984
0.164
0.271218
0.345232
0.202977
0.0715204
0.873481
0.151875
0.794286
0.946366
0.351435
0.0589249
0.921387
0.777155
0.249186
0.531703
0.0735985
0.851594
0.75132
0.176413
0.826206
0.0336933
0.0179437
0.714888
0.924358
0.554883
0.828843
0.356806
0.306779
0.673833
0.0561665
0.326809
0.883278
0.411086
0.502166
0.357244
0.988845
0.464893
0.946818
0.100235
0.319566
0.39433
0.838565
0.160257
0.233172
0.163834
0.568587
0.152853
0.670626
0.896631
0.674848
0.657949
0.414057
0.655561
0.398034
0.585529
0.811758
0.681861
0.968452
0.290077
0.0157485
0.410126
0.857219
0.982824
0.816173
0.189445
0.0397315
0.605913
0.730542
0.0482247
0.792224
0.395282
0.0597846
0.620736
0.165191
0.329325
0.269944
0.541086
0.853726
0.43221
0.578019
0.136478
0.581542
0.671204
0.836939
0.634405
0.211815
0.906701
0.405145
0.888637
0.575051
0.0167096
0.540404
0.852652
0.222582
0.637005
0.712482
0.33373
0.0507845
0.459341
0.86561
0.775857
0.342019
0.748201
0.624794
0.728095
0.670117
0.485176
0.574
0.800387
0.449623
0.276016
0.72584
0.397083
0.388838
0.605934
0.0185928
0.690825
0.463999
0.769098
0.334949
0.162081
0.58471
0.2466
0.0983956
0.40982
0.823191
0.16399
0.205677
0.0975458
0.770131
0.984719
0.441392
0.130628
0.245001
0.866364
0.0657214
0.0603391
0.260019
0.446964
0.675158
0.261485
0.696177
0.555547
0.0430007
0.166595
0.586678
0.509389
0.999367
0.978551
0.764783
0.234239
0.736906
0.666685
0.622233
0.855453
0.548298
0.905082
0.0177589
0.585865
0.281124
0.743887
0.215921
0.0509624
0.281829
0.133529
0.456865
0.222965
0.55327
0.0711509
0.0974937
0.324319
0.62882
0.751725
0.446047
0.231433
0.567739
0.212886
0.271836
0.175905
0.775609
0.081863
0.548726
0.732057
0.653247
0.653034
0.688667
0.110791
0.357848
0.600944
0.347912
0.812058
0.117228
0.415937
0.794779
0.876723
0.353212
0.815069
0.123163
0.348026
0.46059
0.455368
0.386113
0.0622425
0.420736
0.991166
0.80854
0.54967
0.806739
0.455625
0.587205
0.998786
0.733665
0.466716
0.616419
0.129083
0.89675
0.166532
0.222409
0.62833
0.494231
0.461079
0.10364
0.088081
0.907459
0.39857
0.0244513
0.466885
0.858291
0.863568
0.505456
0.487883
0.236818
0.970516
0.146043
0.121724
0.309361
0.879646
0.279961
0.601304
0.269368
0.913623
0.605382
0.16223
0.920078
0.106895
0.143541
0.639571
0.26501
0.00996424
0.85261
0.308223
0.908528
0.45835
0.328645
0.991286
0.813539
0.295061
0.875884
0.316912
0.959782
0.928595
0.49614
0.49176
0.992205
0.394865
0.947273
0.0914016
0.382747
0.73052
0.746189
0.173407
0.361959
0.661359
0.627767
0.724736
0.672603
0.0428945
0.299763
0.487373
0.343927
0.0755606
0.336204
0.122452
0.142741
0.37643
0.758628
0.864535
0.85662
0.133034
0.863232
0.594296
0.590262
0.917984
0.0559403
0.704677
0.497978
0.36581
0.998213
0.954996
0.513322
0.670281
0.00189045
0.492954
0.531262
0.305873
0.859838
0.0662113
0.534419
0.00630921
0.662005
0.538829
0.445592
0.784126
0.160567
0.154572
0.812342
0.977881
0.285138
0.657305
0.806738
0.820034
0.305139
0.0742078
0.617595
0.136161
0.809157
0.977885
0.900426
0.182757
0.922028
0.136559
0.0433543
0.672789
0.127698
0.219268
0.658854
0.322587
0.502479
0.534424
0.459094
0.51868
0.572167
0.38424
0.856078
0.355627
0.858591
0.420061
0.2304
0.723318
0.0935619
0.15323
0.905066
0.573733
0.682354
0.078246
0.352072
0.353324
0.115064
0.492438
0.433285
0.232297
0.199393
0.257131
0.0939699
0.269591
0.196449
0.417498
0.0179782
0.191955
0.265424
0.596612
0.11649
0.153745
0.420944
0.0441023
0.477712
0.95113
0.891556
0.911167
0.215062
0.625266
0.0149538
0.783935
0.00846988
0.761137
0.331213
0.104548
0.908801
0.772216
0.124303
0.959683
0.339898
0.608298
0.575595
0.985993
0.986563
0.459389
0.376222
0.0317949
0.719117
0.25188
0.406763
0.825746
0.56693
0.576152
0.304169
0.289527
0.271407
0.709458
0.240387
0.559984
0.326029
0.27817
0.265387
0.502469
0.567901
0.12611
0.0488684
0.813172
0.201446
0.718906
0.684992
0.163903
0.846761
0.475994
0.709035
0.297092
0.226897
0.902526
0.620063
0.232256
0.6
0.134316
0.0536898
0.205987
0.229544
0.640687
0.219685
0.669061
0.661126
0.303377
0.566837
0.653527
0.665701
0.503434
0.0314317
0.763345
0.786841
0.823928
0.382846
0.353607
0.330518
0.70245
0.383894
0.0311354
0.456642
0.279415
0.336279
0.052184
0.539986
0.380937
0.99844
0.52962
0.886439
0.815573
0.32469
0.266163
0.277812
0.754442
0.978925
0.64246
0.852242
0.855239
0.558858
0.253089
0.376631
0.545043
0.0448185
0.334692
0.80258
0.493565
0.2588
0.284679
0.816923
0.591343
0.393866
0.11091
0.996487
0.00530027
0.251523
0.670354
0.62119
0.421985
0.630274
0.0393444
0.445958
0.328194
0.7975
0.855603
0.923347
0.295944
0.902589
0.0952641
0.394988
0.678003
0.15342
0.0652622
0.106374
0.0964605
0.395889
0.98517
0.568954
0.282274
0.668623
0.619357
0.915463
0.207402
0.0509893
0.703059
0.159723
0.671057
0.0683148
0.0297476
0.841617
0.753925
0.0977849
0.208485
0.0869486
0.865738
0.0245884
0.251565
0.615623
0.468386
0.738356
0.195218
0.548258
0.459119
0.971373
0.324202
0.202608
0.567275
0.483129
0.292418
0.405151
0.502758
0.789678
0.0932682
0.201485
0.0247739
0.681364
0.735351
0.14947
0.309903
0.331821
0.186597
0.687619
0.564631
0.544207
0.93355
0.0314173
0.662305
0.775173
0.647946
0.984728
0.955027
0.750747
0.0967958
0.469069
0.104149
0.372154
0.0697757
0.911742
0.59991
0.981303
0.91276
0.500368
0.0473453
0.694075
0.0740332
0.53236
0.631307
0.846676
0.623685
0.0757238
0.29975
0.883229
0.733457
0.590627
0.627892
0.759784
0.24736
0.220996
0.281498
0.777496
0.418112
0.108362
0.414292
0.912228
0.563897
0.794531
0.30825
0.0958093
0.0792398
0.559236
0.359132
0.805319
0.0465109
0.627885
0.338972
0.00629029
0.920627
0.191105
0.595906
0.803434
0.227016
0.862346
0.894409
0.259314
0.80291
0.344282
0.142989
0.78233
0.881019
0.830308
0.383631
0.197119
0.5122
0.277808
0.10312
0.18975
0.129547
0.24061
0.563202
0.728274
0.756581
0.146859
0.121084
0.16636
0.438433
0.296908
0.542572
0.924436
0.252576
0.599596
0.241295
0.339136
0.66437
0.0568106
0.989177
0.903988
0.794057
0.0847919
0.928222
0.556182
0.292185
0.0125612
0.418293
0.999462
0.673541
0.549846
0.771955
0.319691
0.689302
0.364838
0.0732615
0.917887
0.102759
0.748447
0.784292
0.353137
0.0211571
0.0164223
0.338993
0.720457
0.901398
0.473656
0.0557418
0.407768
0.335756
0.304103
0.296485
0.971418
0.575293
0.237375
0.911664
0.0377614
0.557034
0.674468
0.932526
0.988483
0.172388
0.00298069
0.123207
0.164285
0.571671
0.567418
0.757666
0.110493
0.735379
0.533138
0.464071
0.594426
0.983212
0.365178
0.275456
0.327956
0.887818
0.775767
0.231675
0.650618
0.03186
0.975115
0.114792
0.142389
0.719137
0.327901
0.677925
0.101735
0.559869
0.122771
0.250905
0.570175
0.00888308
0.468463
0.294044
0.259341
0.519479
0.501066
0.0645575
0.484831
0.819297
0.659665
0.194152
0.95887
0.953934
0.906896
0.381069
0.641791
0.820315
0.416961
0.71782
0.832303
0.669396
0.556997
0.959815
0.894698
0.125927
0.453215
0.303367
0.126961
0.320432
0.369398
0.857049
0.180934
0.0992906
0.0176339
0.79786
0.256535
0.359831
0.80853
0.566247
0.782076
0.487805
0.441566
0.337946
0.0547818
0.692343
0.0177216
0.421418
0.881376
0.00148048
0.500703
0.754797
0.675507
0.181102
0.996023
0.891461
0.695988
0.102007
0.871677
0.908354
0.906082
0.567137
0.408238
0.100638
0.543877
0.440186
0.630545
0.214494
0.63981
0.96842
0.697213
0.884165
0.926836
0.94526
0.517882
0.178178
0.821974
0.0489091
0.129157
0.931925
0.280907
0.944096
0.684338
0.674147
0.376699
0.8681
0.558541
0.303373
0.849239
0.784557
0.970628
0.978249
0.603268
0.0149276
0.256933
0.310051
0.227289
0.722565
0.649138
0.929584
0.543996
0.441847
0.64023
0.220179
0.0495024
0.210454
0.86419
0.110842
0.964972
0.403663
0.182369
0.562838
0.412363
0.788408
0.0770332
0.027241
0.841852
0.120679
0.952648
0.61217
0.263514
0.69648
0.526419
0.628979
0.620644
0.720116
0.0451816
0.805834
0.394447
0.165014
0.897292
0.89234
0.84507
0.597013
0.417742
0.557039
0.54389
0.718481
0.37279
0.240192
0.668806
0.036679
0.385584
0.78306
0.34348
0.566018
0.318262
0.993082
0.0273238
0.272539
0.502337
0.369673
0.221938
0.386383
0.804266
0.784626
0.655413
0.357426
0.339016
0.0526998
0.862862
0.0738507
0.684605
0.573587
0.430952
0.486191
0.678527
0.203212
0.368278
0.759893
0.105001
0.639132
0.755559
0.646204
0.668417
0.592287
0.740318
0.46408
0.143579
0.318717
0.847849
0.657818
0.388958
0.917013
0.527603
0.158905
0.693014
0.783406
0.84645
0.457292
0.0889599
0.135624
0.571318
0.623538
0.697154
0.415731
0.138734
0.310096
0.712355
0.212451
0.733805
0.389342
0.0211026
0.65083
0.634358
0.718429
0.801617
0.680867
0.276987
0.654458
0.76478
0.291975
0.818491
0.0777224
0.90888
0.997674
0.418799
0.26591
0.259965
0.340114
0.788581
0.636516
0.747234
0.903188
0.999971
0.97721
0.475983
0.477735
0.0686091
0.304733
0.923096
0.686173
0.286382
0.433905
0.367408
0.500261
0.157612
0.447576
0.914742
0.0887703
0.372123
0.0525078
0.822365
0.805051
0.84305
0.662031
0.961039
0.597839
0.878388
0.0524324
0.0231907
0.205225
0.577727
0.77126
0.872091
0.0808585
0.850041
0.930426
0.537625
0.0526548
0.886802
0.159849
0.795752
0.307297
0.652484
0.874288
0.145382
0.869352
0.862284
0.747525
0.667506
0.931689
0.393036
0.444071
0.21739
0.796887
0.870033
0.726231
0.12906
0.0945743
0.0936685
0.195152
0.442469
0.318537
0.644221
0.741278
0.332797
0.817164
0.252956
0.613676
0.856544
0.179064
0.504528
0.711514
0.23082
0.807886
0.578898
0.97846
0.88833
0.763848
0.883261
0.326172
0.723128
0.46319
0.739967
0.56125
0.411575
0.0604253
0.500383
0.515677
0.517554
0.506286
0.422329
0.654975
0.720879
0.666025
0.493629
0.0961192
0.809998
0.395437
0.372102
0.314834
0.409903
0.515374
0.282738
0.47488
0.0286026
0.138782
0.118843
0.511004
0.938911
0.356678
0.942203
0.304624
0.224912
0.108812
0.604342
0.555532
0.604739
0.792676
0.0209245
0.988731
0.0868767
0.900475
0.238097
0.809264
0.615093
0.279211
0.650908
0.886883
0.380867
0.868585
0.912902
0.911107
0.880493
0.215967
0.0142066
0.0920129
0.719365
0.308382
0.213074
0.117141
0.363304
0.332813
0.608786
0.0109117
0.0885338
0.554977
0.968146
0.764444
0.348554
0.917995
0.947034
0.332316
0.25261
0.448691
0.740191
0.0971477
0.781908
0.270679
0.128615
0.949147
0.818688
0.126506
0.731121
0.239111
0.111631
0.230791
0.817439
0.196988
0.878282
0.760349
0.875324
0.0269585
0.237345
0.41012
0.411547
0.237576
0.875958
0.0890855
0.665838
0.247574
0.112286
0.602881
0.969136
0.745809
0.112134
0.175653
0.323499
0.0868709
0.765125
0.515275
0.167267
0.580673
0.213657
0.155619
0.599246
0.291514
0.484783
0.200759
0.0990328
0.3064
0.202702
0.846972
0.698103
0.347188
0.660611
0.384381
0.544648
0.140265
0.663147
0.470088
0.438483
0.779341
0.109263
0.694751
0.0606006
0.58173
0.374173
0.359104
0.717434
0.697901
0.79496
0.584939
0.455038
0.188877
0.165631
0.877429
0.427953
0.412068
0.500384
0.554813
0.426188
0.793675
0.418207
0.219293
0.651012
0.930816
0.200151
0.793945
0.390883
0.501841
0.913344
0.405492
0.639676
0.400631
0.179643
0.866369
0.889202
0.509091
0.22834
0.927458
0.200732
0.671622
0.470321
0.842512
0.0254561
0.451386
0.418901
0.0469275
0.925967
0.96323
0.236607
0.37233
0.659505
0.305838
0.931434
0.187917
0.712404
0.103807
0.312319
0.789863
0.144471
0.314614
0.766362
0.299607
0.637472
0.726788
0.710525
0.664987
0.344483
0.747392
0.778581
0.677135
0.185073
0.30505
0.313981
0.998258
0.785791
0.700463
0.834182
0.365648
0.829688
0.766676
0.647249
0.0309009
0.999539
0.776822
0.327458
0.0427846
0.461977
0.572857
0.527214
0.25529
0.809671
0.754944
0.708336
0.821029
0.333056
0.488565
0.981008
0.944987
0.152519
0.994647
0.627006
0.0820828
0.445801
0.30606
0.448694
0.272363
0.238821
0.956796
0.840242
0.882117
0.926713
0.953286
0.0625213
0.90778
0.86857
0.011051
0.240953
0.929979
0.460176
0.447748
0.0715333
0.502911
0.380775
0.349153
0.00657167
0.769738
0.970747
0.365561
0.434835
0.870895
0.0906167
0.95874
0.523866
0.327724
0.491007
0.709152
0.190939
0.562481
0.617681
0.152082
0.952579
0.209944
0.876372
0.232427
0.458679
0.904723
0.586465
0.0398169
0.277391
0.251373
0.214859
0.676132
0.553316
0.202787
0.98611
0.0284507
0.650584
0.0972269
0.382759
0.324331
0.0895851
0.270708
0.897833
0.677032
0.498199
0.460753
0.550776
0.330677
0.186522
0.115152
0.585895
0.364339
0.0753281
0.330602
0.594124
0.501841
0.7813
0.823396
0.897216
0.569581
0.0399969
0.957487
0.899389
0.152342
0.666174
0.0576714
0.868069
0.568297
0.310964
0.103373
0.0531934
0.97007
0.0941819
0.655904
0.370817
0.558479
0.849392
0.796043
0.723252
0.571249
0.385127
0.87719
0.746549
0.0676165
0.0412447
0.851654
0.586979
0.661009
0.587978
0.257621
0.680488
0.895247
0.381129
0.314339
0.157746
0.670918
0.531718
0.810936
0.514935
0.188584
0.778516
0.904952
0.563703
0.599766
0.619911
0.650537
0.131966
0.251546
0.69087
0.381261
0.559234
0.19737
0.784785
0.620492
0.229646
0.0891506
0.981866
0.647127
0.725606
0.61478
0.976314
0.250711
0.281078
0.5502
0.955751
0.251833
0.538198
0.58284
0.483676
0.481453
0.291564
0.181599
0.232751
0.488348
0.664511
0.0420352
0.950519
0.445707
0.430396
0.747576
0.245066
0.742839
0.284623
0.0613849
0.612765
0.378552
0.818756
0.0507189
0.88273
0.0810836
0.836279
0.696701
0.603339
0.513717
0.247802
0.704223
0.546724
0.881587
0.134556
0.868822
0.980886
0.369981
0.194443
0.483866
0.438065
0.159591
0.923499
0.419896
0.659262
0.419539
0.935489
0.712397
0.952563
0.915369
0.182677
0.668525
0.0965257
0.984181
0.74369
0.213358
0.61739
0.335598
0.632607
0.515757
0.786918
0.50261
0.164536
0.507462
0.822814
0.428819
0.157685
0.674891
0.276631
0.374786
0.396795
0.132116
0.966226
0.961159
0.0140103
0.509365
0.195088
0.85302
0.852883
0.574297
0.316956
0.386754
0.764808
0.680434
0.125304
0.619837
0.687666
0.760281
0.227134
0.224294
0.015016
0.58533
0.732774
0.864555
0.0788446
0.432604
0.804789
0.509566
0.404993
0.465695
0.368572
0.562034
0.552353
0.182624
0.672909
0.642394
0.8163
0.264969
0.799167
0.311439
0.715284
0.913258
0.703561
0.0868904
0.507838
0.776182
0.50325
0.0585338
0.667996
0.409678
0.00104822
0.67428
0.461382
0.957661
0.386581
0.260176
0.208079
0.634651
0.35434
0.13537
0.216727
0.606093
0.443802
0.480427
0.886996
0.0125993
0.578491
0.0664394
0.292447
0.48701
0.176221
0.496054
0.621845
0.731976
0.987856
0.402041
0.884561
0.190363
0.666796
0.489389
0.469883
0.384859
0.147443
0.817223
0.110309
0.815535
0.820402
0.268209
0.0968045
0.556982
0.831541
0.676971
0.25518
0.273456
0.276803
0.726294
0.749991
0.351855
0.95373
0.951615
0.599929
0.716602
0.896796
0.114232
0.434841
0.844348
0.629701
0.820248
0.0731808
0.979764
0.719745
0.966511
0.347965
0.597929
0.483224
0.830738
0.0713967
0.464272
0.20843
0.69878
0.731939
0.0804638
0.398793
0.922519
0.436466
0.237317
0.228835
0.271372
0.810064
0.443933
0.910145
0.445266
0.414109
0.590384
0.443905
0.0730207
0.448342
0.907709
0.50118
0.166128
0.192406
0.528491
0.914204
0.0358031
0.163792
0.155852
0.488406
0.38102
0.771004
0.140931
0.670325
0.575109
0.819015
0.607294
0.730765
0.743769
0.619258
0.248066
0.144826
0.485612
0.384776
0.0476417
0.0332035
0.631183
0.309439
0.187699
0.765854
0.610777
0.719972
0.594066
0.722799
0.90879
0.127078
0.760016
0.088641
0.682712
0.909111
0.154181
0.939228
0.941512
0.436477
0.245903
0.0714556
0.853744
0.594739
0.575805
0.351989
0.864627
0.0677351
0.201058
0.908284
0.192611
0.13114
0.775047
0.713657
0.469052
0.357224
0.13509
0.11212
0.482631
0.925901
0.226152
0.0894693
0.507072
0.300966
0.774959
0.00737471
0.251136
0.665212
0.196058
0.993618
0.756182
0.328468
0.541216
0.478347
0.21677
0.793502
0.638214
0.76457
0.739809
0.127164
0.684025
0.747283
0.358085
0.190616
0.574388
0.26235
0.391731
0.321042
0.270143
0.00469723
0.312854
0.661092
0.506923
0.878132
0.0761092
0.964393
0.132912
0.596947
0.378651
0.398129
0.788255
0.53833
0.453397
0.0142299
0.318247
0.273014
0.401915
0.229991
0.683434
0.364499
0.192663
0.120572
0.651733
0.312074
0.0702775
0.649959
0.848898
0.10133
0.34236
0.21163
0.0912058
0.252617
0.207025
0.616054
0.891849
0.716412
0.865221
0.838249
0.0195674
0.331243
0.0562534
0.672646
0.238081
0.474935
0.0550834
0.840481
0.599875
0.279453
0.965043
0.0877339
0.0468991
0.617625
0.968505
0.126333
0.371405
0.273667
0.129122
0.385987
0.313193
0.854619
0.793155
0.62374
0.552119
0.236431
0.237229
0.305786
0.223641
0.160937
0.890459
0.776151
0.879444
0.800503
0.0834073
0.162996
0.0261723
0.322413
0.204697
0.527399
0.0339121
0.157565
0.603881
0.579207
0.540351
0.956206
0.630892
0.600109
0.0479513
0.225662
0.358262
0.735943
0.527983
0.709632
0.495638
0.794067
0.206738
0.941849
0.656392
0.243348
0.279476
0.0944807
0.680349
0.931055
0.572839
0.910736
0.637923
0.972121
0.637353
0.80082
0.879359
0.956788
0.310583
0.604425
0.274234
0.0730434
0.145238
0.325516
0.552125
0.177655
0.55591
0.664674
0.543765
0.878038
0.0810501
0.0271869
0.657186
0.170617
0.486418
0.587263
0.314011
0.358196
0.972867
0.115531
0.895396
0.844505
0.121578
0.152138
0.752317
0.176734
0.596345
0.459358
0.780393
0.767905
0.559935
0.869756
0.221178
0.809546
0.14423
0.574764
0.383761
0.650604
0.547164
0.382911
0.152752
0.226828
0.314768
0.108876
0.349497
0.373407
0.287918
0.93716
0.98307
0.91483
0.265867
0.0698642
0.336388
0.884381
0.00811966
0.14736
0.288476
0.132653
0.0410109
0.902146
0.964989
0.424294
0.154364
0.989422
0.698588
0.684234
0.3964
0.990885
0.909936
0.146125
0.434193
0.407504
0.939616
0.393752
0.798848
0.00268909
0.521181
0.711388
0.222204
0.288738
0.803564
0.894392
0.811614
0.658575
0.987244
0.673245
0.202281
0.144568
0.201231
0.0991111
0.623315
0.67961
0.319841
0.182314
0.913216
0.116409
0.974737
0.206765
0.916375
0.669078
0.224525
0.151128
0.717447
0.0983175
0.560493
0.526206
0.219124
0.666983
0.452146
0.49037
0.467756
0.773872
0.36262
0.715389
0.15733
0.498585
0.196602
0.183115
0.677187
0.897071
0.602258
0.259875
0.582425
0.476959
0.868319
0.675783
0.607432
0.880232
0.805729
0.59903
0.185066
0.931739
0.659778
0.694074
0.804169
0.379674
0.249856
0.328499
0.978223
0.245257
0.392729
0.0264771
0.775453
0.444426
0.116906
0.997078
0.678992
0.442115
0.152734
0.311321
0.53389
0.431538
0.891386
0.152399
0.508026
0.72532
0.727408
0.806771
0.69205
0.542047
0.131539
0.445551
0.491589
0.698864
0.527405
0.225827
0.476249
0.0435812
0.8135
0.199822
0.523147
0.728389
0.0582485
0.42103
0.0795829
0.513534
0.565986
0.293647
0.868584
0.736165
0.663399
0.962024
0.887882
0.928419
0.712699
0.0832957
0.254394
0.348084
0.896581
0.718915
0.260912
0.128226
0.75917
0.804802
0.264001
0.799987
0.429533
0.888154
0.778439
0.264853
0.209138
0.375976
0.799234
0.242855
0.778874
0.278815
0.517827
0.263957
0.618793
0.415897
0.318454
0.30051
0.463315
0.822366
0.449306
0.957742
0.448445
0.0691903
0.191143
0.557162
0.947086
0.615027
0.813711
0.56458
0.537844
0.00901157
0.28877
0.654967
0.871808
0.712923
0.734042
0.753852
0.062609
0.778434
0.0166323
0.349494
0.667895
0.582582
0.793615
0.0801217
0.0758883
0.499372
0.174937
0.0883479
0.212261
0.552381
0.0887019
0.0761225
0.939895
0.508093
0.983359
0.719128
0.71315
0.293919
0.945053
0.405739
0.0994568
0.0402282
0.395109
0.597861
0.0110087
0.300446
0.347488
0.688188
0.336791
0.126827
0.533033
0.904247
0.282731
0.527607
0.794798
0.304549
0.0145847
0.744972
0.284813
0.927989
0.00578531
0.471827
0.137734
0.285692
0.538151
0.337508
0.813702
0.523297
0.186109
0.880455
0.0556141
0.537498
0.631466
0.880476
0.754162
0.373989
0.846881
0.493554
0.131891
0.461014
0.115335
0.287672
0.405151
0.0700845
0.39072
0.764943
0.934838
0.93872
0.310107
0.647693
0.919172
0.646075
0.183455
0.850003
0.978369
0.324915
0.25441
0.568621
0.732944
0.629315
0.0275082
0.295785
0.120945
0.1437
0.732896
0.461119
0.533645
0.28917
0.840359
0.158501
0.0229277
0.59937
0.648457
0.488953
0.99326
0.513111
0.382917
0.546088
0.0740073
0.832909
0.253907
0.170218
0.471417
0.23168
0.304791
0.497779
0.843458
0.823806
0.0570854
0.143648
0.25687
0.889543
0.248429
0.372803
0.308594
0.425669
0.127212
0.77707
0.208146
0.790958
0.852775
0.00508048
0.823268
0.283508
0.109974
0.418662
0.160452
0.0555326
0.765426
0.860846
0.792025
0.297176
0.863611
0.732248
0.0608833
0.667348
0.072597
0.097001
0.516246
0.73186
0.284213
0.984868
0.579446
0.937345
0.238626
0.844893
0.451815
0.0624132
0.075773
0.787426
0.107326
0.989549
0.499311
0.740906
0.352714
0.0731046
0.823603
0.241941
0.0564884
0.0585048
0.709125
0.427374
0.698155
0.840343
0.377037
0.532828
0.746917
0.399663
0.765732
0.467281
0.882205
0.275075
0.713573
0.133231
0.343304
0.521672
0.330744
0.694772
0.859067
0.913545
0.870422
0.770388
0.747282
0.704193
0.598568
0.679236
0.299694
0.540441
0.926595
0.705451
0.771253
0.576588
0.962878
0.0307058
0.52853
0.267783
0.19298
0.173872
0.183936
0.295856
0.377562
0.634267
0.380011
0.463914
0.755718
0.255595
0.681581
0.040635
0.454086
0.797013
0.565766
0.60743
0.751853
0.6743
0.731645
0.361953
0.89529
0.971747
0.0112842
0.545335
0.708927
0.928965
0.0340778
0.915054
0.578073
0.140438
0.308962
0.247919
0.0472949
0.198614
0.298145
0.989568
0.973399
0.500186
0.589536
0.732302
0.995504
0.952011
0.00461353
0.890283
0.243886
0.086881
0.897529
0.899069
0.260163
0.745648
0.398378
0.688067
0.00234212
0.840441
0.791674
0.274212
0.847503
0.301824
0.142376
0.697027
0.207286
0.1873
0.372924
0.714924
0.424525
0.298829
0.677596
0.335091
0.948137
0.1147
0.913315
0.921934
0.0137883
0.0336161
0.531382
0.737657
0.693461
0.546336
0.325071
0.578867
0.897362
0.89015
0.303846
0.264374
0.667637
0.307946
0.634512
0.560312
0.0997074
0.381427
0.567616
0.0501696
0.479981
0.0232934
0.439779
0.242349
0.811435
0.439316
0.887804
0.104336
0.936903
0.373502
0.161515
0.0147948
0.366348
0.429937
0.426556
0.0171226
0.307539
0.270277
0.867224
0.718057
0.229949
0.313905
0.979005
0.941548
0.773027
0.831141
0.0557528
0.142278
0.504288
0.674291
0.175849
0.390161
0.918471
0.962319
0.760075
0.0729981
0.423011
0.177926
0.260026
0.416721
0.232604
0.171068
0.434667
0.225033
0.947404
0.377517
0.359319
0.991162
0.32591
0.892327
0.369957
0.00240746
0.760934
0.426664
0.130188
0.851995
0.470537
0.0129896
0.938997
0.377366
0.86728
0.872867
0.0216649
0.873915
0.870307
0.107192
0.959238
0.414679
0.917157
0.535785
0.248535
0.781896
0.600883
0.203636
0.37629
0.065367
0.987482
0.516331
0.945758
0.216976
0.686742
0.466477
0.255836
0.836834
0.29131
0.116063
0.382529
0.212755
0.508565
0.520049
0.919016
0.945188
0.95029
0.496446
0.576445
0.990116
0.568953
0.614021
0.150014
0.307069
0.726161
0.564111
0.145733
0.551566
0.62523
0.683509
0.673606
0.293887
0.14213
0.963345
0.570543
0.204908
0.263798
0.090771
0.678524
0.941481
0.153199
0.667309
0.781648
0.901205
0.509163
0.383629
0.751847
0.453342
0.570415
0.32343
0.268421
0.730868
0.00726843
0.648287
0.204527
0.654494
0.276665
0.858591
0.391248
0.725226
0.282532
0.391759
0.279746
0.565736
0.37699
0.129411
0.152574
0.707379
0.267743
0.835148
0.170695
0.677094
0.24304
0.647384
0.334256
0.461712
0.706517
0.356653
0.307578
0.740834
0.783943
0.535627
0.213867
0.383498
0.6013
0.808661
0.0950681
0.767734
0.873432
0.830975
0.91711
0.409186
0.883487
0.477645
0.0313211
0.957773
0.552903
0.284079
0.3991
0.319888
0.784016
0.00567646
0.734814
0.605978
0.665891
0.836443
0.0843623
0.695041
0.343
0.753045
0.131326
0.720958
0.0250246
0.404617
0.858161
0.821486
0.333539
0.65207
0.39055
0.442073
0.601141
0.988871
0.0745604
0.356307
0.206071
0.403204
0.361199
0.786782
0.545364
0.709715
0.524976
0.583983
0.220332
0.682591
0.334189
0.689491
0.975103
0.705727
0.598975
0.171305
0.843019
0.489995
0.259602
0.204023
0.917277
0.774075
0.800915
0.12868
0.333403
0.339104
0.225613
0.996585
0.227623
0.272208
0.348416
0.367318
0.540791
0.548787
0.106478
0.485379
0.375209
0.534326
0.761978
0.57082
0.161992
0.19651
0.0302666
0.491185
0.11704
0.553656
0.369068
0.413778
0.305374
0.369685
0.291671
0.873625
0.643063
0.751287
0.818723
0.810038
0.389798
0.0442304
0.0241345
0.871861
0.90599
0.316896
0.760938
0.648907
0.822987
0.851519
0.277279
0.114498
0.609327
0.156185
0.0532785
0.375522
0.935778
0.203308
0.429632
0.503425
0.200289
0.627554
0.0187229
0.817839
0.33778
0.177137
0.272767
0.677832
0.4476
0.897212
0.283715
0.558035
0.297855
0.94504
0.7563
0.576059
0.435998
0.810099
0.621821
0.3617
0.0585825
0.748761
0.999047
0.584282
0.20453
0.766572
0.99396
0.324619
0.740609
0.751312
0.735221
0.674497
0.990287
0.439902
0.704009
0.869286
0.0641883
0.186276
0.005557
0.865114
0.56047
0.0894453
0.424055
0.0509876
0.201379
0.144376
0.46059
0.801212
0.111682
0.383543
0.843109
0.433619
0.99127
0.363377
0.77103
0.66871
0.140241
0.0966306
0.974069
0.148339
0.356144
0.170184
0.77342
0.753597
0.200832
0.886557
0.440069
0.43872
0.683869
0.111643
0.553821
0.970082
0.603252
0.653947
0.668608
0.434114
0.509997
0.229979
0.551384
0.590281
0.812945
0.815924
0.214975
0.702068
0.880244
0.265223
0.842299
0.805035
0.365821
0.732036
0.568862
0.31697
0.326673
0.397205
0.101284
0.271216
0.0305895
0.661896
0.906455
0.37566
0.257824
0.875616
0.746168
0.26652
0.363382
0.77452
0.850211
0.66817
0.276614
0.214753
0.535947
0.638213
0.0400389
0.937342
0.769712
0.393612
0.63775
0.564516
0.35181
0.214927
0.996145
0.704611
0.525261
0.413982
0.209567
0.805293
0.403729
0.102894
0.87332
0.615885
0.623856
0.296979
0.683958
0.424783
0.730889
0.632945
0.914823
0.265801
0.00818144
0.727868
0.809734
0.376602
0.319659
0.893321
0.46766
0.922059
0.672307
0.124686
0.455641
0.337181
0.805028
0.526172
0.0976152
0.454548
0.961846
0.447259
0.15864
0.583216
0.954587
0.847203
0.0862569
0.857425
0.942704
0.991309
0.810548
0.247976
0.266324
0.105499
0.289658
0.161336
0.734694
0.442716
0.741532
0.999169
0.82471
0.576865
0.492632
0.233682
0.15373
0.718162
0.600566
0.514161
0.841558
0.283672
0.500974
0.106867
0.327916
0.656718
0.876775
0.762103
