0.811854
0.478321
0.28483
0.453459
0.28734
0.357383
0.613112
0.414529
0.921378
0.321078
0.751011
0.205397
0.303661
0.268658
0.693142
0.166851
0.531561
0.201309
0.15717
0.756945
0.914743
0.219757
0.168698
0.799184
0.611404
0.773494
0.553898
0.293617
0.590603
0.163707
0.371432
0.901978
0.410454
0.830105
0.973436
0.561048
0.683836
0.545784
0.749088
0.643354
0.145898
0.838016
0.130128
0.686559
0.940306
0.455358
0.111384
0.0616135
0.776188
0.00271404
0.606765
0.356901
0.39459
0.396591
0.41935
0.827039
0.726058
0.905234
0.782628
0.326905
0.201657
0.655009
0.108908
0.885964
0.587308
0.781286
0.596631
0.174493
0.0804621
0.828752
0.153471
0.0614861
0.589883
0.465559
0.462368
0.909336
0.159438
0.79398
0.672731
0.918995
0.56175
0.20139
0.255107
0.622201
0.376013
0.358952
0.0286506
0.767375
0.237384
0.665913
0.748491
0.728439
0.814288
0.740083
0.644517
0.0990022
0.999399
0.418096
0.0759803
0.741253
0.999709
0.548969
0.59314
0.154412
0.63665
0.546074
0.284415
0.657726
0.994228
0.509888
0.205238
0.632437
0.683085
0.455128
0.0844422
0.990491
0.0393495
0.741321
0.586935
0.956611
0.399871
0.513642
0.79334
0.395412
0.160659
0.569453
0.597165
0.820855
0.993382
0.342612
0.000621031
0.063048
0.465959
0.987232
0.0395443
0.366574
0.17003
0.866659
0.638185
0.887071
0.764859
0.485279
0.0684725
0.517868
0.406165
0.581705
0.966366
0.962553
0.998397
0.513527
0.722004
0.145835
0.186843
0.237704
0.919625
0.0816604
0.695914
0.188683
0.81707
0.324381
0.800402
0.815938
0.317045
0.203282
0.161479
0.911362
0.707277
0.120678
0.640383
0.14895
0.081501
0.744787
0.192911
0.00070739
0.0216317
0.402198
0.59111
0.0471336
0.00316743
0.576378
0.350546
0.162302
0.623241
0.55104
0.849423
0.401395
0.0540217
0.998144
0.0432577
0.125975
0.458125
0.802324
0.403748
0.754779
0.339803
0.343944
0.612137
0.940608
0.177159
0.11756
0.458721
0.976384
0.793503
0.157044
0.790028
0.71719
0.305595
0.143576
0.992894
0.773078
0.513236
0.37819
0.266309
0.596823
0.107885
0.68344
0.206239
0.888389
0.618593
0.0356529
0.849425
0.13991
0.230725
0.375598
0.203095
0.667364
0.125272
0.837356
0.702801
0.294082
0.752997
0.835649
0.271649
0.524774
0.00999153
0.742271
0.967452
0.976095
0.663508
0.41975
0.00847463
0.362943
0.689644
0.404637
0.236858
0.956744
0.246547
0.038071
0.263306
0.80707
0.796613
0.126834
0.128315
0.0652208
0.829965
0.586604
0.339317
0.757696
0.678122
0.270389
0.613664
0.476206
0.200779
0.588495
0.85986
0.739586
0.848393
0.514583
0.341103
0.181199
0.0818296
0.463069
0.0913487
0.589521
0.840339
0.0405524
0.38485
0.529906
0.648344
0.109254
0.757738
0.394061
0.035316
0.0625742
0.00999078
0.575906
0.761307
0.0870618
0.0629103
0.640136
0.904884
0.410024
0.781693
0.505994
0.262406
0.3792
0.472542
0.719774
0.579472
0.467566
0.258757
0.643356
0.0382957
0.0606385
0.739655
0.0218215
0.649107
0.888045
0.899797
0.294081
0.812785
0.567494
0.933047
0.79851
0.276672
0.99844
0.726772
0.286611
0.591552
0.749114
0.450236
0.0411024
0.955692
0.483106
0.0832038
0.0532132
0.630885
0.304867
0.740228
0.562932
0.712467
0.645665
0.306853
0.54358
0.797506
0.678071
0.973903
0.660244
0.246552
0.450802
0.251942
0.760499
0.522211
0.108614
0.686299
0.662555
0.905743
0.489806
0.463341
0.663417
0.937509
0.326865
0.0232124
0.773083
0.0848698
0.535649
0.798365
0.547524
0.802823
0.315577
0.3965
0.470662
0.264029
0.777337
0.494089
0.626914
0.512241
0.844484
0.801001
0.495673
0.867136
0.497111
0.961799
0.072833
0.377426
0.590923
0.215851
0.676436
0.667109
0.754904
0.78124
0.615839
0.809909
0.290084
0.260202
0.0602461
0.721928
0.446056
0.123879
0.708518
0.981921
0.439173
0.171681
0.00796023
0.277198
0.447194
0.040318
0.0570642
0.0438869
0.65537
0.0314455
0.861233
0.196094
0.230992
0.0936684
0.915506
0.162854
0.353449
0.0814234
0.596582
0.386308
0.471136
0.986696
0.163752
0.944747
0.462052
0.942143
0.330503
0.88894
0.0318061
0.712155
0.856124
0.289137
0.620482
0.980286
0.507562
0.811583
0.689113
0.0366425
0.112679
0.986959
0.259618
0.0717657
0.0159374
0.49925
0.212841
0.802724
0.56949
0.329814
0.516173
0.413392
0.542996
0.969468
0.0748396
0.0472003
0.275055
0.617125
0.397193
0.706848
0.387473
0.125599
0.356002
0.838023
0.718994
0.566647
0.279683
0.585333
0.389153
0.173213
0.0242468
0.914601
0.846234
0.870763
0.752342
0.612079
0.201024
0.257091
0.00958802
0.339294
0.749389
0.281597
0.00385561
0.0304919
0.691452
0.272204
0.0986661
0.381469
0.633345
0.341023
0.630938
0.653144
0.916665
0.718189
0.11294
0.685025
0.237834
0.878212
0.629586
0.056543
0.699652
0.430507
0.23461
0.663722
0.591386
0.755558
0.326978
0.732495
0.029376
0.108581
0.878328
0.328427
0.98154
0.592181
0.259507
0.352293
0.487402
0.276685
0.802067
0.265914
0.190356
0.743233
0.679533
0.700893
0.163979
0.385288
0.635418
0.153003
0.163257
0.811291
0.822864
0.877562
0.118951
0.641177
0.562427
0.857012
0.747667
0.0308443
0.853546
0.468736
0.48588
0.515795
0.388461
0.384297
0.204799
0.108758
0.715041
0.0223093
0.997675
0.0759215
0.392316
0.33206
0.653643
0.493283
0.0233175
0.0407316
0.403945
0.469138
0.953819
0.288967
0.658367
0.667151
0.00996145
0.716089
0.471758
0.0880848
0.454651
0.369553
0.945655
0.245851
0.793381
0.903756
0.907446
0.225576
0.334136
0.0168586
0.417574
0.816227
0.841038
0.0840576
0.969789
0.151147
0.775998
0.502416
0.725189
0.781529
0.952114
0.608593
0.304292
0.895436
0.357811
0.11843
0.361174
0.436624
0.706524
0.894493
0.109877
0.872282
0.0873253
0.215694
0.00754317
0.394837
0.674003
0.789565
0.519205
0.555524
0.493536
0.935349
0.891754
0.583566
0.51462
0.350414
0.169004
0.647259
0.150844
0.132418
0.103859
0.820622
0.106948
0.360379
0.757811
0.867961
0.0767194
0.56661
0.345948
0.171508
0.827763
0.592392
0.815088
0.34147
0.901904
0.116345
0.591515
0.645342
0.0604994
0.813281
0.958598
0.758701
0.491899
0.592951
0.372795
0.148059
0.291835
0.63693
0.449296
0.866877
0.693656
0.603779
0.390583
0.471877
0.288939
0.974555
0.0811886
0.428003
0.0815597
0.852815
0.883902
0.226253
0.478861
0.638627
0.406195
0.0909501
0.701395
0.783787
0.685066
0.699508
0.330766
0.673303
0.820879
0.884221
0.782667
0.466244
0.788048
0.274103
0.0673769
0.984357
0.465789
0.149328
0.372703
0.403533
0.558662
0.794802
0.26629
0.363157
0.120555
0.517158
0.795212
0.903326
0.140543
0.226574
0.306644
0.503653
0.220554
0.373555
0.381916
0.736119
0.810441
0.751175
0.202595
0.0520018
0.971225
0.0108023
0.511364
0.145452
0.53749
0.895501
0.45392
0.168681
0.375856
0.267634
0.986065
0.898959
0.630659
0.310328
0.558933
0.774207
0.0821678
0.727814
0.45266
0.144797
0.0878613
0.896953
0.454032
0.888715
0.405303
0.551325
0.0864382
0.777092
0.128303
0.114458
0.565091
0.968171
0.423662
0.498901
0.786436
0.58402
0.469927
0.473084
0.339449
0.627812
0.125368
0.557703
0.917871
0.337321
0.327697
0.576595
0.688185
0.626077
0.929764
0.33138
0.416873
0.335813
0.23778
0.400223
0.953906
0.193229
0.608201
0.154563
0.256728
0.799592
0.233753
0.369947
0.317434
0.885709
0.027933
0.630185
0.232338
0.712965
0.0758884
0.970328
0.404118
0.830686
0.285845
0.0149996
0.576059
0.0575629
0.604476
0.617179
0.782737
0.545023
0.47401
0.33173
0.280469
0.850352
0.211333
0.13519
0.562783
0.686947
0.362639
0.686937
0.344585
0.829149
0.660914
0.355323
0.0816162
0.600665
0.897199
0.952959
0.43094
0.921719
0.560228
0.935428
0.000508204
0.432381
0.605211
0.790169
0.973332
0.846882
0.997724
0.647301
0.156465
0.0277441
0.947399
0.10419
0.561136
0.765313
0.539687
0.471948
0.707575
0.275274
0.469842
0.864516
0.588336
0.986713
0.940638
0.947233
0.567017
0.0122275
0.312115
0.872769
0.16715
0.864377
0.660764
0.109226
0.973788
0.204363
0.542772
0.0190765
0.578719
0.435794
0.191784
0.930509
0.807667
0.667446
0.300987
0.0569251
0.0701747
0.671961
0.545199
0.485005
0.564285
0.808798
0.79549
0.112205
0.501067
0.069766
0.866925
0.87878
0.891178
0.63701
0.700833
0.39758
0.779999
0.279028
0.126771
0.859886
0.989544
0.654267
0.050049
0.828397
0.919676
0.0857291
0.926236
0.887859
0.242666
0.399819
0.104261
0.956326
0.174879
0.509174
0.422924
0.634418
0.546822
0.129094
0.495183
0.500362
0.427524
0.603745
0.0876083
0.215408
0.362351
0.230179
0.14024
0.717898
0.284026
0.567362
0.101463
0.9459
0.364856
0.63507
0.965922
0.534318
0.0326453
0.334014
0.0838912
0.788032
0.402872
0.130298
0.708625
0.661538
0.278765
0.493517
0.741873
0.469181
0.887268
0.359297
0.759113
0.074013
0.0107986
0.58552
0.857021
0.579717
0.953253
0.338158
0.316673
0.738529
0.148834
0.995798
0.272147
0.150635
0.747024
0.166651
0.798562
0.763763
0.0868273
0.982759
0.673133
0.286265
0.269436
0.506226
0.572078
0.191784
0.592386
0.43298
0.127115
0.159586
0.216945
0.294003
0.780584
0.323754
0.571123
0.624333
0.337363
0.997117
0.714307
0.606002
0.354466
0.193662
0.220276
0.0608188
0.783294
0.174204
0.202089
0.0671765
0.786787
0.213782
0.227567
0.729244
0.712712
0.229018
0.39946
0.587294
0.495092
0.957024
0.891774
0.723783
0.0910858
0.315616
0.180651
0.104648
0.280371
0.991953
0.439069
0.202988
0.741161
0.976174
0.504396
0.958076
0.924104
0.51427
0.352269
0.635346
0.27472
0.339457
0.799067
0.237926
0.190198
0.87322
0.0107174
0.812713
0.464821
0.396319
0.41545
0.305196
0.478476
0.304481
0.302628
0.830231
0.497731
0.61747
0.673896
0.197782
0.41346
0.594841
0.386368
0.610251
0.0161584
0.516811
0.540454
0.937571
0.939416
0.417585
0.293193
0.00610683
0.350836
0.501351
0.084952
0.176474
0.642325
0.929252
0.835983
0.339693
0.0271056
0.229933
0.642559
0.544169
0.280905
0.364213
0.596415
0.832368
0.717437
0.132288
0.223619
0.216754
0.257302
0.890045
0.735175
0.510308
0.464343
0.0288824
0.42495
0.261756
0.367479
0.169399
0.732915
0.31488
0.65642
0.662801
0.525902
0.570751
0.77543
0.937494
0.963137
0.0138379
0.0372848
0.954604
0.37347
0.584251
0.575931
0.41247
0.529811
0.370666
0.839041
0.577994
0.119066
0.717995
0.0875027
0.267864
0.0998196
0.397332
0.650397
0.943663
0.249818
0.310446
0.613048
0.702184
0.287641
0.187093
0.528498
0.278425
0.448855
0.039385
0.937607
0.118088
0.523992
0.78265
0.325534
0.618873
0.0755594
0.0391299
0.0744362
0.850481
0.810095
0.317736
0.72277
0.8482
0.0616227
0.663443
0.822945
0.104359
0.0937296
0.597573
0.644363
0.0710738
0.956712
0.113431
0.00430986
0.630777
0.851885
0.446132
0.874189
0.819186
0.177402
0.113845
0.453404
0.932613
0.648602
0.0304264
0.994714
0.571503
0.815291
0.315815
0.112685
0.0586132
0.87889
0.0765384
0.505059
0.171055
0.0910019
0.0826941
0.254483
0.590969
0.278357
0.233156
0.205738
0.316819
0.940842
0.367185
0.0361807
0.292488
0.849475
0.473499
0.512723
0.214328
0.923739
0.165512
0.286095
0.00400945
0.436245
0.384479
0.992038
0.262941
0.205565
0.0947713
0.138941
0.929458
0.809381
0.870907
0.861976
0.224311
0.687377
0.299808
0.769049
0.829529
0.792623
0.610246
0.143374
0.921549
0.423144
0.128648
0.0733864
0.569992
0.138076
0.120689
0.380074
0.995232
0.35081
0.907527
0.469586
0.264374
0.25429
0.159592
0.560055
0.19379
0.0984679
0.300266
0.231312
0.605885
0.478213
0.928954
0.431877
0.61126
0.0761651
0.0251311
0.133629
0.147952
0.476111
0.410858
0.779336
0.589284
0.219271
0.888315
0.917257
0.644693
0.388672
0.942901
0.611951
0.846936
0.177922
0.91264
0.162561
0.131264
0.276429
0.34635
0.0884309
0.192047
0.326186
0.771408
0.907413
0.351645
0.388322
0.158772
0.846937
0.21309
0.000499898
0.961545
0.976135
0.79281
0.184793
0.149037
0.258567
0.616191
0.944367
0.453671
0.282001
0.0117855
0.103382
0.868196
0.146153
0.70115
0.646832
0.208106
0.383581
0.793801
0.772929
0.781709
0.509818
0.256949
0.599831
0.564559
0.354462
0.161061
0.523343
0.154839
0.905052
0.700512
0.933906
0.526237
0.274742
0.23059
0.311587
0.365667
0.994546
0.152973
0.832395
0.273751
0.912695
0.471703
0.986115
0.0872783
0.603705
0.0383314
0.293856
0.485323
0.16866
0.608931
0.504649
0.78565
0.140924
0.344247
0.145326
0.488421
0.46985
0.840545
0.532601
0.817333
0.754529
0.0390276
0.104368
0.290107
0.544703
0.12153
0.605665
0.660072
0.360596
0.266551
0.888918
0.375121
0.674372
0.323816
0.80922
0.0891755
0.340746
0.500816
0.131791
0.965592
0.40858
0.971235
0.63709
0.46062
0.251561
0.177962
0.589023
0.159518
0.401691
0.638177
0.700708
0.447921
0.275229
0.067061
0.519137
0.555939
0.808721
0.608346
0.50727
0.542091
0.453695
0.271281
0.829182
0.472838
0.643563
0.596709
0.13595
0.248615
0.328829
0.0548803
0.720569
0.791426
0.978242
0.0991867
0.69911
0.135816
0.315608
0.412889
0.0257243
0.619034
0.500886
0.344787
0.00779634
0.68794
0.350027
0.982074
0.81655
0.436568
0.57265
0.971328
0.935057
0.538076
0.917809
0.761201
0.978684
0.419188
0.184721
0.887304
0.973619
0.853902
0.0481293
0.202443
0.830521
0.323367
0.888261
0.132053
0.953849
0.231058
0.0539779
0.593775
0.90565
0.828832
0.924613
0.410951
0.562411
0.66173
0.158211
0.862547
0.407163
0.80194
0.183192
0.987721
0.859948
0.823835
0.405606
0.0686302
0.610717
0.99098
0.436639
0.158585
0.886834
0.1637
0.00173594
0.864359
0.974036
0.721575
0.720655
0.549941
0.602019
0.106059
0.688636
0.825553
0.788005
0.100267
0.915502
0.361976
0.324669
0.956651
0.0908188
0.753824
0.375705
0.0887108
0.979481
0.677176
0.828843
0.962632
0.631221
0.0284912
0.495744
0.183727
0.61437
0.378411
0.633009
0.84714
0.751361
0.37548
0.68803
0.0526697
0.80506
0.725169
0.0356392
0.501726
0.928099
0.247995
0.921127
0.15194
0.22985
0.835896
0.782432
0.699906
0.847886
0.12964
0.161469
0.201684
0.532146
0.877485
0.587854
0.325855
0.685718
0.0754868
0.287184
0.592744
0.173189
0.210985
0.891495
0.877964
0.185558
0.301752
0.3493
0.177002
0.179904
0.781447
0.676221
0.539552
0.62131
0.262261
0.312182
0.85371
0.0590897
0.336363
0.942489
0.13024
0.756435
0.066598
0.948012
0.653671
0.103246
0.400268
0.570209
0.631991
0.269768
0.740094
0.373751
0.772975
0.742736
0.943976
0.0978028
0.319352
0.000610992
0.49793
0.968371
0.0240409
0.49993
0.416243
0.827179
0.718715
0.0419728
0.764568
0.183027
0.596058
0.599531
0.847318
0.859378
0.153145
0.735486
0.863618
0.949396
0.383236
0.0934713
0.198965
0.360876
0.924142
0.439073
0.377116
0.474802
0.0846391
0.477896
0.771286
0.149806
0.303556
0.984892
0.396157
0.663703
0.771885
0.613809
0.177952
0.0195102
0.197755
0.549359
0.310482
0.201811
0.499448
0.609161
0.807782
0.615425
0.405622
0.471122
0.00730652
0.436607
0.160363
0.469197
0.816439
0.547094
0.0413587
0.279794
0.0527411
0.351584
0.140361
0.359834
0.202149
0.291261
0.749698
0.789986
0.99415
0.876899
0.206708
0.210289
0.942626
0.666904
0.0898116
0.489026
0.154458
0.875528
0.884823
0.659268
0.027001
0.958046
0.645956
0.0900055
0.282
0.766953
0.195903
0.0249294
0.131739
0.349007
0.689533
0.0956065
0.49922
0.131974
0.626848
0.54386
0.603795
0.804541
0.522395
0.101047
0.678406
0.818544
0.376018
7.20288e-05
0.0162853
0.259529
0.942766
0.400853
0.149945
0.304963
0.165691
0.374146
0.66423
0.73166
0.134969
0.248428
0.976381
0.703846
0.427592
0.143809
0.45854
0.600255
0.754138
0.18624
0.822974
0.228845
0.905925
0.953526
0.501518
0.332119
0.19452
0.0791152
0.163638
0.632862
0.758381
0.486072
0.267414
0.621518
0.83998
0.198222
0.786983
0.538391
0.509034
0.556966
0.31903
0.411297
0.90445
0.866336
0.922534
0.563737
0.186325
0.676592
0.357301
0.180179
0.413464
0.800962
0.251283
0.664988
0.176965
0.432086
0.0958202
0.300953
0.719704
0.383541
0.438396
0.00909195
0.172531
0.0831993
0.655128
0.434908
0.642485
0.517915
0.131623
0.429289
0.993449
0.380657
0.838939
0.0486897
0.179801
0.703209
0.297855
0.423246
0.533774
0.771634
0.238015
0.625607
0.718002
0.218869
0.489281
0.885912
0.999571
0.78656
0.162831
0.626922
0.326389
0.599535
0.748606
0.862532
0.0615275
0.607306
0.41507
0.414069
0.373026
0.242606
0.507624
0.978059
0.457885
0.976305
0.043576
0.552151
0.875378
0.299478
0.062944
0.593991
0.190724
0.295747
0.235395
0.630803
0.0377706
0.449088
0.213748
0.387787
0.0336612
0.944536
0.459361
0.790515
0.10692
0.760475
0.972741
0.0921253
0.375688
0.515797
0.00395778
0.947384
0.451524
0.983142
0.233125
0.367392
0.262839
0.0132478
0.0703773
0.378267
0.559877
0.236049
0.590869
0.89351
0.650972
0.503891
0.644392
0.75926
0.328924
0.54818
0.761659
0.15148
0.915525
0.736303
0.908632
0.608881
0.625592
0.357688
0.885553
0.263909
0.104617
0.324806
0.52529
0.180993
0.540998
0.2931
0.964988
0.351069
0.433298
0.84506
0.340332
0.651619
0.527397
0.0674692
0.302564
0.493999
0.668417
0.996312
0.635411
0.771094
0.258546
0.198884
0.23863
0.519194
0.618688
0.0998819
0.40624
0.971186
0.650547
0.782912
0.0799824
0.480561
0.0665199
0.434643
0.546133
0.857276
0.392213
0.829373
0.258576
0.050662
0.913977
0.708697
0.683632
0.760256
0.0308315
0.620134
0.516744
0.570985
0.579935
0.209967
0.827015
0.318357
0.442515
0.183902
0.264318
0.0733385
0.749525
0.390931
0.623286
0.146135
0.372181
0.147604
0.355929
0.482085
0.566359
0.569844
0.80129
0.817235
0.506061
0.503101
0.706116
0.536434
0.9066
0.949072
0.598678
0.726439
0.427283
0.00869711
0.530962
0.214766
0.183302
0.953546
0.744441
0.245403
0.106105
0.999217
0.663763
0.469559
0.0674117
0.509314
0.552882
0.312897
0.362363
0.749236
0.801694
0.600697
0.296025
0.677371
0.400205
0.546537
0.645852
0.68893
0.655709
0.209323
0.954554
0.478357
0.461529
0.481159
0.149787
0.116232
0.683568
0.855524
0.144655
0.44321
0.0174459
0.0915447
0.680157
0.942603
0.463852
0.958737
0.498678
0.783573
0.668221
0.374998
0.0677986
0.647044
0.443387
0.150113
0.0724372
0.768264
0.177788
0.215282
0.573175
0.636462
0.219651
0.446574
0.709183
0.0182303
0.557472
0.548332
0.00973111
0.452272
0.336107
0.347435
0.436252
0.385624
0.627549
0.706893
0.239851
0.693346
0.195071
0.437817
0.654311
0.195288
0.774542
0.0647693
0.0305027
0.998174
0.693787
0.94837
0.887914
0.962367
0.100661
0.900603
0.529958
0.81921
0.750699
0.888182
0.813418
0.222764
0.151707
0.763139
0.967612
0.9052
0.19467
0.151592
0.468428
0.909657
0.190165
0.668822
0.449875
0.801057
0.61049
0.423729
0.46263
0.937697
0.912637
0.605599
0.87941
0.323083
0.772007
0.351986
0.311801
0.809263
0.524893
0.363616
0.639098
0.194016
0.731766
0.262873
0.238121
0.522355
0.809466
0.423092
0.627126
0.180154
0.657493
0.296845
0.989251
0.450212
0.35138
0.58496
0.8836
0.81236
0.682774
0.994155
0.220541
0.919066
0.895068
0.890938
0.282684
0.312765
0.516133
0.925914
0.534165
0.679581
0.11246
0.606591
0.279682
0.115335
0.873229
0.669188
0.144147
0.780207
0.389133
0.314907
0.861112
0.91519
0.272336
0.85445
0.0662456
0.634246
0.878755
0.116764
0.921575
0.604865
0.0450652
0.0347138
0.126886
0.865357
0.524085
0.188159
0.0833422
0.276641
0.100639
0.89126
0.865175
0.288341
0.121825
0.732349
0.241507
0.0692202
0.354473
0.423065
0.496412
0.724506
0.921898
0.691337
0.796299
0.837247
0.0470498
0.856471
0.403043
0.56316
0.0127035
0.785373
0.485541
0.33184
0.524252
0.796326
0.668552
0.814567
0.939637
0.604253
0.440326
0.739888
0.254254
0.400191
0.783228
0.7146
0.666565
0.367151
0.179291
0.442694
0.813599
0.150752
0.0206928
0.808635
0.352616
0.221142
0.811127
0.104402
0.25323
0.805252
0.304745
0.702053
0.67895
0.281346
0.194929
0.269524
0.159353
0.260763
0.115549
0.547918
0.660056
0.441364
0.489151
0.9523
0.19777
0.83714
0.298992
0.643066
0.480649
0.0612642
0.483247
0.638117
0.38515
0.261992
0.607803
0.416923
0.364238
0.0500793
0.504814
0.620374
0.946696
0.74648
0.885279
0.450386
0.57733
0.622461
0.239399
0.130172
0.253509
0.232312
0.250179
0.205074
0.789085
0.465001
0.0798108
0.0564507
0.648437
0.118909
0.49841
0.61881
0.226976
0.962254
0.750001
0.388373
0.293978
0.89823
0.385997
0.0120753
0.133626
0.632462
0.551588
0.252777
0.396923
0.174402
0.762549
0.79304
0.478364
0.0856222
0.618172
0.971545
0.501096
0.475812
0.999244
0.717082
0.469786
0.0190107
0.515277
0.697288
0.0747347
0.0819463
0.623561
0.413062
0.418705
0.540148
0.0748183
0.570403
0.830906
0.296285
0.644059
0.137842
0.844529
0.824135
0.752668
0.916812
0.4514
0.705916
0.676358
0.407062
0.909591
0.861444
0.234818
0.564608
0.500375
0.947569
0.0163226
0.309618
0.966422
0.848384
0.0993054
0.04152
0.909121
0.553816
0.842346
0.313496
0.520029
0.195353
0.0131213
0.946552
0.533971
0.100445
0.451398
0.748552
0.532087
0.928461
0.394918
0.160158
0.84649
0.16375
0.854058
0.84316
0.484471
0.773952
0.845434
0.399737
0.55993
0.517272
0.292225
0.921607
0.403006
0.909368
0.483588
0.409134
0.699065
0.840148
0.190819
0.866435
0.616757
0.442253
0.65396
0.118436
0.712027
0.102941
0.567207
0.73733
0.918968
0.879613
0.370251
0.709039
0.380778
0.445111
0.23199
0.5839
0.0142341
0.408549
0.383371
0.143652
0.739853
0.324789
0.382944
0.989047
0.623001
0.403977
0.232312
0.965622
0.144813
0.401017
0.53205
0.100945
0.580777
0.104487
0.595872
0.47811
0.816292
0.573702
0.210623
0.431053
0.432794
0.871234
0.746995
0.396642
0.166463
0.541833
0.0202546
0.12034
0.634114
0.484786
0.994832
0.658967
0.972325
0.880704
0.704576
0.0833578
0.441777
0.000521985
0.678622
0.774835
0.911877
0.354249
0.543833
0.653164
0.177536
0.984787
0.00273248
0.19577
0.46825
0.556886
0.254104
0.994964
0.446642
0.0552882
0.696427
0.237663
0.299689
0.256048
0.0871462
0.567423
0.266137
0.0320248
0.640087
0.600902
0.191066
0.687912
0.310483
0.426498
0.381518
0.624682
0.784548
0.594627
0.651575
0.589431
0.159153
0.0421329
0.137025
0.282666
0.756925
0.415022
0.14565
0.734017
0.669501
0.635469
0.542846
0.252068
0.0739004
0.387182
0.954674
0.0241731
0.591344
0.884375
0.581903
0.716317
0.716578
0.379149
0.154268
0.157502
0.462561
0.0350164
0.726494
0.751873
0.45059
0.286863
0.142328
0.493704
0.36511
0.780877
0.139424
0.74641
0.620603
0.907755
0.717877
0.117553
0.870676
0.0659578
0.00134684
0.306666
0.39632
0.285918
0.649054
0.260231
0.986044
0.67291
0.667248
0.789356
0.0694047
0.243246
0.509871
0.865727
0.997391
0.609833
0.0231798
0.905634
0.787376
0.508552
0.754617
0.611007
0.422153
0.246585
0.206307
0.323515
0.356828
0.408
0.514404
0.908795
0.116941
0.180037
0.469115
0.312142
0.931958
0.877757
0.989405
0.194377
0.819408
0.61421
0.235228
0.792114
0.433431
0.129682
0.57025
0.127837
0.217928
0.467756
0.489737
0.193454
0.120132
0.675585
0.99016
0.657187
0.226411
0.827994
0.372674
0.697467
0.644953
0.0253307
0.297734
0.905624
0.65823
0.301986
0.580839
0.370652
0.169072
0.04142
0.982374
0.584894
0.618133
0.28002
0.902236
0.439975
0.242693
0.0434877
0.1219
0.497378
0.700907
0.323077
0.012864
0.650776
0.189908
0.520247
0.9264
0.467534
0.867891
0.421945
0.887616
0.371493
0.132446
0.429369
0.390001
0.982534
0.979575
0.307462
0.931876
0.799491
0.937408
0.619281
0.367811
0.409297
0.719574
0.633283
0.573626
0.81443
0.146368
0.266377
0.374482
0.10306
0.739375
0.326017
0.595407
0.891891
0.287898
0.741531
0.476565
0.414747
0.827695
0.524448
0.476245
0.860787
0.13066
0.124569
0.132166
0.652713
0.978227
0.588634
0.417234
0.00896153
0.895842
0.975286
0.991417
0.92228
0.182157
0.562077
0.499944
0.864409
0.368597
0.903521
0.615304
0.772102
0.731571
0.973556
0.79141
0.460159
0.764924
0.972103
0.256031
0.91574
0.33459
0.181453
0.434338
0.760573
0.916358
0.501787
0.374723
0.771578
0.189764
0.476994
0.58116
0.857357
0.671456
0.193448
0.933515
0.598932
0.653895
0.375429
0.32807
0.0321139
0.438448
0.821108
0.652298
0.994471
0.599873
0.518671
0.072206
0.662953
0.410109
0.259837
0.763629
0.880712
0.548361
0.451463
0.935262
0.0834134
0.368041
0.0331318
0.0460046
0.64059
0.510186
0.561798
0.281449
0.678728
0.626863
0.708945
0.615367
0.449572
0.727487
0.984814
0.534476
0.779882
0.991528
0.636587
0.273274
0.60308
0.63604
0.911086
0.615642
0.943665
0.255734
0.198206
0.44387
0.877172
0.34839
0.107522
0.764735
0.896277
0.188643
0.673522
0.51589
0.861963
0.298155
0.303297
0.221104
0.139834
0.959012
0.680683
0.804794
0.536206
0.821456
0.262433
0.695705
0.851032
0.0871534
0.965787
0.700918
0.0755355
0.94284
0.962463
0.388753
0.576942
0.817162
0.0765435
0.865313
0.181372
0.834674
0.841036
0.508618
0.520019
0.366895
0.923601
0.700228
0.990729
0.968966
0.0927278
0.370596
0.530163
0.0805926
0.704305
0.346972
0.112292
0.941901
0.207346
0.00980482
0.868563
0.678635
0.171705
0.176661
0.895855
0.0809771
0.0718434
0.0234353
0.572509
0.325391
0.524913
0.401908
0.629231
0.631625
0.342676
0.95666
0.333345
0.671042
0.0261736
0.861773
0.335173
0.920069
0.24608
0.0776584
0.283444
0.302942
0.622158
0.581784
0.692317
0.143561
0.348005
0.623393
0.858977
0.471568
0.69072
0.0937588
0.0575978
0.825202
0.0907902
0.206378
0.79324
0.681732
0.469991
0.897769
0.40853
0.658548
0.958419
0.30182
0.724856
0.751902
0.185631
0.56838
0.0611126
0.683282
0.668726
0.1342
0.893097
0.169664
0.54411
0.034614
0.814564
0.595102
0.4058
0.644035
0.366343
0.99997
0.706045
0.196802
0.829573
0.302489
0.523018
0.624865
0.00475118
0.775371
0.212396
0.203979
0.794802
0.2699
0.830791
0.997261
0.395376
0.899643
0.530843
0.0822506
0.418549
0.0189042
0.901521
0.374959
0.0118435
0.50115
0.443384
0.852444
0.500863
0.112195
0.791401
0.934827
0.855888
0.155007
0.0813006
0.628262
0.0969567
0.0334327
0.32361
0.645051
0.584276
0.672177
0.792689
0.380194
0.0792933
0.434192
0.785474
0.304882
0.734032
0.100197
0.172767
0.925116
0.788422
0.778826
0.877306
0.909721
0.930386
0.404006
0.289149
0.768709
0.94388
0.279397
0.37113
0.273215
0.473539
0.960544
0.101757
0.540645
0.307531
0.151651
0.422623
0.324211
0.556407
0.18444
0.214903
0.565262
0.908647
0.6999
0.885462
0.743195
0.444682
0.118603
0.93927
0.596452
0.331013
0.293001
0.504082
0.844781
0.945664
0.848311
0.544018
0.52084
0.526218
0.625083
0.278809
0.521887
0.330242
0.275095
0.372911
0.986322
0.753354
0.44599
0.845778
0.501424
0.551872
0.742759
0.272418
0.386349
0.75361
0.493471
0.665179
0.90187
0.334291
0.295571
0.618101
0.182479
0.212147
0.806353
0.108719
0.677312
0.194885
0.37179
0.539718
0.251138
0.71915
0.321164
0.0376385
0.811861
0.0453105
0.297524
0.303918
0.536385
0.120199
0.795267
0.502551
0.227985
0.831282
0.113443
0.999325
0.758302
0.51846
0.476625
0.272508
0.963162
0.319447
0.452952
0.533218
0.78338
0.412335
0.909796
0.120651
0.872467
0.651388
0.431496
0.137163
0.0184175
0.365739
0.0173089
0.471443
0.131659
0.844853
0.957407
0.19613
0.737742
0.055588
0.514494
0.118785
0.642652
0.162659
0.0616721
0.558503
0.144378
0.368282
0.201192
0.000180244
0.810001
0.90307
0.440653
0.365834
0.364805
0.287875
0.835094
0.97588
0.214291
0.666012
0.440749
0.412788
0.846552
0.502365
0.229018
0.712043
0.432182
0.415946
0.931265
0.14712
0.0198382
0.424017
0.946802
0.73077
0.311909
0.155075
0.989113
0.852899
0.673597
0.269521
0.90255
0.265706
0.853652
0.419129
0.0856867
0.935458
0.823568
0.932453
0.637031
0.986515
0.629252
0.429087
0.277017
0.82933
0.929461
0.954576
0.166917
0.180367
0.947705
0.632071
0.546436
0.646606
0.990235
0.813094
0.913359
0.559122
0.312863
0.443957
0.265958
0.142716
0.767052
0.609008
0.217773
0.469354
0.794679
0.586073
0.913567
0.752013
0.809329
0.727014
0.845382
0.615888
0.61352
0.00968075
0.563145
0.854077
0.451891
0.338306
0.0851685
0.894883
0.444706
0.893582
0.527175
0.453006
0.0141357
0.267827
0.798663
0.205368
0.642817
0.693671
0.0970728
0.739346
0.976107
0.757398
0.206543
0.175012
0.910822
0.2696
0.189431
0.435446
0.912408
0.190121
0.709019
0.763644
0.272146
0.295074
0.961221
0.213397
0.380588
0.667731
0.374159
0.683131
0.97532
0.668924
0.697433
0.247502
0.872526
0.776567
0.140081
0.252782
0.55708
0.509845
0.976013
0.779914
0.242948
0.0886796
0.803446
0.703194
0.925652
0.402484
0.255174
0.739929
0.405613
0.539227
0.158754
0.969613
0.565562
0.130138
0.531001
0.237427
0.860023
0.91989
0.585039
0.340987
0.994179
0.681116
0.178858
0.235844
0.736397
0.555456
0.0396263
0.557155
0.975225
0.708834
0.966406
0.899624
0.580171
0.713341
0.843687
0.688287
0.16247
0.140398
0.345576
0.812737
0.00496105
0.237734
0.031866
0.676943
0.851611
0.769413
0.576447
0.268798
0.916119
0.836647
0.930324
0.886399
0.764557
0.607904
0.747671
0.298199
0.721261
0.90146
0.0440694
0.342488
0.238401
0.0706927
0.448427
0.0706377
0.904038
0.451075
0.527844
0.971393
0.798676
0.524462
0.319554
0.838203
0.0610586
0.205267
0.284192
0.733
0.570368
0.623925
0.256719
0.16957
0.239347
0.0910348
0.854844
0.87946
0.691378
0.236391
0.615784
0.311367
0.451896
0.163436
0.227187
0.0430759
0.298197
0.473402
0.343707
0.828788
0.14274
0.0874435
0.906387
0.903755
0.234562
0.507804
0.550627
0.638331
0.57279
0.531469
0.919103
0.0159408
0.207333
0.582757
0.741225
0.526429
0.957767
0.985954
0.79841
0.727253
0.156387
0.848998
0.0515507
0.644259
0.441882
0.0133188
0.148039
0.61794
0.933648
0.638591
0.919934
0.740789
0.378654
0.361415
0.92666
0.407949
0.0160933
0.0880116
0.705901
0.899412
0.829928
0.485035
0.274886
0.464604
0.703018
0.763011
0.991561
0.719801
0.456975
0.513867
0.355212
0.484577
0.711223
0.818153
0.737461
0.948058
0.351053
0.667875
0.888167
0.689326
0.762773
0.552321
0.0675123
0.574937
0.199391
0.518194
0.951449
0.118268
0.96861
0.860627
0.0563702
0.810178
0.274291
0.0181834
0.354435
0.632564
0.361953
0.513261
0.998663
0.718582
0.874894
0.426527
0.464591
0.134123
0.0917478
0.481753
0.930291
0.447109
0.310738
0.244198
0.940256
0.342697
0.868964
0.930201
0.337452
0.271167
0.526122
0.598749
0.564628
0.124145
0.567014
0.472831
0.269707
0.983945
0.212994
0.249952
0.951125
0.743072
0.511656
0.455111
0.308527
0.713279
0.90812
0.444613
0.77446
0.568064
0.105543
0.405425
0.335978
0.259097
0.465985
0.575794
0.854367
0.0286808
0.734124
0.231433
0.780909
0.678218
0.162593
0.250034
0.975376
0.771878
0.847867
0.369648
0.676765
0.431675
0.653944
0.679112
0.947488
0.506447
0.443247
0.0964215
0.447863
0.817019
0.412927
0.60001
0.0866782
0.117317
0.991475
0.65388
0.636178
0.866654
0.276173
0.665982
0.0746812
0.0548683
0.866962
0.888069
0.981384
0.898204
0.127804
0.155064
0.813458
0.520083
0.792211
0.608396
0.767147
0.941277
0.664025
0.736243
0.251178
0.0965097
0.775125
0.706991
0.701953
0.227391
0.918428
0.467953
0.564517
0.636805
0.687419
0.0719464
0.979963
0.0617269
0.281564
0.460477
0.817869
0.175803
0.0260636
0.942776
0.38827
0.132118
0.825309
0.857983
0.768513
0.889361
0.697593
0.651274
0.436776
0.496503
0.472908
0.583221
0.721389
0.523654
0.302097
0.40253
0.33895
0.267555
0.438837
0.103351
0.144665
0.8605
0.564738
0.100553
0.630719
0.481537
0.855017
0.921326
0.32559
0.952579
0.733432
0.0899156
0.363368
0.424718
0.985767
0.78015
0.555391
0.632749
0.0905659
0.670897
0.0307789
0.557882
0.990819
0.265358
0.328695
0.998425
0.661815
0.219353
0.568488
0.351928
0.0437149
0.90277
0.248823
0.0344985
0.137272
0.250154
0.38023
0.937943
0.0347105
0.378162
0.178251
0.034843
0.875616
0.971015
0.580813
0.369379
0.913281
0.637572
0.470291
0.890064
0.179336
0.800322
0.912283
0.790941
0.812521
0.60953
0.900323
0.0274939
0.231508
0.944445
0.640057
0.509481
0.62169
0.497163
0.611337
0.110976
0.236482
0.0174534
0.826806
0.492611
0.512553
0.226208
0.18239
0.921935
0.945293
0.555974
0.624551
0.625691
0.29231
0.901076
0.0200597
0.168293
0.542705
0.105305
0.0390883
0.32264
0.920883
0.704747
0.638796
0.0863809
0.230404
0.321209
0.409384
0.106553
0.716173
0.834031
0.706559
0.74468
0.73651
0.0123676
0.583643
0.695746
0.00600636
0.521463
0.837311
0.0576272
0.381556
0.519814
0.827915
0.926026
0.539237
0.46933
0.511788
0.941638
0.0676517
0.16239
0.773771
0.721342
0.714243
0.685283
0.362877
0.033947
0.898087
0.00112686
0.918376
0.344131
0.226483
0.365413
0.580313
0.442655
0.574665
0.543901
0.630414
0.889229
0.541687
0.976396
0.39238
0.330053
0.502711
0.771235
0.587253
0.688743
0.134535
0.985234
0.839058
0.0345712
0.0718327
0.0842065
0.320619
0.161726
0.0528893
0.981675
0.695637
0.710775
0.234658
0.785434
0.798492
0.169013
0.381693
0.373213
0.797725
0.360366
0.556015
0.40803
0.968085
0.69781
0.754875
0.143299
0.829783
0.314419
0.540768
0.0650747
0.267766
0.355768
0.0537225
0.443574
0.561998
0.970202
0.0902707
0.0172428
0.231177
0.0641453
0.504105
0.233783
0.984997
0.605635
0.478654
0.799632
0.368936
0.651629
0.0725648
0.12502
0.1776
0.299796
0.822566
0.687749
0.946997
0.731359
0.0405046
0.945048
0.944057
0.0902358
0.136973
0.365722
0.133929
0.502179
0.716152
0.624656
0.108263
0.366414
0.0985287
0.813984
0.999101
0.638624
0.30507
0.854112
0.936674
0.0660889
0.729651
0.803489
0.0787348
0.468057
0.687714
0.0842972
0.944204
0.121633
0.704525
0.807958
0.520999
0.559725
0.921523
0.96354
0.0559166
0.293909
0.984432
0.290064
0.0773956
0.359342
0.329352
0.629422
0.413607
0.578386
0.477513
0.703046
0.922699
0.305226
0.536405
0.674854
0.815036
0.711306
0.774838
0.859281
0.275786
0.182148
0.349295
0.925305
0.380161
0.510274
0.414259
0.287836
0.724421
0.732321
0.469398
0.360889
0.840327
0.161677
0.372808
0.61774
0.193327
0.458746
0.744621
0.802418
0.688129
0.35153
0.534498
0.300912
0.977473
0.442657
0.28378
0.676443
0.471246
0.752203
0.290036
0.759272
0.701551
0.589011
0.290427
0.0874121
0.223852
0.868586
0.202061
0.0340467
0.832192
0.11951
0.75266
0.726242
0.440144
0.366399
0.203925
0.831811
0.557876
0.921203
0.755349
0.808674
0.616722
0.678338
0.986871
0.0145417
0.230603
0.330986
0.247392
0.466373
0.171563
0.946895
0.362284
0.085768
0.967543
0.257648
0.0490499
0.0968632
0.441562
0.613741
0.156371
0.454333
0.553069
0.856417
0.238662
0.361507
0.450713
0.889304
0.280976
0.320119
0.717339
0.572473
0.805537
0.568306
0.858264
0.470133
0.782064
0.994368
0.548072
0.455712
0.861245
0.736434
0.365237
0.939059
0.679618
0.0622793
0.919091
0.184333
0.468807
0.362655
0.480524
0.0232124
0.167949
0.77855
0.521375
0.701931
0.691299
0.787397
0.353541
0.209888
0.667344
0.653655
0.943239
0.606893
0.54341
0.599881
0.291012
0.473821
0.610243
0.759545
0.350529
0.938407
0.142446
0.351639
0.553385
0.949367
0.679232
0.219676
0.65516
0.680342
0.0691445
0.108638
0.503933
0.604162
0.072566
0.622333
0.288745
0.0388703
0.434805
0.165541
0.211317
0.674929
0.658614
0.539928
0.49117
0.0196806
0.881859
0.321427
0.648868
0.809932
0.921493
0.801718
0.378168
0.808854
0.0391798
0.204812
0.681419
0.620491
0.86248
0.456942
0.902152
0.133411
0.204323
0.887474
0.327364
0.1983
0.26928
0.541384
0.073586
0.697239
0.639008
0.666655
0.603415
0.370174
0.532979
0.311752
0.188311
0.859365
0.45193
0.559963
0.688779
0.787401
0.799497
0.934078
0.700758
0.724175
0.194528
0.886306
0.469387
0.907411
0.541309
0.14914
0.8678
0.747398
0.770195
0.240331
0.136429
0.788005
0.887543
0.353378
0.537995
0.401759
0.0978495
0.791818
0.248384
0.461968
0.285416
0.100284
0.585925
0.00547092
0.237438
0.993375
0.747199
0.0890657
0.0690724
0.793389
0.00447957
0.215007
0.27353
0.70361
0.806096
0.659627
0.46942
0.763321
0.589633
0.7425
0.615704
0.285151
0.122657
0.47881
0.503382
0.227246
0.579749
0.260994
0.0522782
0.280905
0.765974
0.36678
0.171989
0.496411
0.637718
0.338613
0.997422
0.883539
0.945504
0.95139
0.0231159
0.46226
0.708773
0.882461
0.127628
0.332789
0.285173
0.228669
0.555532
0.469818
0.264562
0.935517
0.968885
0.215723
0.161926
0.45609
0.254821
0.265933
0.990797
0.55907
0.847807
0.325936
0.235388
0.726508
0.13771
0.589025
0.685356
0.940638
0.790944
0.146228
0.75881
0.407433
0.36217
0.899354
0.457344
0.166899
0.344456
0.050395
0.0935862
0.163681
0.631817
0.743317
0.779221
0.520808
0.0224217
0.599494
0.338167
0.784383
0.895873
0.425906
0.998145
0.830769
0.628842
0.787793
0.98283
0.179322
0.433295
0.415756
0.96392
0.107551
0.811262
0.459526
0.625618
0.787195
0.924702
0.92778
0.990068
0.920339
0.431128
0.777671
0.419223
0.663853
0.19544
0.173632
0.956456
0.985037
0.941378
0.301473
0.926621
0.530584
0.860271
0.272945
0.942577
0.519915
0.481509
0.269316
0.623717
0.955393
0.437747
0.872423
0.70141
0.477282
0.3894
0.39255
0.166658
0.385077
0.244875
0.810566
0.317181
0.561342
0.292744
0.806031
0.184548
0.0209392
0.381052
0.128475
0.0256615
0.422075
0.852404
0.177467
0.113164
0.133952
0.152841
0.523783
0.49844
0.565598
0.443027
0.418374
0.798238
0.387656
0.577855
0.355528
0.455553
0.396887
0.148022
0.159216
0.0207366
0.466383
0.530835
0.54678
0.0421724
0.81156
0.653744
0.592959
0.720712
0.39698
0.214938
0.626702
0.820094
0.570349
0.704469
0.723369
0.639072
0.545896
0.12753
0.0167575
0.574438
0.404646
0.917925
0.116289
0.552618
0.245092
0.176036
0.927509
0.123537
0.802138
0.339844
0.106358
0.356226
0.864178
0.360224
0.932048
0.752838
0.643932
0.907925
0.334304
0.399386
0.696662
0.244157
0.316231
0.707297
0.529295
0.98005
0.36548
0.619841
0.880268
0.532934
0.124714
0.810377
0.44232
0.429015
0.14549
0.221376
0.378651
0.628739
0.69312
0.346974
0.712409
0.215977
0.614315
0.475462
0.340845
0.744869
0.669674
0.557152
0.727813
0.935244
0.263517
0.189286
0.27037
0.148272
0.164361
0.799359
0.226243
0.066848
0.200156
0.917157
0.300199
0.519547
0.982643
0.5211
0.567586
0.223027
0.370641
0.50584
0.456062
0.927033
0.713606
0.670955
0.164473
0.141321
0.341172
0.0144938
0.545097
0.372016
0.946867
0.743245
0.114521
0.324525
0.612471
0.480822
0.18139
0.210694
0.178334
0.989046
0.511232
0.99993
0.229514
0.995126
0.815383
0.169327
0.794338
0.376326
0.504046
0.189186
0.671058
0.77647
0.140249
0.0318907
0.565561
0.694966
0.750893
0.686324
0.497957
0.440825
0.923149
0.328742
0.539569
0.565088
0.348461
0.965841
0.497015
0.881525
0.491766
0.713625
0.379206
0.886456
0.744444
0.867978
0.248696
0.932683
0.0243804
0.783495
0.154659
0.0732551
0.855591
0.542271
0.519115
0.141561
0.0668954
0.208262
0.344507
0.571035
0.833644
0.948032
0.546193
0.892825
0.802755
0.143366
0.409396
0.175209
0.516662
0.0255569
0.782596
0.637882
0.530823
0.13306
0.27362
0.966514
0.517662
0.498152
0.285346
0.320816
0.926927
0.815838
0.831327
0.927397
0.763248
0.711941
0.0117171
0.375795
0.938164
0.511691
0.376841
0.581695
0.077073
0.423549
0.753175
0.555768
0.146231
0.194548
0.945467
0.773492
0.778865
0.548777
0.691018
0.417261
0.708264
0.663035
0.0539216
0.78957
0.290658
0.110114
0.884593
0.581985
0.624804
0.116232
0.236921
0.992785
0.8544
0.910232
0.668481
0.781568
0.912278
0.19785
0.716999
0.213399
0.70995
0.731448
0.444545
0.8658
0.772424
0.194288
0.429037
0.0762645
0.172509
0.584303
0.327137
0.82509
0.742654
0.00751449
0.768815
0.159158
0.584016
0.985889
0.00983547
0.430036
0.449389
0.0718063
0.489054
0.0870044
0.729256
0.332308
0.456731
0.475366
0.476996
0.377707
0.999289
0.649409
0.0599507
0.180743
0.382528
0.505927
0.895993
0.284609
0.578961
0.992703
0.933761
0.541751
0.733442
0.90762
0.931814
0.28052
0.73632
0.391644
0.782706
0.0213451
0.0849894
0.242749
0.280558
0.280337
0.327197
0.698373
0.31542
0.897507
0.610451
0.205447
0.947417
0.575459
0.141345
0.326804
0.35261
0.571589
0.693724
0.45851
0.295485
0.757118
0.984366
0.451361
0.2123
0.658566
0.160923
0.702647
0.577739
0.284328
0.0341974
0.245095
0.656981
0.252519
0.467567
0.813001
0.311517
0.18415
0.559921
0.22054
0.195152
0.311425
0.652781
0.37375
0.82541
0.484591
0.868989
0.608822
0.84598
0.0360513
0.435983
0.89317
0.302862
0.337495
0.499263
0.302968
0.189401
0.638852
0.646515
0.0301302
0.58771
0.658821
0.070722
0.882294
0.708928
0.509681
0.818106
0.0568199
0.26468
0.239502
0.791104
0.193995
0.851871
0.99912
0.56117
0.372301
0.994219
0.638921
0.450151
0.744279
0.247915
0.812488
0.460236
0.738939
0.548532
0.567417
0.888156
0.216695
0.612463
0.218833
0.764854
0.730637
0.676816
0.466657
0.25385
0.206404
0.55959
0.772435
0.569014
0.507137
0.935382
0.43613
0.756712
0.413823
0.777184
0.407335
0.351047
0.888891
0.0503806
0.484535
0.809971
0.444674
0.544043
0.46743
0.124395
0.250088
0.445735
0.188483
0.646484
0.232932
0.138306
0.0517313
0.772312
0.707023
0.617854
0.543934
0.0322464
0.571461
0.959598
0.829736
0.392049
0.811428
0.91092
0.810551
0.32224
0.657467
0.109954
0.827261
0.571814
0.273156
0.0950163
0.224998
0.137905
0.187896
0.15287
0.277902
0.671274
0.10681
0.493791
0.0627882
0.534194
0.549415
0.835702
0.456996
0.65481
0.975025
0.721964
0.646655
0.0435262
0.597168
0.491737
0.182243
0.893797
0.153119
0.459225
0.950913
0.592858
0.252296
0.770255
0.912884
0.402061
0.93172
0.672515
0.930032
0.729874
0.591813
0.110655
0.785781
0.613307
0.352597
0.623317
0.474485
0.625942
0.641242
0.887684
0.0742379
0.648376
0.619058
0.430383
0.207007
0.640009
0.0559479
0.718254
0.690491
0.061688
0.625047
0.782804
0.450362
0.158131
0.924032
0.951706
0.38619
0.870497
0.738893
0.961096
0.834569
0.401085
0.505241
0.646381
0.773966
0.913802
0.703107
0.623572
0.968111
0.0788272
0.195237
0.752588
0.530569
0.902201
0.484564
0.976665
0.226438
0.71573
0.613369
0.514317
0.670431
0.920022
0.165621
0.232947
0.784227
0.271111
0.719641
0.581922
0.893657
0.613056
0.834044
0.764717
0.289892
0.76804
0.201089
0.867115
0.60229
0.433152
0.344524
0.0534154
0.318623
0.303319
0.771817
0.968879
0.100574
0.954028
0.878131
0.561652
0.146189
0.723181
0.0957641
0.524319
0.0182823
0.122331
0.0984216
0.144579
0.322323
0.801388
0.97418
0.367365
0.911015
0.640716
0.0861097
0.52334
0.127995
0.0480544
0.22207
0.214774
0.571454
0.431926
0.219113
0.485475
0.282418
0.480053
0.684167
0.198032
0.15929
0.875038
0.647487
0.577478
0.574686
0.37814
0.763942
0.0553841
0.382328
0.577236
0.692829
0.568426
0.411351
0.288347
0.719265
0.789222
0.878689
0.668648
0.314854
0.368147
0.451826
0.914985
0.687274
0.789944
0.666233
0.0570165
0.0645613
0.206083
0.517923
0.0885833
0.588372
0.651779
0.360465
0.66668
0.42764
0.845109
0.0152988
0.750098
0.819978
0.111761
0.960112
0.419199
0.536439
0.466991
0.280019
0.744839
0.0462778
0.5174
0.164619
0.821053
0.766443
0.153464
0.849808
0.291807
0.72302
0.503762
0.742196
0.198713
0.810913
0.848227
0.155882
0.695215
0.623609
0.000449471
0.495447
0.414267
0.0547981
0.568523
0.866879
0.955127
0.524124
0.781223
0.0379487
0.137785
0.0286858
0.812999
0.325113
0.909973
0.924657
0.942026
0.453397
0.192933
0.138247
0.480576
0.0649145
0.866541
0.163027
0.401156
0.707351
0.406581
0.755883
0.858923
0.83855
0.676259
0.520654
0.952253
0.744259
0.722404
0.125648
0.588035
0.216685
0.0344836
0.998811
0.377636
0.959807
0.423521
0.164761
0.261621
0.312828
0.194588
0.116775
0.946062
0.440107
0.996964
0.414735
0.512688
0.151867
0.453804
0.962782
0.024773
0.00114717
0.531622
0.787634
0.243199
0.916706
0.578541
0.840662
0.00437765
0.650592
0.259607
0.729389
0.339188
0.148938
0.360769
0.0127565
0.00891331
0.388561
0.886975
0.942693
0.330928
0.383982
0.487581
0.615517
0.113459
0.3075
0.795173
0.473413
0.255062
0.555377
0.96326
0.162686
0.569453
0.700458
0.691453
0.869248
0.0317369
0.0604566
0.525757
0.364004
0.534638
0.701271
0.338294
0.976579
0.649651
0.945818
0.639715
0.0579296
0.42541
0.472805
0.955868
0.571389
0.0367391
0.80349
0.336983
0.310592
0.520952
0.58165
0.640989
0.55266
0.0238008
0.437175
0.22086
0.693098
0.646749
0.41931
0.888771
0.574747
0.249445
0.438724
0.400735
0.494227
0.408062
0.861293
0.908812
0.676143
0.383473
0.871697
0.177918
0.105504
0.145379
0.328271
0.816158
0.660464
0.23711
0.704807
0.766226
0.537443
0.156947
0.2372
0.192994
0.778977
0.970266
0.358626
0.873739
0.158093
0.815072
0.288516
0.0517894
0.188379
0.675573
0.673908
0.582116
0.132601
0.690779
0.0189374
0.111766
0.950502
0.255558
0.953364
0.507472
0.438359
0.246524
0.867515
0.389344
0.0907697
0.331384
0.77629
0.82783
0.0559754
0.30575
0.821499
0.520255
0.735943
0.414481
0.23343
0.145078
0.278427
0.281362
0.418354
0.0317143
0.426891
0.053454
0.93759
0.943608
0.571516
0.77053
0.290899
0.0933175
0.871449
0.349795
0.662081
0.359255
0.164996
0.612867
0.0812427
0.947845
0.625406
0.279574
0.499538
0.699297
0.793449
0.510443
0.0864656
0.671521
0.304582
0.95132
0.541259
0.140526
0.913547
0.0572413
0.312958
0.228291
0.866425
0.871223
0.862174
0.23489
0.359076
0.501451
0.547793
0.480078
0.836118
0.198143
0.136329
0.0334774
0.783827
0.793878
0.653307
0.692019
0.0421473
0.934631
0.598755
0.139418
0.767087
0.615913
0.57739
0.506986
0.831364
0.342233
0.878506
0.310105
0.682818
0.0049656
0.337037
0.457386
0.289489
0.769017
0.135037
0.852039
0.788374
0.681968
0.388632
0.867205
0.18136
0.212537
0.962406
0.433778
0.595559
0.754548
0.6923
0.443926
0.61575
0.1672
0.648775
0.247844
0.515668
0.566327
0.721644
0.331236
0.990591
0.318555
0.171488
0.791951
0.0519546
0.791902
0.861637
0.106426
0.173869
0.0148349
0.285643
0.00736798
0.762011
0.879926
0.795412
0.265651
0.623386
0.0526774
0.737147
0.337561
0.681843
0.32199
0.213731
0.662651
0.00116884
0.751713
0.737164
0.554559
0.99608
0.381783
0.851589
0.95635
0.184168
0.277026
0.181519
0.935658
0.679308
0.343854
0.480764
0.494341
0.378104
0.433355
0.897662
0.31642
0.709805
0.79831
0.970116
0.531878
0.401047
0.840666
0.166252
0.474256
0.167952
0.213587
0.445252
0.489453
0.972811
0.646337
0.96243
0.772164
0.904926
0.0247173
0.931668
0.240407
0.161266
0.961316
0.463769
0.0814226
0.86225
0.0263317
0.889995
0.805963
0.386484
0.656803
0.341955
0.217577
0.848463
0.0861269
0.902733
0.666654
0.176436
0.611484
0.99411
0.333447
0.448129
0.503301
0.0549594
0.552142
0.447257
0.184999
0.115418
0.135511
0.94936
0.547912
0.0900271
0.826523
0.476045
0.908893
0.194986
0.435128
0.688347
0.882798
0.465711
0.0817375
0.680664
0.0911094
0.0561931
0.987759
0.233815
0.812286
0.141707
0.788046
0.537245
0.235604
0.409171
0.163431
0.441078
0.42683
0.314108
0.94188
0.246179
0.998126
0.0562274
0.863606
0.586156
0.586768
0.393785
0.485465
0.496819
0.80123
0.428971
0.606026
0.632626
0.525693
0.404057
0.689584
0.425232
0.238702
0.774438
0.199937
0.33339
0.346075
0.43928
0.840495
0.798128
0.665766
0.253354
0.349255
0.45521
0.706724
0.499062
0.348409
0.806471
0.173125
0.214908
0.84538
0.433225
0.940036
0.782387
0.828082
0.275293
0.388151
0.933597
0.445935
0.263173
0.737101
0.555511
0.507722
0.346667
0.00450754
0.282702
0.845259
0.314815
0.94132
0.668266
0.0102559
0.73661
0.380752
0.998992
0.202681
0.149762
0.801108
0.96538
0.921387
0.769141
0.433092
0.0528868
0.960031
0.155814
0.140436
0.715068
0.945602
0.744923
0.561135
0.145361
0.63409
0.627567
0.848272
0.902795
0.121395
0.0796474
0.541554
0.843448
0.0549239
0.797654
0.0118728
0.295383
0.219784
0.980086
0.0926572
0.721647
0.805763
0.344434
0.961038
0.78753
0.463234
0.412391
0.0109544
0.381937
0.0448865
0.84253
0.0605655
0.173059
0.988786
0.342016
0.533906
0.940765
0.0383407
0.174073
0.169871
0.777156
0.0339922
0.49037
0.746964
0.766697
0.306454
0.197019
0.501363
0.0294272
0.428843
0.582273
0.0706036
0.68211
0.872217
0.0488248
0.0704456
0.370328
0.182226
0.0631526
0.326634
0.860567
0.595197
0.420406
0.502019
0.350203
0.128875
0.535247
0.397499
0.597427
0.343169
0.191431
0.00506
0.133101
0.53671
0.157018
0.4276
0.92158
0.826954
0.986116
0.856151
0.20112
0.326064
0.842998
0.0673591
0.797087
0.711238
0.356854
0.409761
0.0660347
0.836856
0.296995
0.896896
0.306498
0.406555
0.856754
0.47668
0.503894
0.681806
0.278806
0.820628
0.997898
0.75178
0.932643
0.712047
0.643918
0.925972
0.760682
0.158006
0.847029
0.981353
0.486846
0.932633
0.532654
0.699837
0.684406
0.961943
0.714543
0.742016
0.282242
0.87018
0.122703
0.391394
0.772514
0.834195
0.508379
0.998263
0.664267
0.0953986
0.694871
0.607524
0.371712
0.0192561
0.931363
0.220574
0.0903301
0.546627
0.433097
0.529256
0.895519
0.070089
0.0771335
0.197152
0.640477
0.320327
0.103026
0.560464
0.428826
0.710051
0.657516
0.949813
0.555008
0.0947276
0.429279
0.309999
0.729679
0.197258
0.157105
0.227186
0.209904
0.397195
0.0033147
0.644116
0.554864
0.919325
0.534051
0.15554
0.183942
0.994945
0.79177
0.408768
0.224675
0.390052
0.430876
0.0731974
0.807724
0.0853858
0.895469
0.879447
0.109379
0.0725923
0.437663
0.889032
0.579116
0.972058
0.571903
0.315565
0.80649
0.47767
0.626379
0.211652
0.0420164
0.091584
0.603466
0.635395
0.41015
0.695006
0.215297
0.07684
0.235644
0.159144
0.717123
0.998846
0.393584
0.0201379
0.629452
0.17706
0.588838
0.530245
0.343399
0.715416
0.350587
0.543172
0.4687
0.0130462
0.131132
0.696978
0.399591
0.220834
0.11192
0.431683
0.298965
0.639238
0.0825982
0.0822754
0.802512
0.740358
0.386083
0.986047
0.604998
0.361807
0.761032
0.719208
0.51811
0.109116
0.108498
0.202774
0.704924
0.687999
0.847698
0.617552
0.788292
0.627333
0.115714
0.230461
0.313997
0.313137
0.920542
0.0582384
0.699426
0.501295
0.515154
0.450854
0.834288
0.473041
0.728822
0.402763
0.116031
0.390245
0.51908
0.704666
0.0438291
0.22801
0.829731
0.473029
0.37639
0.425628
0.561484
0.473875
0.196835
0.842608
0.571392
0.374767
0.0957388
0.378095
0.0760513
0.192702
0.946943
0.807712
0.124464
0.966166
0.603003
0.676603
0.242707
0.934836
0.533139
0.00877277
0.970461
0.880165
0.647333
0.0892314
0.64193
0.0731855
0.2997
0.625288
0.028786
0.158628
0.728568
0.532267
0.196687
0.918283
0.21527
0.352886
0.158238
0.370072
0.737094
0.0299979
0.560874
0.218211
0.918168
0.518064
0.156804
0.830328
0.75146
0.343676
0.621387
0.611352
0.608994
0.596034
0.0293323
0.387252
0.943868
0.659753
0.931332
0.885922
0.70838
0.442486
0.813631
0.855257
0.18599
0.35321
0.56611
0.184812
0.465595
0.183272
0.59142
0.780997
0.655471
0.0600481
0.687455
0.661856
0.0532804
0.763323
0.03465
0.89774
0.707234
0.0894623
0.333825
0.138356
0.239229
0.971077
0.971044
0.806948
0.923074
0.682245
0.644005
0.496749
0.991874
0.724071
0.379904
0.0795614
0.732587
0.513735
0.522348
0.814356
0.834622
0.946853
0.486553
0.180239
0.178588
0.597695
0.974727
0.927531
0.553925
0.288956
0.225538
0.766697
0.218206
0.444952
0.351203
0.420986
0.806642
0.0306095
0.23313
0.907989
0.841046
0.831535
0.155533
0.305559
0.737204
0.601229
0.591342
0.911805
0.504448
0.792388
0.804698
0.651018
0.599039
0.297981
0.965756
0.922381
0.650286
0.175838
0.178847
0.325293
0.633545
0.283457
0.303394
0.891336
0.978849
0.852017
0.496059
0.875472
0.709614
0.953322
0.258996
0.92379
0.755561
0.659032
0.22447
0.819643
0.433237
0.389778
0.476899
0.269593
0.588827
0.969707
0.880687
0.963449
0.515006
0.509898
0.5556
0.849666
0.839403
0.128429
0.252799
0.335877
0.730847
0.681165
0.327121
0.360414
0.329934
0.466342
0.871074
0.953634
0.564217
0.944674
0.832639
0.270941
0.337445
0.167479
0.965462
0.411262
0.865938
0.920656
0.787235
0.344991
0.0693061
0.76343
0.594975
0.564306
0.684148
0.626014
0.741342
0.725724
0.336403
0.256915
0.232903
0.932412
0.446317
0.758603
0.411393
0.708262
0.667195
0.915289
0.737783
0.318674
0.888135
0.290092
0.918816
0.987075
0.46406
0.851569
0.334423
0.0832733
0.996672
0.271244
0.613377
0.922482
0.260624
0.350774
0.76904
0.521181
0.354328
0.356619
0.770754
0.105483
0.0798087
0.958274
0.908362
0.370571
0.0976147
0.367703
0.690379
0.916111
0.561682
0.590664
0.34953
0.318997
0.0155592
0.415611
0.929595
0.333855
0.302525
0.136979
0.617686
0.54567
0.924069
0.211503
0.832026
0.383957
0.771434
0.216452
0.883621
0.447076
0.89423
0.359277
0.694384
0.588625
0.818449
0.164815
0.166592
0.564337
0.572632
0.874531
0.597955
0.501655
0.303788
0.362783
0.827112
0.522379
0.56258
0.74623
0.658237
0.990633
0.688053
0.595036
0.757171
0.573175
0.798103
0.923295
0.771242
0.26944
0.947565
0.8634
0.589239
0.151432
0.746163
0.586084
0.756156
0.0630896
0.413452
0.889942
0.876135
0.939887
0.335536
0.0935225
0.496274
0.0941742
0.869714
0.107045
0.639835
0.336618
0.31574
0.853572
0.569053
0.480655
0.636299
0.255081
0.104218
0.360382
0.518408
0.153021
0.124772
0.863164
0.267171
0.329806
0.282147
0.711031
0.0245981
0.00541029
0.0821239
0.291409
0.859829
0.0891288
0.910053
0.144411
0.674713
0.212796
0.324068
0.504283
0.00391453
0.0453662
0.88287
0.0696658
0.594611
0.340664
0.914058
0.663918
0.273431
0.393603
0.156928
0.748747
0.0361151
0.979775
0.505566
0.665266
0.540435
0.439141
0.398592
0.227509
0.324656
0.643791
0.725306
0.0261735
0.352956
0.371379
0.118277
0.172675
0.439489
0.214545
0.360686
0.686529
0.77107
0.339646
0.0181033
0.160102
0.28887
0.419265
0.309263
0.456062
0.333922
0.143347
0.275926
0.520981
0.804171
0.988551
0.679145
0.19718
0.138134
0.572208
0.103472
0.829816
0.818573
0.77671
0.766237
0.754453
0.252797
0.811886
0.426306
0.869249
0.144617
0.951382
0.152904
0.0399224
0.387151
0.288972
0.339897
0.658698
0.371834
0.749723
0.738539
0.332498
0.767816
0.26867
0.193698
0.0395837
0.393156
0.74211
0.729057
0.48557
0.130821
0.687227
0.264794
0.365461
0.967191
0.00338055
0.421399
0.765074
0.332373
0.00958295
0.883527
0.897452
0.0806705
0.7478
0.018246
0.0808179
0.277197
0.677283
0.319981
0.0414661
0.668441
0.57306
0.178327
0.528483
0.949565
0.951376
0.0950973
0.771208
0.426628
0.386588
0.919191
0.53066
0.218558
0.285718
0.279925
0.099698
0.376637
0.730591
0.413246
0.24048
0.555466
0.0620974
0.106546
0.375473
0.951501
0.0879433
0.905078
0.502355
0.254579
0.298073
0.605465
0.143898
0.119878
0.116263
0.0334376
0.0597494
0.77444
0.725307
0.898553
0.193228
0.309924
0.2307
0.0127928
0.108607
0.647373
0.36009
0.858311
0.480966
0.156418
0.323297
0.592604
0.898831
0.751012
0.720143
0.133703
0.775798
0.59543
0.990239
0.0156191
0.833206
0.141394
0.945719
0.342815
0.604643
0.06737
0.79522
0.27665
0.0335309
0.818845
0.774633
0.131347
0.122184
0.339632
0.389475
0.267062
0.0358399
0.381941
0.560004
0.291974
0.0216069
0.278073
0.625078
0.238293
0.184599
0.776331
0.842106
0.656134
0.222512
0.581161
0.958261
0.323734
0.130396
0.740226
0.928534
0.367327
0.121419
0.158734
0.86748
0.486686
0.200433
0.253041
0.703167
0.76693
0.485457
0.923891
0.62176
0.224506
0.821178
0.169687
0.920882
0.775752
0.920104
0.225202
0.437262
0.654526
0.998345
0.0512894
0.287146
0.159763
0.920488
0.111054
0.0725263
0.644664
0.465245
0.401403
0.810307
0.0610461
0.0666532
0.950097
0.577236
0.992232
0.18854
0.951188
0.645563
0.41888
0.117671
0.272985
0.0550207
0.0225498
0.609999
0.935264
0.719585
0.0477201
0.861725
0.0502982
0.813005
0.307914
0.876882
0.521774
0.478502
0.451812
0.339567
0.394703
0.389637
0.592217
0.0933108
0.392722
0.895625
0.500574
0.9132
0.160404
0.293251
0.836463
0.78641
0.922552
0.211843
0.356173
0.692219
0.931174
0.432678
0.609871
0.687775
0.794831
0.866557
0.445045
0.719384
0.775439
0.468585
0.621151
0.687314
0.165937
0.270037
0.504177
0.206002
0.452478
0.804244
0.672767
0.26457
0.0174995
0.624463
0.672993
0.400913
0.885969
0.482349
0.480583
0.909052
0.314103
0.278389
0.86118
0.84682
0.822455
0.58787
0.984236
0.250591
0.749632
0.308428
0.0211564
0.274318
0.991446
0.3788
0.992056
0.261793
0.650292
0.716976
0.717239
0.73641
0.110259
0.135278
0.585613
0.514414
0.635142
0.913692
0.358296
0.428092
0.796487
0.296616
0.596938
0.833876
0.087297
0.587394
0.791688
0.053574
0.303653
0.0549244
0.268261
0.303171
0.478618
0.730942
0.39919
0.520006
0.124675
0.660107
0.424704
0.8576
0.958616
0.244479
0.757089
0.970792
0.687439
0.59819
0.473192
0.125152
0.47339
0.684732
0.418846
0.350824
0.20421
0.195351
0.207925
0.118765
0.628838
0.963045
0.973974
0.884443
0.740883
0.758979
0.840847
0.266569
0.323215
0.963946
0.330679
0.844065
0.845047
0.444166
0.930853
0.160099
0.00967627
0.837046
0.343481
0.125895
0.559154
0.212914
0.653609
0.415448
0.417236
0.7114
0.919198
0.642048
0.330279
0.719289
0.216497
0.318009
0.164548
0.192405
0.856039
0.173873
0.213928
0.753077
0.850331
0.322477
0.440511
0.796518
0.933393
0.439463
0.159477
0.799457
0.230063
0.0299741
0.739601
0.327294
0.0920597
0.232209
0.0577834
0.799438
0.448006
0.0666193
0.975287
0.30504
0.208434
0.615618
0.793738
0.672193
0.215203
0.678031
0.10419
0.694236
0.810847
0.965733
0.829151
0.881134
0.5704
0.919282
0.0973965
0.092042
0.702156
0.127718
0.633614
0.978155
0.317063
0.570312
0.302874
0.33677
0.630532
0.865025
0.222159
0.38053
0.216296
0.442297
0.494094
0.763654
0.153441
0.888296
0.961991
0.94715
0.394934
0.780706
0.838844
0.762455
0.389213
0.344949
0.977285
0.80362
0.0704267
0.664975
0.794551
0.745034
0.500574
0.760045
0.565271
0.773933
0.62555
0.804296
0.545531
0.249203
0.89514
0.855086
0.588809
0.052611
0.496343
0.75509
0.897438
0.0847691
0.507539
0.0169318
0.198534
0.37425
0.726524
0.639862
0.980869
0.388462
0.123095
0.871007
0.792206
0.85344
0.827381
0.98382
0.324344
0.246487
0.18936
0.0214329
0.266123
0.265965
0.916263
0.484054
0.99857
0.0276605
0.888692
0.470896
0.155326
0.650809
0.350996
0.101132
0.356041
0.662958
0.148763
0.730182
0.496482
0.469733
0.571395
0.641322
0.266498
0.495365
0.861287
0.693087
0.516717
0.759235
0.0983896
0.465875
0.742861
0.89866
0.100937
0.302849
0.125424
0.499693
0.761619
0.666561
0.621359
0.189567
0.423681
0.954695
0.135069
0.559614
0.0476608
0.195541
0.508594
0.423977
0.929113
0.607348
0.380618
0.0587578
0.543213
0.526365
0.896549
0.734999
0.597201
0.855566
0.101316
0.556205
0.302654
0.936905
0.419652
0.0254134
0.235693
0.749086
0.894988
0.730754
0.287532
0.793274
0.227866
0.546665
0.329567
0.672123
0.69957
0.574189
0.699102
0.902266
0.489809
0.264498
0.68877
0.838357
0.973804
0.874007
0.388571
0.0686194
0.588664
0.665984
0.268791
0.633262
0.775442
0.645908
0.646495
0.28974
0.788477
0.290716
0.960376
0.421028
0.446926
0.355269
0.276265
0.952497
0.315328
0.258079
0.0481221
0.295077
0.113862
0.745018
0.263668
0.841297
0.759795
0.255298
0.69215
0.0957138
0.716556
0.643689
0.884713
0.366971
0.164646
0.17939
0.439744
0.33641
0.324025
0.0973932
0.514625
0.0449067
0.514663
0.0379527
0.380877
0.584118
0.935782
0.0169456
0.312749
0.658955
0.331175
0.339908
0.78573
0.227955
0.0628315
0.936603
0.0586151
0.0597011
0.522001
0.975905
0.0474235
0.452609
0.792205
0.834583
0.181933
0.411886
0.900569
0.393891
0.587818
0.32621
0.275495
0.359302
0.631085
0.444016
0.662286
0.480722
0.385558
0.374679
0.956662
0.1625
0.478012
0.96619
0.927541
0.0133557
0.0198864
0.437102
0.0525997
0.856488
0.822537
0.480141
0.652414
0.255706
0.676015
0.266178
0.859438
0.436781
0.899109
0.916493
0.894844
0.518238
0.625455
0.109149
0.0142468
0.493399
0.405148
0.996984
0.999951
0.296831
0.508684
0.844875
0.577025
0.513972
0.0263226
0.0130573
0.673772
0.854093
0.857152
0.756939
0.231277
0.523736
0.516208
0.624489
0.504746
0.314459
0.0309144
0.0462571
0.49717
0.0537166
0.868717
0.334381
0.423394
0.0028835
0.409779
0.693917
0.427605
0.222336
0.87562
0.852766
0.321289
0.381928
0.236242
0.935634
0.165312
0.627625
0.140121
0.156493
0.862285
0.197499
0.960784
0.364234
0.0045435
0.85568
0.847817
0.540711
0.475776
0.0849797
0.379646
0.523527
0.970849
0.438663
0.81195
0.896088
0.830035
0.490043
0.767424
0.0132915
0.348452
0.214232
0.62958
0.331199
0.199973
0.862774
0.71769
0.330408
0.946012
0.590043
0.432365
0.204902
0.188985
0.01079
0.846934
0.280461
0.401843
0.716854
0.850839
0.445357
0.713298
0.888345
0.631346
0.986713
0.173873
0.628089
0.684624
0.167537
0.149076
0.142439
0.0926432
0.917324
0.853295
0.357132
0.0920658
0.332211
0.0674618
0.0880461
0.723049
0.410706
0.520115
0.270223
0.72381
0.868843
0.17667
0.395829
0.402426
0.522589
0.174849
0.415716
0.00458384
0.915443
0.43166
0.736377
0.100297
0.0839512
0.782539
0.923235
0.229321
0.45249
0.2072
0.10689
0.0859489
0.992913
0.440818
0.254058
0.729427
0.386143
0.588072
0.777557
0.711359
0.947091
0.760054
0.174691
0.500682
0.297801
0.862521
0.663262
0.68682
0.116147
0.609999
0.362463
0.405251
0.191908
0.830536
0.945308
0.902459
0.600598
0.424076
0.00834416
0.0492454
0.519976
0.482353
0.0127745
0.460381
0.0261954
0.768943
0.431949
0.96156
0.5671
0.873146
0.573015
0.476468
0.593152
0.937569
0.0126359
0.28111
0.0756847
0.669274
0.628025
0.0933586
0.668921
0.108384
0.633218
0.171777
0.308392
0.339965
0.848667
0.220945
0.815068
0.570435
0.587732
0.665322
0.167571
0.456342
0.359864
0.117499
0.265622
0.746845
0.609121
0.334648
0.350316
0.475201
0.364521
0.729201
0.491167
0.0580895
0.983418
0.0725811
0.394367
0.740955
0.694836
0.0118193
0.544496
0.399253
0.309118
0.485621
0.998532
0.955557
0.815996
0.966822
0.339434
0.883004
0.373193
0.184731
0.253457
0.580721
0.469048
0.731017
0.823817
0.792408
0.354919
0.145578
0.153958
0.361374
0.493924
0.495281
0.428728
0.0868274
0.767167
0.506396
0.929289
0.552822
0.224137
0.687138
0.281673
0.863479
0.277893
0.642104
0.519869
0.715769
0.489238
0.225935
0.411879
0.278591
0.338364
0.692083
0.725038
0.590543
0.0655173
0.238038
0.140017
0.80363
0.804318
0.671382
0.418173
0.360122
0.113624
0.0890687
0.188897
0.918448
0.775126
0.848871
0.99647
0.748524
0.0517828
0.0204809
0.809372
0.685457
0.923519
0.841383
0.579571
0.768231
0.858208
0.39453
0.119831
0.444269
0.21958
0.119899
0.0675751
0.498709
0.379638
0.16567
0.802229
0.0010839
0.511401
0.282756
0.305751
0.651393
0.456928
0.623385
0.38824
0.278268
0.146684
0.516888
0.518836
0.550415
0.468482
0.641205
0.383073
0.205573
0.0380654
0.898961
0.0508825
0.292024
0.0624268
0.0945938
0.958296
0.530108
0.855348
0.617308
0.765579
0.0913379
0.407299
0.975951
0.028998
0.127988
0.0316867
0.224803
0.136506
0.760819
0.047129
0.210232
0.974909
0.268854
0.386002
0.0605667
0.205894
0.843837
0.617211
0.733261
0.140525
0.985902
0.671762
0.892158
0.24449
0.616283
0.424905
0.386161
0.898947
0.844467
0.54526
0.799057
0.0958562
0.343482
0.540424
0.444567
0.0984297
0.612273
0.644336
0.580348
0.434364
0.678007
0.190804
0.906326
0.986816
0.943711
0.320367
0.0781269
0.0130436
0.715319
0.900041
0.630619
0.27089
0.190626
0.982724
0.410284
0.621164
0.925492
0.63196
0.153631
0.231759
0.938646
0.492485
0.48541
0.53412
0.898091
0.483085
0.0730136
0.765016
0.48302
0.168724
0.293757
0.274592
0.292278
0.94123
0.40875
0.417462
0.465873
0.312841
0.861368
0.556111
0.552978
0.0802161
0.352901
0.333842
0.840902
0.303606
0.333457
0.798788
0.600512
0.0984441
0.745439
0.346155
0.270308
0.238538
0.846436
0.56564
0.233368
0.272775
0.891059
0.512592
0.806782
0.903798
0.700024
0.491797
0.411254
0.493014
0.566872
0.823443
0.513283
0.204793
0.488027
0.0356786
0.0308553
0.590142
0.207515
0.607658
0.101526
0.238225
0.836925
0.91427
0.114608
0.175419
0.927535
0.889929
0.983723
0.693609
0.731139
0.934187
0.717618
0.476403
0.589337
0.713839
0.111349
0.814829
0.482325
0.683555
0.893501
0.691741
0.00964911
0.302576
0.547458
0.61827
0.535021
0.0213703
0.53632
0.0185783
0.822375
0.751255
0.470875
0.770276
0.579093
0.319391
0.364294
0.167265
0.365896
0.86132
0.044629
0.962032
0.0175645
0.487865
0.381975
0.686559
0.557352
0.888458
0.569427
0.707137
0.50649
0.64764
0.194368
0.475328
0.0991506
0.951062
0.36749
0.856839
0.979096
0.307171
0.83777
0.0461422
0.86849
0.335619
0.301299
0.895339
0.5194
0.260539
0.940899
0.807739
0.101008
0.985904
0.115857
0.523868
0.103246
0.0861407
0.557546
0.918308
0.0611853
0.879513
0.491496
0.341413
0.823202
0.946716
0.649524
0.977812
0.505763
0.904559
0.544573
0.819289
0.87198
0.821188
0.78066
0.883218
0.0315705
0.98213
0.878289
0.647776
0.706508
0.948745
0.432094
0.911198
0.98316
0.440978
0.249757
0.629496
0.598409
0.0100672
0.536427
0.519345
0.922047
0.175647
0.596963
0.00601818
0.808984
0.586056
0.283113
0.230886
0.0967781
0.531815
0.137636
0.767289
0.0463733
0.0123656
0.824811
0.83469
0.174482
0.788219
0.307329
0.931521
0.880769
0.204903
0.539349
0.730186
0.800589
0.849964
0.470806
0.864384
0.634246
0.220794
0.140138
0.144912
0.774092
0.50109
0.330876
0.830671
0.730269
0.0350143
0.797337
0.757104
