0.761971
0.112879
0.69219
0.059817
0.725013
0.251168
0.0319635
0.61783
0.518971
0.0120592
0.847865
0.37218
0.266227
0.795588
0.491393
0.772539
0.472765
0.0478548
0.542985
0.0658595
0.35795
0.173409
0.1356
0.471029
0.66709
0.236449
0.194277
0.689028
0.58325
0.777128
0.385724
0.00469754
0.107868
0.0926634
0.761212
0.79334
0.486067
0.343574
0.741232
0.114611
0.364264
0.835756
0.96555
0.413936
0.532989
0.0318443
0.00539116
0.708258
0.175028
0.66007
0.737803
0.226913
0.317412
0.288458
0.408319
0.089185
0.360306
0.822568
0.142964
0.143314
0.792605
0.81811
0.8591
0.66702
0.820625
0.77544
0.246898
0.480343
0.540751
0.328961
0.347805
0.607731
0.912829
0.145733
0.635094
0.876187
0.539245
0.756516
0.480327
0.550424
0.325501
0.0490375
0.775413
0.716296
0.789693
0.846487
0.971576
0.263525
0.0178944
0.0970887
0.383422
0.018908
0.749761
0.385544
0.500516
0.904099
0.448187
0.320507
0.0709879
0.922276
0.78432
0.211911
0.704135
0.213768
0.695582
0.0141387
0.831643
0.817218
0.834987
0.754244
0.79894
0.391546
0.884262
0.853646
0.583541
0.306428
0.564076
0.711228
0.401053
0.18739
0.545536
0.924477
0.562901
0.965729
0.232649
0.320629
0.0393689
0.0737068
0.153203
0.650359
0.330097
0.0697271
0.93862
0.310748
0.879354
0.31739
0.786348
0.0666188
0.394703
0.75955
0.37388
0.433091
0.161536
0.972902
0.400948
0.255237
0.841259
0.993457
0.418412
0.47146
0.890589
0.828957
0.553962
0.734683
0.801565
0.324936
0.890621
0.883337
0.506505
0.198777
0.608622
0.392193
0.788901
0.473666
0.455481
0.0653206
0.312195
0.018749
0.418489
0.654452
0.205698
0.162702
0.695399
0.981799
0.647956
0.639594
0.839677
0.75589
0.33525
0.79078
0.392068
0.923937
0.85045
0.401962
0.406381
0.145702
0.0533593
0.525656
0.0877988
0.835887
0.152111
0.361898
0.270452
0.325049
0.592142
0.338715
0.200208
0.498462
0.334367
0.859843
0.618455
0.973075
0.374976
0.81538
0.131634
0.154831
0.757665
0.614077
0.787857
0.807946
0.18292
0.169977
0.242588
0.434033
0.878347
0.756207
0.385553
0.721251
0.341078
0.119113
0.289853
0.301546
0.825402
0.498871
0.537886
0.515805
0.179813
0.673845
0.546495
0.165535
0.060637
0.140628
0.967574
0.552734
0.599246
0.500188
0.331612
0.972507
0.673568
0.110495
0.715574
0.895926
0.98574
0.832916
0.766188
0.150407
0.0535688
0.536542
0.757215
0.116868
0.348848
0.741147
0.566516
0.217794
0.575999
0.365146
0.877565
0.124397
0.079543
0.949934
0.596038
0.411349
0.99413
0.846877
0.660327
0.829292
0.278189
0.122037
0.314246
0.358982
0.17787
0.94444
0.45799
0.958564
0.903818
0.925595
0.664315
0.873172
0.715418
0.399612
0.141041
0.505955
0.352155
0.574943
0.731067
0.453227
0.979609
0.775956
0.20494
0.316839
0.20954
0.863324
0.785461
0.21824
0.291647
0.877328
0.353554
0.935064
0.807219
0.858039
0.528295
0.318409
0.836978
0.00796897
0.758916
0.356219
0.591654
0.489211
0.0968188
0.0478932
0.481061
0.949794
0.792125
0.60209
0.863457
0.991922
0.125063
0.327618
0.777036
0.580793
0.557404
0.756534
0.29608
0.290441
0.880493
0.948819
0.514258
0.148501
0.01367
0.137394
0.359663
0.131302
0.90534
0.976247
0.206299
0.0802103
0.973165
0.201788
0.350602
0.607118
0.5483
0.133908
0.626516
0.0913845
0.638774
0.498242
0.382825
0.538527
0.296271
0.145536
0.654987
0.0184157
0.618465
0.134003
0.974856
0.100094
0.851909
0.65983
0.141069
0.851776
0.746499
0.315356
0.119318
0.307673
0.391763
0.170452
0.755595
0.13847
0.956111
0.601892
0.903988
0.0627691
0.0623037
0.373059
0.378679
0.66242
0.595665
0.584837
0.374256
0.542396
0.462852
0.844885
0.321532
0.547448
0.947279
0.930675
0.647426
0.0524305
0.136542
0.984029
0.342632
0.388144
0.69001
0.477119
0.528259
0.0540702
0.769572
0.193112
0.581875
0.233823
0.514018
0.0798002
0.89715
0.637204
0.795972
0.111224
0.105098
0.42568
0.671366
0.468564
0.67304
0.346519
0.789488
0.231923
0.332105
0.137645
0.720775
0.76272
0.518407
0.645187
0.914579
0.703327
0.263481
0.0933901
0.56941
0.559012
0.608899
0.162824
0.994877
0.348498
0.440716
0.686026
0.676335
0.281209
0.148355
0.038147
0.870299
0.352703
0.924439
0.553822
0.746472
0.514748
0.139711
0.111722
0.878826
0.75886
0.261715
0.249914
0.861094
0.00843243
0.295979
0.573702
0.949291
0.568786
0.540563
0.461598
0.292135
0.543892
0.130394
0.971981
0.0767935
0.921746
0.675492
0.376853
0.294085
0.979701
0.439336
0.15589
0.93501
0.143991
0.914266
0.934079
0.871097
0.300966
0.990886
0.292134
0.259829
0.510409
0.37631
0.867341
0.0719792
0.7487
0.0481202
0.237735
0.964755
0.914129
0.624143
0.980849
0.969339
0.0923331
0.0270542
0.0484314
0.672894
0.827052
0.325097
0.467689
0.0974841
0.154782
0.716281
0.565422
0.754521
0.884659
0.551344
0.94073
0.458117
0.875831
0.346138
0.244721
0.0822758
0.764391
0.354532
0.251614
0.826822
0.305774
0.277876
0.757882
0.938046
0.715781
0.163022
0.651463
0.342627
0.293023
0.677899
0.42502
0.881028
0.448675
0.742722
0.0099762
0.917769
0.0296853
0.779666
0.174881
0.689395
0.18528
0.238809
0.181978
0.535264
0.349587
0.168819
0.609256
0.550977
0.239373
0.841302
0.177073
0.414116
0.304152
0.630333
0.502092
0.611412
0.962761
0.390974
0.127276
0.81939
0.361025
0.251534
0.794261
0.317632
0.178255
0.237345
0.931278
0.636735
0.445302
0.749508
0.270862
0.493711
0.657222
0.832229
0.812943
0.479501
0.735381
0.657725
0.83613
0.572041
0.0585659
0.793325
0.21787
0.937982
0.0363181
0.88486
0.20305
0.994248
0.35794
0.999796
0.160632
0.681792
0.733165
0.586341
0.220209
0.282783
0.465294
0.640534
0.323109
0.0294506
0.442071
0.691799
0.319881
0.109538
0.477371
0.201145
0.685443
0.955897
0.847358
0.0711013
0.572372
0.278765
0.493722
0.389942
0.918249
0.664325
0.420955
0.946079
0.812356
0.832091
0.0157131
0.512255
0.035831
0.460897
0.381398
0.627383
0.460676
0.230437
0.293867
0.881871
0.216486
0.524068
0.903992
0.856213
0.942492
0.155841
0.390831
0.998616
0.18188
0.427081
0.260041
0.325771
0.104449
0.0877057
0.167325
0.0516196
0.879187
0.328823
0.656641
0.550309
0.910714
0.418995
0.434332
0.751456
0.437617
0.691321
0.25981
0.0795431
0.286974
0.958017
0.85385
0.0262669
0.448763
0.121973
0.228223
0.809849
0.355793
0.871805
0.181443
0.58776
0.0647674
0.686098
0.779034
0.992595
0.335629
0.229489
0.759456
0.866446
0.746968
0.502697
0.577164
0.292059
0.51378
0.0437987
0.393214
0.864006
0.816054
0.652211
0.244404
0.995627
0.494705
0.638857
0.837123
0.232175
0.838986
0.129638
0.680144
0.972481
0.384652
0.0110232
0.603537
0.656995
0.00233363
0.587921
0.162385
0.113404
0.118308
0.78272
0.794793
0.0533447
0.0422921
0.180476
0.478168
0.483764
0.790829
0.379645
0.35024
0.716879
0.170446
0.174961
0.264359
0.987223
0.0890871
0.858107
0.38681
0.268213
0.786612
0.207507
0.988974
0.439574
0.209564
0.917382
0.108795
0.490125
0.0537877
0.357447
0.22612
0.784407
0.388898
0.170025
0.731266
0.0360918
0.518217
0.371006
0.75184
0.272131
0.102833
0.37564
0.704016
0.593078
0.904034
0.0870093
0.461483
0.374545
0.498779
0.953423
0.503725
0.698554
0.817761
0.305499
0.691826
0.515184
0.481156
0.695283
0.497014
0.645382
0.839797
0.651365
0.467451
0.259946
0.790263
0.139505
0.763131
0.766109
0.0845612
0.19998
0.306349
0.540162
0.910052
0.365846
0.828204
0.266787
0.961311
0.894555
0.91706
0.743752
0.825099
0.457183
0.647682
0.351609
0.0376697
0.44385
0.476702
0.819361
0.453575
0.235068
0.473941
0.859049
0.63344
0.895859
0.739334
0.373486
0.644727
0.0705002
0.81409
0.0612441
0.815412
0.958533
0.585636
0.19889
0.553149
0.336917
0.153413
0.177657
0.927982
0.761877
0.756023
0.495498
0.157386
0.630952
0.7721
0.713939
0.923024
0.636007
0.466631
0.156053
0.432669
0.803241
0.882757
0.90914
0.885163
0.669153
0.71287
0.747445
0.254606
0.491682
0.954015
0.390725
0.299902
0.792508
0.190131
0.178853
0.200619
0.603274
0.153934
0.844558
0.571766
0.745626
0.621075
0.821686
0.605065
0.714552
0.960256
0.738933
0.387715
0.0876032
0.683649
0.171882
0.590398
0.331008
0.431614
0.509093
0.413812
0.298616
0.243846
0.28009
0.820059
0.921641
0.77388
0.948262
0.162431
0.92456
0.41719
0.328981
0.570836
0.0208635
0.438946
0.366789
0.911766
0.273637
0.373766
0.911785
0.0721791
0.104624
0.664652
0.66006
0.8271
0.154018
0.715133
0.112809
0.871896
0.561327
0.6598
0.436507
0.518237
0.669742
0.363332
0.701581
0.221706
0.915891
0.753808
0.0229073
0.378309
0.743655
0.518613
0.552356
0.278976
0.639729
0.685529
0.615855
0.435648
0.818956
0.57891
0.358686
0.177092
0.843119
0.976415
0.688834
0.517087
0.973525
0.0946206
0.219663
0.086117
0.0778995
0.563102
0.0923412
0.346264
0.541932
0.334615
0.62069
0.449805
0.71794
0.596411
0.654267
0.954454
0.344027
0.94623
0.749045
0.915997
0.220217
0.633215
0.867351
0.936752
0.405757
0.0561192
0.797301
0.92274
0.540901
0.839455
0.292848
0.961281
0.314001
0.152504
0.191634
0.1271
0.90057
0.170223
0.367236
0.748355
0.303838
0.461638
0.0549632
0.162576
0.668445
0.336655
0.843278
0.722163
0.969964
0.556598
0.408072
0.386355
0.197325
0.439759
0.288412
0.774307
0.394192
0.994919
0.485201
0.472618
0.219806
0.562723
0.479365
0.680213
0.503496
0.63042
0.980189
0.778941
0.0738679
0.71475
0.0234362
0.233228
0.721107
0.870627
0.241821
0.132516
0.807245
0.677079
0.76571
0.308353
0.529128
0.573262
0.798779
0.85646
0.707376
0.0613433
0.282343
0.338373
0.211147
0.763269
0.726657
0.441315
0.122082
0.70014
0.974355
0.322575
0.792103
0.0876265
0.65117
0.909901
0.0729864
0.405384
0.845469
0.472502
0.925966
0.691258
0.196922
0.541585
0.194077
0.264673
0.962867
0.254557
0.0615145
0.327345
0.715549
0.0496062
0.539829
0.586006
0.112958
0.948016
0.704369
0.445712
0.656532
0.386877
0.165272
0.553657
0.882999
0.38521
0.763304
0.231726
0.852847
0.476367
0.645252
0.24532
0.706316
0.619355
0.940384
0.170268
0.666965
0.561467
0.582904
0.0814748
0.264911
0.607012
0.412646
0.54698
0.765528
0.213315
0.610721
0.553058
0.647364
0.43616
0.779376
0.114403
0.323533
0.967303
0.862149
0.871126
0.272178
0.537084
0.522711
0.218666
0.368618
0.650265
0.278658
0.767954
0.144034
0.576943
0.939585
0.0752422
0.55058
0.863652
0.255089
0.281005
0.677924
0.164414
0.333513
0.23501
0.775657
0.432051
0.380612
0.643229
0.714617
0.917521
0.308773
0.374763
0.899232
0.712908
0.944643
0.35575
0.598762
0.477149
0.0220212
0.200279
0.285967
0.195076
0.541873
0.468608
0.346899
0.205447
0.376317
0.0560175
0.00108383
0.208286
0.674997
0.431882
0.982366
0.994922
0.0754139
0.494434
0.981456
0.570696
0.351687
0.35472
0.434232
0.396785
0.751382
0.278589
0.840955
0.778386
0.567229
0.877568
0.118429
0.856966
0.914468
0.232982
0.954895
0.0606443
0.568667
0.430731
0.645888
0.796925
0.829706
0.800532
0.0496391
0.216708
0.167234
0.332644
0.696406
0.426493
0.601669
0.958875
0.444543
0.257236
0.409489
0.830185
0.512966
0.926963
0.655522
0.170169
0.420449
0.111387
0.0750503
0.460483
0.0653569
0.62181
0.001137
0.301013
0.040595
0.350455
0.185772
0.277615
0.142883
0.261735
0.363642
0.518848
0.385933
0.428944
0.364802
0.412813
0.808727
0.149861
0.701626
0.772819
0.931063
0.92086
0.660203
0.68767
0.208106
0.414568
0.104376
0.786661
0.483493
0.434916
0.584149
0.594008
0.0938474
0.988123
0.646016
0.362391
0.752181
0.0149714
0.0506779
0.261809
0.991881
0.724309
0.00216699
0.452091
0.36491
0.542448
0.0443905
0.952379
0.646167
0.399688
0.492856
0.584467
0.719177
0.686707
0.798049
0.29837
0.785464
0.297337
0.938672
0.120726
0.858135
0.713979
0.775226
0.0864268
0.384033
0.481869
0.190013
0.380034
0.507321
0.41309
0.842506
0.234089
0.552415
0.557824
0.959268
0.189895
0.135136
0.811428
0.315836
0.203964
0.895702
0.949825
0.523263
0.509041
0.896477
0.45146
0.385514
0.55781
0.218202
0.0194489
0.370561
0.0572688
0.793174
0.804844
0.54927
0.488674
0.684751
0.963223
0.678425
0.643661
0.423175
0.665675
0.921031
0.579825
0.142522
0.221414
0.607075
0.131169
0.739495
0.509818
0.372824
0.0529828
0.964135
0.0441878
0.939691
0.163291
0.997645
0.100794
0.824345
0.686199
0.959253
0.484953
0.787976
0.755024
0.722826
0.264624
0.688401
0.932323
0.0902486
0.572276
0.578998
0.825285
0.333206
0.00632253
0.671231
0.239508
0.866825
0.850985
0.978494
0.824262
0.0493114
0.890907
0.345012
0.0896762
0.926699
0.855035
0.825064
0.265305
0.765396
0.179488
0.540544
0.840828
0.186026
0.985172
0.836303
0.543686
0.806701
0.372582
0.425236
0.714781
0.157118
0.53893
0.561257
0.517145
0.971895
0.222285
0.205279
0.192225
0.363141
0.486929
0.597843
0.902094
0.0861967
0.81286
0.46135
0.0956952
0.135192
0.213104
0.247349
0.245682
0.480575
0.0372538
0.723099
0.865968
0.179921
0.976722
0.33256
0.0233822
0.534607
0.329827
0.251596
0.0709837
0.0856107
0.513954
0.59083
0.752623
0.510521
0.556186
0.281523
0.78072
0.443437
0.857059
0.683462
0.532344
0.0245654
0.71123
0.950449
0.241229
0.111481
0.0376402
0.128826
0.967917
0.516617
0.592463
0.735283
0.531346
0.948165
0.38123
0.565334
0.10505
0.630349
0.368977
0.71007
0.71761
0.0587571
0.893233
0.931522
0.85552
0.18638
0.313065
0.423443
0.402675
0.100139
0.276442
0.376695
0.993601
0.427233
0.269344
0.0427296
0.0128887
0.0154107
0.0998798
0.636377
0.0480077
0.909962
0.395248
0.296694
0.501062
0.438394
0.0589991
0.892085
0.991122
0.139821
0.703657
0.683682
0.931716
0.284001
0.451645
0.876571
0.197829
0.572376
0.401039
0.41207
0.188883
0.697817
0.703359
0.891235
0.161895
0.265724
0.419655
0.951641
0.718467
0.129198
0.914567
0.185187
0.291722
0.627538
0.0643897
0.839579
0.888152
0.947362
0.353907
0.436356
0.775713
0.743924
0.763118
0.550749
0.783453
0.841999
0.5188
0.477098
0.43989
0.714184
0.752527
0.807363
0.929915
0.461804
0.975798
0.571223
0.351317
0.131777
0.522017
0.0788072
0.576218
0.975311
0.947146
0.101477
0.422606
0.664452
0.809227
0.861597
0.766867
0.842421
0.756209
0.567095
0.600175
0.12266
0.334407
0.971229
0.511393
0.320417
0.552964
0.344259
0.645494
0.587342
0.409316
0.262561
0.137844
0.713521
0.453499
0.845649
0.0389315
0.300043
0.0804062
0.201866
0.116509
0.20515
0.939427
0.269347
0.153767
0.655749
0.415515
0.604816
0.141273
0.798015
0.775846
0.165558
0.24442
0.815484
0.884581
0.407029
0.583312
0.315519
0.73045
0.525658
0.695602
0.457134
0.381524
0.880798
0.654448
0.495082
0.834656
0.761899
0.987379
0.613019
0.139378
0.653653
0.728742
0.458289
0.255631
0.877265
0.691248
0.287698
0.69564
0.569914
0.904123
0.0811212
0.152228
0.754446
0.64063
0.973202
0.735627
0.0553477
0.59301
0.868595
0.408521
0.923304
0.66229
0.57662
0.836506
0.0766321
0.169483
0.193513
0.495179
0.304703
0.380988
0.618962
0.141405
0.278883
0.289653
0.429013
0.911152
0.588681
0.619923
0.596893
0.0149912
0.229361
0.016052
0.0894315
0.694849
0.560139
0.564333
0.00444392
0.640901
0.62741
0.581241
0.757245
0.133211
0.45708
0.0586167
0.754101
0.756757
0.282391
0.577482
0.660699
0.12779
0.776383
0.0087526
0.815639
0.595917
0.983132
0.214643
0.439519
0.462868
0.383529
0.390162
0.262542
0.448536
0.414171
0.603884
0.468658
0.039161
0.153265
0.476409
0.759515
0.0204045
0.795348
0.266056
0.446458
0.188711
0.130131
0.529227
0.83986
0.84483
0.0532864
0.471663
0.916748
0.278978
0.802958
0.0879659
0.330071
0.2456
0.274749
0.504159
0.394788
0.106313
0.907146
0.413386
0.93277
0.371013
0.347137
0.615102
0.253376
0.420919
0.343851
0.48337
0.550254
0.310403
0.990991
0.554267
0.616077
0.0199684
0.913285
0.619647
0.426484
0.0891006
0.285433
0.244913
0.19464
0.135159
0.644772
0.179237
0.144804
0.479711
0.0600279
0.757776
0.474114
0.690428
0.292158
0.117425
0.717851
0.744934
0.321442
0.8565
0.438244
0.875953
0.782617
0.603173
0.391741
0.647556
0.981186
0.428604
0.87691
0.101634
0.627025
0.302603
0.491463
0.741934
0.739346
0.312315
0.722371
0.406227
0.53066
0.174401
0.695864
0.33425
0.815835
0.327966
0.353875
0.401114
0.984511
0.202029
0.099914
0.695987
0.0407476
0.582476
0.205886
0.526221
0.754158
0.391615
0.724719
0.272554
0.142018
0.194494
0.284446
0.11673
0.061064
0.720069
0.995087
0.272032
0.916778
0.0493115
0.772002
0.770426
0.625633
0.650227
0.734644
0.218228
0.180957
0.436524
0.0925079
0.765764
0.442334
0.128112
0.282583
0.573686
0.962573
0.683779
0.510518
0.734512
0.587576
0.0136615
0.401934
0.512254
0.0324242
0.487873
0.931117
0.224507
0.742064
0.561635
0.108398
0.65941
0.67548
0.229565
0.584329
0.974771
0.218372
0.738632
0.94495
0.0442662
0.384312
0.74481
0.939528
0.165339
0.350434
0.586947
0.307196
0.866942
0.555963
0.982281
0.232026
0.854306
0.414703
0.358262
0.571291
0.362886
0.66238
0.321318
0.135696
0.882714
0.108447
0.789708
0.591803
0.915047
0.828394
0.000758848
0.659791
0.20479
0.88096
0.303833
0.097685
0.0886426
0.359996
0.118987
0.52239
0.597492
0.584279
0.24164
0.640003
0.0122614
0.89074
0.558936
0.409323
0.700732
0.4643
0.448
0.882226
0.977257
0.59191
0.619609
0.688539
0.00157434
0.0389417
0.775586
0.920679
0.647714
0.629584
0.573028
0.620458
0.0794924
0.184114
0.353781
0.119112
0.864237
0.40839
0.828367
0.371088
0.864659
0.282896
0.368461
0.879877
0.424777
0.0684103
0.938052
0.185926
0.98296
0.159703
0.863795
0.641882
0.306201
0.0242073
0.94801
0.568934
0.257725
0.16664
0.440345
0.180331
0.0716151
0.377772
0.449411
0.338726
0.420727
0.163495
0.154393
0.91088
0.216649
0.902906
0.908094
0.475671
0.409098
0.980263
0.718255
0.238947
0.202256
0.69264
0.0921172
0.886265
0.374619
0.653644
0.455754
0.372569
0.541178
0.605195
0.157816
0.81331
0.27171
0.233462
0.764535
0.484215
0.0585092
0.167544
0.994411
0.790799
0.493101
0.740041
0.144409
0.0410362
0.15096
0.754061
0.272492
0.157194
0.271861
0.10574
0.105214
0.520562
0.207046
0.114773
0.769981
0.886069
0.132409
0.74886
0.45219
0.729988
0.751638
0.745713
0.771269
0.751176
0.731831
0.390116
0.996447
0.0314683
0.776873
0.899296
0.239899
0.027984
0.948546
0.449777
0.104838
0.33586
0.761315
0.381492
0.591489
0.505249
0.791723
0.694714
0.74149
0.960587
0.579125
0.964436
0.997907
0.270116
0.577721
0.0935311
0.10228
0.756045
0.171558
0.185344
0.180054
0.571885
0.547961
0.436379
0.927992
0.287062
0.490825
0.323401
0.458803
0.014938
0.819566
0.946532
0.222979
0.465731
0.0616954
0.793738
0.483475
0.894797
0.801562
0.144012
0.330361
0.0712442
0.0786408
0.85454
0.315046
0.189585
0.645731
0.708039
0.432248
0.875936
0.895844
0.151319
0.3305
0.512484
0.893789
0.00255448
0.948694
0.317135
0.348279
0.564412
0.344962
0.519097
0.335717
0.167203
0.450013
0.247723
0.792774
0.958131
0.475995
0.173227
0.695546
0.312807
0.338103
0.180154
0.957627
0.229393
0.745546
0.874717
0.0983422
0.0439076
0.91959
0.921399
0.89569
0.0976802
0.890252
0.196109
0.651705
0.218813
0.0843021
0.461351
0.0654722
0.174998
0.149874
0.180001
0.814781
0.748779
0.943599
0.679995
0.090816
0.103831
0.768554
0.00158882
0.832574
0.339095
0.873496
0.012443
0.243527
0.782242
0.208354
0.69838
0.0876617
0.826615
0.43191
0.308578
0.837738
0.456536
0.0814938
0.10759
0.982113
0.614597
0.280727
0.0566523
0.393297
0.174775
0.390516
0.393846
0.187759
0.357278
0.298069
0.0999942
0.559376
0.177903
0.134943
0.20338
0.011433
0.854607
0.608384
0.0337981
0.0816374
0.824542
0.694888
0.0931014
0.156394
0.809594
0.777935
0.199238
0.731263
0.836135
0.947944
0.225489
0.609216
0.0382872
0.53234
0.485986
0.483147
0.00589487
0.0700144
0.568308
0.966977
0.768227
0.976055
0.236324
0.345668
0.855281
0.0692527
0.555182
0.671945
0.49474
0.654003
0.204139
0.184433
0.859333
0.0230401
0.230003
0.778231
0.449144
0.521781
0.757234
0.647824
0.750606
0.667845
0.41675
0.117224
0.314524
0.128051
0.703822
0.684276
0.0400654
0.873486
0.650406
0.97608
0.215371
0.224969
0.619948
0.397841
0.537661
0.385139
0.259889
0.679614
0.721778
0.277938
0.0196733
0.68288
0.429965
0.342158
0.104027
0.228119
0.103678
0.52525
0.00593441
0.210703
0.345486
0.0350945
0.95934
0.686207
0.628585
0.529558
0.419532
0.670986
0.283325
0.0557237
0.129452
0.658646
0.348117
0.754585
0.294695
0.209916
0.295262
0.541058
0.48509
0.0579963
0.485421
0.357371
0.125183
0.727325
0.18182
0.557269
0.214927
0.815154
0.891085
0.574815
0.436081
0.641834
0.362144
0.931758
0.245719
0.955357
0.441851
0.511745
0.756534
0.191477
0.885607
0.40581
0.0608019
0.594495
0.301175
0.611736
0.704866
0.928123
0.0565321
0.66963
0.461085
0.962872
0.0871365
0.804926
0.217835
0.252902
0.124856
0.396597
0.80542
0.0247729
0.805863
0.39273
0.967063
0.945494
0.976624
0.19354
0.72097
0.264438
0.566275
0.174411
0.451895
0.498762
0.410752
0.83368
0.58701
0.452941
0.254202
0.42802
0.0452472
0.209537
0.236059
0.0319354
0.274879
0.471801
0.167472
0.969552
0.317539
0.437143
0.722468
0.661173
0.272257
0.51131
0.980278
0.184684
0.140458
0.899693
0.207075
0.0739081
0.786275
0.875073
0.539626
0.548006
0.702346
0.862768
0.869143
0.246967
0.22538
0.119051
0.159929
0.902917
0.202455
0.67043
0.829284
0.292522
0.884804
0.620728
0.478734
0.627107
0.496441
0.778406
0.965168
0.814707
0.435461
0.287335
0.795906
0.0413059
0.177141
0.386643
0.827792
0.737445
0.630178
0.140647
0.92849
0.51972
0.643833
0.952722
0.820111
0.27488
0.145296
0.833496
0.570556
0.418564
0.872225
0.0150939
0.825647
0.206061
0.146694
0.412461
0.841443
0.819509
0.993132
0.673013
0.0938844
0.162068
0.888172
0.0822468
0.102654
0.459595
0.260302
0.200471
0.245491
0.683107
0.649226
0.386444
0.980439
0.203391
0.642957
0.467552
0.439334
0.323775
0.686358
0.25458
0.128172
0.166392
0.0183518
0.127359
0.216198
0.639561
0.439016
0.261088
0.860595
0.0694833
0.532979
0.895559
0.555004
0.871732
0.475228
0.718283
0.545433
0.24604
0.785277
0.484955
0.511663
0.936553
0.377658
0.155523
0.340273
0.0290104
0.704254
0.730819
0.0879193
0.0116458
0.702911
0.500771
0.240372
0.523726
0.41859
0.283364
0.646347
0.0438157
0.345848
0.980001
0.0830906
0.371664
0.869928
0.478827
0.091977
0.982267
0.347938
0.396743
0.623952
0.518194
0.395578
0.969713
0.261756
0.187363
0.1197
0.627813
0.963253
0.555836
0.308172
0.894839
0.316103
0.4831
0.089101
0.853593
0.592625
0.719774
0.249403
0.550116
0.352158
0.950965
0.103021
0.119872
0.50672
0.370841
0.10122
0.226961
0.578509
0.501584
0.287632
0.531992
0.838979
0.349345
0.655903
0.751185
0.347345
0.990102
0.603715
0.00414628
0.991774
0.676896
0.675518
0.0233435
0.82071
0.302407
0.150128
0.279845
0.333179
0.302734
0.518114
0.788724
0.337505
0.591508
0.565313
0.222433
0.777719
0.404883
0.174746
0.305511
0.803944
0.914126
0.861292
0.926366
0.803486
0.414793
0.309697
0.343149
0.490533
0.844856
0.102815
0.563256
0.253278
0.121741
0.105694
0.695393
0.878373
0.982076
0.938618
0.499967
0.575658
0.506691
0.948794
0.0382878
0.178643
0.653728
0.189578
0.0883759
0.446264
0.304549
0.476434
0.349337
0.372049
0.886352
0.389939
0.191731
0.134754
0.459391
0.382866
0.831306
0.301797
0.843613
0.945133
0.00396963
0.634411
0.914812
0.00666776
0.127317
0.722507
0.804787
0.825589
0.328249
0.32488
0.153749
0.285503
0.409558
0.943168
0.536821
0.328547
0.95588
0.823274
0.954018
0.414649
0.132827
0.493783
0.349414
0.0523152
0.762358
0.491169
0.168069
0.331227
0.803033
0.167114
0.583909
0.0380132
0.395979
0.351828
0.0861707
0.0947938
0.515025
0.309565
0.63343
0.175666
0.377143
0.825272
0.523232
0.252004
0.219552
0.873392
0.136564
0.0169685
0.696313
0.537912
0.203573
0.026433
0.902626
0.940303
0.986111
0.103814
0.563536
0.439331
0.537826
0.756811
0.401272
0.306435
0.548376
0.414611
0.528822
0.291506
0.487383
0.877708
0.236187
0.71719
0.310458
0.709034
0.0609114
0.958328
0.47627
0.225085
0.497724
0.403355
0.757161
0.58618
0.426035
0.95825
0.0413599
0.212263
0.444535
0.701538
0.44193
0.541102
0.472716
0.828936
0.884621
0.0294032
0.287088
0.0777669
0.988339
0.341602
0.153503
0.708709
0.280067
0.594244
0.240147
0.937042
0.149122
0.49654
0.760897
0.951031
0.24125
0.687391
0.0163375
0.914501
0.904267
0.327141
0.872399
0.58582
0.665126
0.684459
0.687676
0.486693
0.262823
0.201746
0.484519
0.991757
0.45304
0.925432
0.459128
0.322038
0.829015
0.593331
0.114754
0.0827329
0.407443
0.254796
0.750854
0.985083
0.269285
0.409144
0.219889
0.789499
0.532234
0.310038
0.661464
0.107632
0.196314
0.148683
0.261579
0.830747
0.117934
0.254735
0.747283
0.997583
0.146297
0.662485
0.126667
0.242823
0.93967
0.139272
0.0910787
0.0960473
0.796906
0.13894
0.102643
0.477299
0.0817299
0.592588
0.147533
0.906656
0.349297
0.298004
0.453966
0.685939
0.035762
0.672102
0.732326
0.113945
0.418524
0.680921
0.449477
0.355276
0.588609
0.450249
0.702758
0.00175026
0.532256
0.540509
0.742668
0.889382
0.25146
0.767437
0.12764
0.0380867
0.404718
0.173507
0.814108
0.490896
0.403943
0.925143
0.781108
0.655817
0.895205
0.641662
0.408213
0.278523
0.00936148
0.211102
0.455742
0.795122
0.106256
0.677066
0.167299
0.470386
0.0541881
0.637851
0.239021
0.21285
0.531142
0.0564158
0.46743
0.0403788
0.879363
0.949152
0.0393785
0.866974
0.628718
0.777191
0.468867
0.970418
0.740791
0.645531
0.966321
0.555355
0.683778
0.958724
0.318908
0.767413
0.636834
0.0217415
0.0914759
0.778968
0.0287673
0.11566
0.0686614
0.372566
0.121957
0.0419631
0.590504
0.981042
0.92779
0.260025
0.230502
0.934218
0.913449
0.997974
0.665504
0.556229
0.850379
0.72811
0.242091
0.724933
0.239761
0.199789
0.464037
0.460016
0.462511
0.46129
0.671063
0.230267
0.494464
0.870731
0.441017
0.558459
0.0238928
0.565071
0.320371
0.479903
0.95818
0.0857239
0.937517
0.782763
0.401178
0.0478272
0.174734
0.916736
0.632048
0.374531
0.318651
0.0088965
0.813436
0.509429
0.662707
0.983903
0.921472
0.204535
0.336005
0.328576
0.753801
0.196714
0.309656
0.147602
0.650468
0.218507
0.239792
0.161376
0.978722
0.712581
0.38943
0.0795006
0.136171
0.725325
0.0584526
0.597081
0.966888
0.856148
0.499752
0.183588
0.45788
0.0446886
0.552806
0.921558
0.560302
0.500203
0.70849
0.937812
0.126066
0.968252
0.492362
0.192236
0.594978
0.772661
0.551093
0.170367
0.797889
0.076612
0.871109
0.535977
0.0629155
0.215221
0.66228
0.223275
0.648273
0.11636
0.111216
0.874422
0.318919
0.981872
0.975073
0.401495
0.963307
0.111813
0.32029
0.997036
0.66196
0.409731
0.211269
0.953395
0.523298
0.937832
0.443394
0.0845396
0.234492
0.758111
0.430753
0.600314
0.54202
0.719043
0.538765
0.760281
0.96076
0.568069
0.393819
0.102203
0.71799
0.150534
0.260242
0.699815
0.582419
0.86702
0.346232
0.779304
0.178012
0.528569
0.356872
0.257358
0.706296
0.765658
0.595451
0.453843
0.970217
0.826372
0.2
0.376238
0.431649
0.911447
0.964202
0.548594
0.339946
0.884788
0.701155
0.983458
0.949604
0.816305
0.478743
0.588163
0.227089
0.448055
0.54919
0.6292
0.531941
0.544917
0.534589
0.259939
0.167693
0.731659
0.649584
0.785765
0.195463
0.393091
0.229409
0.973453
0.980299
0.994399
0.641161
0.785509
0.0351921
0.318259
0.0886089
0.602046
0.41232
0.678605
0.35009
0.00235017
0.997748
0.941784
0.582645
0.374937
0.391588
0.562025
0.979102
0.632901
0.7843
0.938975
0.136141
0.654944
0.749321
0.77562
0.0856928
0.329178
0.540436
0.571603
0.877971
0.0356723
0.011864
0.196024
0.362909
0.147588
0.163192
0.0618664
0.358515
0.986169
0.733288
0.732144
0.798682
0.816723
0.647003
0.10304
0.526226
0.277395
0.714637
0.228481
0.136454
0.258437
0.219949
0.538461
0.640155
0.561331
0.961713
0.762855
0.060806
0.60798
0.184714
0.494468
0.250317
0.432453
0.506274
0.0542055
0.17961
0.440385
0.359619
0.715257
0.827183
0.835304
0.766896
0.853911
0.825843
0.857989
0.208612
0.858533
0.0307633
0.0459864
0.537832
0.489429
0.358818
0.314146
0.391338
0.233204
0.646167
0.153741
0.34128
0.852392
0.913365
0.992531
0.331824
0.0593785
0.0486925
0.346908
0.184012
0.90092
0.577076
0.228016
0.00967586
0.64588
0.723876
0.312178
0.580598
0.999448
0.0481996
0.279754
0.365932
0.35787
0.386273
0.695715
0.731308
0.400448
0.681287
0.984821
0.291691
0.953219
0.459011
0.449014
0.23973
0.783443
0.83945
0.457253
0.421304
0.641405
0.71519
0.814345
0.0315111
0.503079
0.880206
0.455689
0.979166
0.722731
0.70155
0.369972
0.772314
0.095638
0.144582
0.0941049
0.603629
0.247213
0.743373
0.336649
0.760349
0.831358
0.749625
0.322588
0.805631
0.428631
0.510322
0.143254
0.92519
0.460204
0.263851
0.795545
0.0594314
0.155777
0.636727
0.548983
0.874282
0.20651
0.131768
0.718316
0.283371
0.691385
0.193107
0.604427
0.633771
0.520425
0.307392
0.340723
0.0641304
0.669481
0.692908
0.394864
0.513188
0.486196
0.0255011
0.316854
0.355959
0.932941
0.273181
0.284711
0.356501
0.207516
0.849824
0.867304
0.556015
0.840918
0.544545
0.483865
0.637025
0.792033
0.803663
0.430611
0.687966
0.301544
0.00113913
0.00851256
0.934712
0.115252
0.254509
0.870896
0.413808
0.763955
0.274658
0.157674
0.284227
0.250241
0.102518
0.305797
0.390077
0.706698
0.266005
0.972982
0.465992
0.389474
0.366218
0.121773
0.397795
0.838766
0.948229
0.581442
0.703589
0.244837
0.945227
0.272702
0.487696
0.512334
0.297377
0.473575
0.00965717
0.445464
0.134685
0.976264
0.423758
0.394988
0.570613
0.085431
0.260689
0.0122214
0.684502
0.699748
0.313063
0.647666
0.574374
0.89684
0.0231258
0.436338
0.966973
0.749051
0.518717
0.432199
0.921804
0.317276
0.329914
0.411163
0.00706077
0.220935
0.186487
0.196289
0.279658
0.725115
0.310957
0.208063
0.194359
0.622893
0.360143
0.719011
0.405254
0.930752
0.981258
0.130957
0.440752
0.724639
0.429304
0.130578
0.738512
0.855858
0.857035
0.59718
0.828081
0.347178
0.690575
0.096265
0.335072
0.763542
0.274381
0.632045
0.992713
0.570392
0.022932
0.707343
0.186533
0.115544
0.0385875
0.590369
0.958301
0.11897
0.262868
0.487946
0.245112
0.210091
0.491328
0.0499895
0.747464
0.520096
0.406681
0.583227
0.864833
0.0311065
0.792496
0.263904
0.560021
0.78794
0.154395
0.812339
0.682407
0.482797
0.0372356
0.876893
0.512282
0.237606
0.0329042
0.950793
0.10614
0.230909
0.381505
0.856775
0.160755
0.523636
0.736293
0.85095
0.317178
0.549744
0.160502
0.327227
0.614106
0.927607
0.626811
0.998823
0.0941076
0.0383094
0.0231382
0.231553
0.214244
0.35317
0.515753
0.927235
0.179034
0.882021
0.668084
0.914528
0.571386
0.96333
0.375807
0.519694
0.191736
0.733197
0.423104
0.505827
0.48073
0.762517
0.555775
0.386287
0.762691
0.196619
0.244338
0.72944
0.34311
0.471018
0.413284
0.534595
0.936458
0.966823
0.650381
0.78677
0.0491098
0.67831
0.206829
0.385994
0.852711
0.286075
0.528801
0.378786
0.949078
0.355819
0.220454
0.276471
0.70898
0.447113
0.731531
0.0844725
0.841452
0.285585
0.00653483
0.756994
0.327334
0.00223792
0.162063
0.885907
0.665975
0.216076
0.603146
0.739879
0.955382
0.341565
0.79747
0.192224
0.587196
0.895342
0.926183
0.608705
0.61275
0.812279
0.948679
0.791374
0.885039
0.347805
0.902656
0.685754
0.852886
0.661943
0.643531
0.419342
0.632023
0.101457
0.152221
0.408914
0.213644
0.721542
0.215425
0.0332203
0.331161
0.294842
0.202445
0.234185
0.491744
0.664904
0.249015
0.14092
0.543706
0.10036
0.243801
0.0715454
0.614752
0.0789606
0.523332
0.49487
0.148945
0.309021
0.18029
0.939966
0.832978
0.640392
0.681877
0.638693
0.0940846
0.134665
0.319781
0.227413
0.867931
0.218624
0.231441
0.56655
0.674737
0.0181747
0.954896
0.818763
0.146842
0.172572
0.435521
0.075002
0.899198
0.227328
0.678152
0.829753
0.775413
0.8246
0.67343
0.614908
0.67246
0.319836
0.436632
0.3408
0.100565
0.117783
0.567711
0.501843
0.405042
0.0631358
0.0763647
0.131597
0.827064
0.072642
0.198726
0.450462
0.98847
0.666935
0.451559
0.0633029
0.630432
0.185411
0.0610481
0.76973
0.211694
0.677668
0.77354
0.758795
0.911271
0.9017
0.585973
0.447987
0.840327
0.930471
0.912386
0.391139
0.83872
0.402995
0.0183863
0.416111
0.573116
0.189761
0.753577
0.415415
0.487501
0.62318
0.807558
0.155093
0.997183
0.390521
0.543574
0.577225
0.40605
0.267306
0.627027
0.714225
0.316172
0.137595
0.29936
0.377743
0.70392
0.100128
0.403907
0.713048
0.696304
0.0281905
0.0728882
0.589228
0.273375
0.111729
0.170665
0.627921
0.26556
0.184658
0.390462
0.749999
0.927752
0.934532
0.45897
0.318975
0.110694
0.0503938
0.879069
0.544173
0.596967
0.954099
0.364281
0.100933
0.79885
0.223384
0.0488731
0.792424
0.708424
0.586357
0.418974
0.736619
0.778569
0.178751
0.525098
0.16969
0.00909414
0.937443
0.152867
0.975192
0.498908
0.941884
0.780647
0.670867
0.314171
0.351837
0.335064
0.407556
0.166348
0.178612
0.365746
0.482344
0.622031
0.868291
0.196634
0.848333
0.662689
0.631536
0.422409
0.958973
0.516545
0.785485
0.160639
0.884707
0.817343
0.385162
0.835416
0.856192
0.227049
0.625594
0.980642
0.399045
0.669042
0.777023
0.571822
0.465224
0.85157
0.356032
0.439707
0.45777
0.523283
0.600433
0.804631
0.0268614
0.404199
0.314077
0.590922
0.316206
0.293557
0.346934
0.680936
0.633701
0.13182
0.718544
0.5679
0.98791
0.806815
0.81585
0.422388
0.924677
0.264805
0.944563
0.957906
0.295816
0.963093
0.90135
0.204181
0.760515
0.426528
0.287659
0.00457259
0.524788
0.872134
0.221686
0.392892
0.622885
0.0578113
0.190556
0.168555
0.454558
0.102974
0.628365
0.94272
0.87863
0.414451
0.985802
0.19982
0.131958
0.581375
0.0654382
0.955992
0.531148
0.498446
0.44336
0.911417
0.120816
0.583344
0.295223
0.764906
0.000141787
0.979925
0.468105
0.0889171
0.755148
0.54914
0.885756
0.266977
0.919423
0.267799
0.980027
0.0839533
0.0973386
0.655182
0.872739
0.232096
0.558794
0.995447
0.24585
0.280225
0.284651
0.0459066
0.784074
0.106388
0.836491
0.77282
0.647405
0.768917
0.110515
0.253571
0.264045
0.540539
0.3784
0.0889442
0.701921
0.373484
0.6085
0.326289
0.542134
0.768716
0.413344
0.272034
0.213291
0.466357
0.617517
0.510434
0.280105
0.36658
0.822304
0.955382
0.0996699
0.43117
0.914454
0.856733
0.767644
0.0503415
0.914877
0.310273
0.1866
0.655292
0.803867
0.710867
0.863543
0.180961
0.0505479
0.725745
0.779471
0.26714
0.591514
0.181571
0.658922
0.429127
0.972563
0.421969
0.224671
0.807894
0.612699
0.014259
0.756353
0.245926
0.586429
0.40125
0.156273
0.698489
0.826303
0.106002
0.235756
0.656837
0.707182
0.293219
0.270497
0.329281
0.47374
0.267103
0.585513
0.8962
0.891196
0.29448
0.228641
0.892423
0.551107
0.37582
0.371683
0.905096
0.194671
0.281909
0.649725
0.517927
0.869927
0.495142
0.633156
0.439838
0.827163
0.346051
0.430805
0.08871
0.604517
0.302309
0.471435
0.341724
0.661626
0.0378082
0.874828
0.589216
0.836686
0.687008
0.206562
0.0488678
0.411959
0.348417
0.00312443
0.157134
0.760745
0.275839
0.694645
0.182887
0.418899
0.890787
0.347142
0.98763
0.475466
0.466647
0.838599
0.722319
0.926768
0.535845
0.770449
0.774686
0.756248
0.614714
0.835883
0.276373
0.467728
0.342307
0.510468
0.904327
0.54474
0.384924
0.973417
0.00642084
0.242103
0.160604
0.517349
0.790876
0.334043
0.286321
0.242942
0.959343
0.897937
0.962339
0.751597
0.46563
0.000566561
0.314363
0.150652
0.984335
0.888012
0.851394
0.847042
0.297019
0.909576
0.299245
0.750187
0.574317
0.679351
0.221151
0.387658
0.889067
0.0701207
0.315223
0.0823106
0.523779
0.407373
0.258556
0.00835787
0.464003
0.146161
0.224519
0.0358582
0.942539
0.333922
0.860703
0.000312751
0.263472
0.035981
0.787984
0.540566
0.368461
0.0464421
0.509783
0.901
0.573143
0.00330952
0.0386586
0.295492
0.907739
0.187007
0.387893
0.46467
0.69429
0.246985
0.835571
0.400735
0.578004
0.154056
0.421695
0.570617
0.505785
0.848366
0.771798
0.914349
0.514298
0.498164
0.364248
0.675026
0.284977
0.369689
0.49338
0.628682
0.487265
0.509032
0.712996
0.513771
0.92349
0.139098
0.898531
0.901965
0.624813
0.894456
0.713992
0.971071
0.38011
0.795127
0.358989
0.809827
0.78779
0.0252206
0.22783
0.969788
0.66387
0.228389
0.127606
0.733803
0.651091
0.340467
0.200784
0.541035
0.550051
0.321681
0.0561618
0.63525
0.691447
0.168756
0.534676
0.978603
0.319475
0.0967804
0.241585
0.420365
0.250362
0.235629
0.797702
0.827917
0.598787
0.150916
0.509557
0.179089
0.507535
0.738139
0.322155
0.831026
0.653152
0.677791
0.979645
0.0362693
0.329689
0.136659
0.343317
0.0402368
0.252656
0.585668
0.61436
0.937635
0.577624
0.288003
0.000759917
0.739305
0.140944
0.863887
0.0941158
0.561866
0.0330306
0.720023
0.301386
0.96913
0.842996
0.0812259
0.584645
0.376347
0.209676
0.466398
0.292237
0.589925
0.483987
0.901036
0.262644
0.685947
0.951243
0.308543
0.311996
0.674666
0.942821
0.117832
0.879753
0.704507
0.93062
0.413601
0.119324
0.152486
0.515547
0.682678
0.363714
0.862524
0.352022
0.147491
0.920111
0.971791
0.157656
0.987868
0.104126
0.653477
0.532345
0.00945525
0.880579
0.12763
0.332759
0.310294
0.132522
0.923035
0.320204
0.767911
0.0631268
0.120624
0.183166
0.947129
0.193971
0.595812
0.835255
0.58791
0.37472
0.927558
0.8664
0.791994
0.460729
0.946373
0.499924
0.0199002
0.301171
0.928267
0.23826
0.258945
0.60154
0.33619
0.474065
0.530364
0.144099
0.772059
0.688887
0.874656
0.820119
0.430761
0.137611
0.628333
0.899223
0.772533
0.896118
0.973353
0.230217
0.972873
0.151212
0.914083
0.304053
0.887487
0.0876654
0.825143
0.313672
0.628992
0.467435
0.898771
0.856658
0.0381554
0.773924
0.472746
0.160108
0.73328
0.0480811
0.964172
0.59357
0.595469
0.0658862
0.400444
0.785041
0.854081
0.346518
0.790452
0.894446
0.866645
0.690426
0.386484
0.233014
0.764526
0.254658
0.00101673
0.319139
0.887474
0.92672
0.461365
0.605571
0.32586
0.625761
0.583558
0.0124489
0.0180101
0.572412
0.194726
0.42853
0.830427
0.84155
0.475173
0.284041
0.468082
0.0393508
0.0191477
0.410572
0.809518
0.283177
0.451008
0.280693
0.98083
0.302676
0.815164
0.0815611
0.895059
0.250615
0.253573
0.684813
0.568989
0.213762
0.920101
0.15637
0.34721
0.839211
0.328413
0.47846
0.626375
0.373408
0.745584
0.906296
0.981718
0.864107
0.904991
0.0650462
0.82676
0.19985
0.917684
0.445255
0.574345
0.162507
0.382438
0.678613
0.914613
0.170014
0.909051
0.626517
0.408823
0.153429
0.939661
0.72538
0.723307
0.842506
0.701054
0.0658795
0.250859
0.0352803
0.0836632
0.80198
0.0590978
0.636268
0.751528
0.731708
0.0692296
0.922631
0.0438346
0.485734
0.895859
0.612365
0.355161
0.436396
0.84918
0.0812059
0.159211
0.890312
0.664742
0.236619
0.798938
0.735678
0.532092
0.0922067
0.087742
0.506388
0.110969
0.853611
0.730928
0.954726
0.538656
0.891838
0.873391
0.564631
0.446744
0.386425
0.976411
0.497761
0.488515
0.848832
0.629056
0.98699
0.139102
0.00718065
0.643074
0.194126
0.389086
0.921856
0.287372
0.769426
0.37365
0.11401
0.173915
0.287368
0.283821
0.940432
0.508237
0.983149
0.234486
0.933352
0.275268
0.715883
0.681744
0.143441
0.642979
0.182703
0.366542
0.265221
0.24325
0.996647
0.917691
0.767188
0.647572
0.991759
0.0947309
0.164667
0.779866
0.367524
0.0715381
0.396176
0.0418621
0.852325
0.303997
0.594797
0.289792
0.309438
0.564461
0.220915
0.66808
0.605124
0.793091
0.047156
0.121223
0.599239
0.566094
0.358468
0.765398
0.584405
0.21561
0.99557
0.324271
0.62005
0.73447
0.636989
0.653642
0.589463
0.325177
0.0510118
0.873842
0.676267
0.949707
0.132165
0.159439
0.364614
0.993099
0.192175
0.419984
0.774487
0.42758
0.670984
0.978904
0.110809
0.851211
0.0362618
0.333548
0.6926
0.0939411
0.882859
0.470951
0.722657
0.682016
0.0312888
0.00658484
0.309157
0.945416
0.940273
0.642525
0.553373
0.663685
0.91555
0.0658376
0.398446
0.164694
0.612596
0.903001
0.689027
0.450376
0.319536
0.3541
0.1924
0.182234
0.210113
0.389093
0.957125
0.233038
0.495443
0.156034
0.419465
0.855807
0.00441254
0.0978391
0.933113
0.291344
0.976004
0.468371
0.92048
0.881418
0.420482
0.762533
0.422979
0.197646
0.887335
0.354955
0.907938
0.487739
0.0239229
0.367642
0.658892
0.383665
0.19382
0.510936
0.864703
0.450938
0.38051
0.662332
0.48611
0.561369
0.0665623
0.941588
0.520002
0.765735
0.15063
0.739248
0.232903
0.485523
0.177322
0.774036
0.254366
0.402106
0.211611
0.248339
0.0266943
0.0420369
0.0990807
0.406508
0.103697
0.484513
0.366072
0.249046
0.244433
0.842466
0.0126824
0.991522
0.0988271
0.981409
0.56444
0.939013
0.152932
0.523855
0.577381
0.0102006
0.641458
0.90073
0.563132
0.541176
0.883891
0.736389
0.106316
0.928663
0.0979042
0.928912
0.472152
0.225425
0.987552
0.197766
0.230775
0.704272
0.54968
0.524337
0.664799
0.269281
0.483609
0.461594
0.230184
0.649829
0.324371
0.705731
0.422632
0.95513
0.415468
0.763292
0.627308
0.895117
0.845509
0.256887
0.553951
0.996789
0.775805
0.0881913
0.548055
0.91849
0.416245
0.0153981
0.922874
0.470734
0.953483
0.155267
0.0950047
0.210756
0.411262
0.0760703
0.119733
0.17782
0.984094
0.622732
0.339366
0.846535
0.871446
0.852586
0.273468
0.598252
0.49333
0.748044
0.222849
0.828879
0.477517
0.840722
0.00839552
0.120341
0.468725
0.0590094
0.543618
0.287344
0.542641
0.796008
0.489194
0.321754
0.366764
0.531619
0.421015
0.0948732
0.344957
0.0896733
0.835898
0.639575
0.495024
0.995656
0.885346
0.171231
0.0781921
0.633685
0.224067
0.920271
0.557375
0.845676
0.501525
0.79587
0.16037
0.652292
0.0692563
0.651164
0.513719
0.331004
0.444151
0.414789
0.0944673
0.333607
0.0950022
0.0609884
0.887429
0.00711513
0.621692
0.507431
0.61872
0.896558
0.842238
0.136037
0.447251
0.341515
0.996327
0.98426
0.42163
0.858121
0.936824
0.451659
0.142121
0.76464
0.74783
0.832645
0.735276
0.199038
0.722702
0.563655
0.381062
0.917276
0.230406
0.932886
0.587659
0.504592
0.402564
0.667838
0.246074
0.347132
0.612732
0.773088
0.431579
0.375286
0.227423
0.271279
0.579717
0.834385
0.465923
0.347032
0.741514
0.522691
0.477095
0.486871
0.198851
0.783841
0.165882
0.794556
0.504894
0.667099
0.427873
0.100565
0.378659
0.0964423
0.911709
0.954973
0.167724
0.361488
0.581351
0.228674
0.804714
0.38658
0.899408
0.145072
0.641294
0.541406
0.745184
0.838142
0.950875
0.245718
0.736391
0.262589
0.177101
0.452996
0.735585
0.880018
0.0776121
0.575559
0.318414
0.793626
0.36896
0.030356
0.964282
0.908774
0.941647
0.787384
0.790313
0.397113
0.225518
0.137468
0.306052
0.763951
0.0540611
0.124227
0.226019
0.0318302
0.447043
0.545248
0.243832
0.472365
0.54717
0.754125
0.720738
0.636742
0.445151
0.548257
0.209769
0.0682942
0.129483
0.33891
0.45154
0.314055
0.0981318
0.750943
0.349631
0.968845
0.941076
0.878411
0.176989
0.286136
0.521653
0.962317
0.76706
0.527944
0.65578
0.381905
0.567347
0.881411
0.501193
0.466332
0.465789
0.788179
0.463922
0.41324
0.842732
0.38511
0.880172
0.743741
0.750477
0.52759
0.489013
0.142703
0.965449
0.886658
0.536335
0.924955
0.734189
0.423236
0.0168239
0.346675
0.17559
0.345182
0.687112
0.339243
0.177777
0.564721
0.765801
0.536857
0.0607199
0.950884
0.0589751
0.48195
0.76594
0.21331
0.435878
0.928682
0.0416731
0.396268
0.26685
0.775299
0.97633
0.887683
0.109509
0.54945
0.660858
0.16855
0.426414
0.221017
0.644248
0.103249
0.74029
0.113408
0.103978
0.907537
0.520323
0.564986
0.476547
0.740315
0.450852
0.857409
0.364896
0.0543555
0.934114
0.506551
0.935315
0.348808
0.673901
0.0110084
0.677721
0.905132
0.249481
0.375572
0.335889
0.0593857
0.146877
0.28035
0.133281
0.905925
0.124471
0.75408
0.0671198
0.0767369
0.2881
0.224379
0.392235
0.537703
0.491349
0.265562
0.939386
0.426
0.384564
0.736531
0.35852
0.368961
0.556761
0.945963
0.659164
0.636091
0.67373
0.47044
0.501688
0.313523
0.12648
0.37729
0.462683
0.941708
0.125171
0.155502
0.107029
0.813438
0.54456
0.411552
0.343781
0.748023
0.23869
0.0337412
0.126586
0.818453
0.135022
0.711598
0.655815
0.339593
0.771191
0.722208
0.0814648
0.79949
0.0531896
0.415389
0.835081
0.976231
0.66536
0.483299
0.745035
0.308108
0.745495
0.299612
0.349178
0.277085
0.248941
0.777067
0.229952
0.643895
0.882703
0.762983
0.871861
0.418586
0.265285
0.0275201
0.886996
0.897391
0.836261
0.458176
0.935981
0.0171449
0.0600282
0.500872
0.896171
0.155679
0.228526
0.959813
0.271615
0.63647
0.637883
0.483677
0.610405
0.942757
0.656424
0.0831297
0.468864
0.274703
0.573465
0.392021
0.609844
0.22397
0.983992
0.278381
0.905442
0.968107
0.557349
0.924276
0.134637
0.176311
0.780442
0.0375473
0.0326872
0.0674542
0.593253
0.735288
0.552548
0.466218
0.343633
0.498538
0.283767
0.575625
0.154737
0.811358
0.912884
0.0848868
0.47132
0.717706
0.939276
0.16289
0.137629
0.415177
0.0152929
0.326001
0.33767
0.89808
0.275576
0.322974
0.58626
0.460218
0.513872
0.360276
0.0256992
0.907144
0.109528
0.209337
0.371556
0.693086
0.465009
0.232454
0.178446
0.321296
0.266018
0.604631
0.884023
0.140545
0.535556
0.969467
0.0201752
0.693692
0.57585
0.13106
0.937063
0.184541
0.76065
0.79543
0.104419
0.764482
0.457001
0.112326
0.140435
0.398583
0.0129281
0.066105
0.999481
0.305291
0.398812
0.29983
0.133733
0.453595
0.989746
0.576178
0.818631
0.281902
0.131018
0.545391
0.0570957
0.0330573
0.282415
0.62249
0.679765
0.630112
0.875232
0.246171
0.202564
0.462057
0.745353
0.165794
0.69543
0.551748
0.248861
0.292065
0.823229
0.393937
0.311418
0.517018
0.590428
0.192844
0.702951
0.939846
0.876206
0.855342
0.189789
0.216699
0.0923945
0.397054
0.76172
0.826771
0.935097
0.490044
0.0921101
0.283272
0.0255365
0.0533295
0.367038
0.0124093
0.115237
0.542907
0.722552
0.629921
0.210801
0.51019
0.950053
0.834403
0.468765
0.675777
0.432867
0.470602
0.900855
0.685093
0.508858
0.0346354
0.344066
0.379014
0.282664
0.409112
0.209788
0.122698
0.373515
0.908517
0.785494
0.403181
0.253474
0.0311746
0.873923
0.640063
0.939529
0.771301
0.695042
0.0966488
0.741217
0.100693
0.300807
0.0696592
0.321661
0.812585
0.778212
0.730785
0.645521
0.901981
0.130416
0.386027
0.711192
0.388313
0.712451
0.144733
0.962254
0.958687
0.636632
0.335461
0.28835
0.66128
0.931726
0.345345
0.421554
0.543455
0.686703
0.291212
0.339958
0.271038
0.77655
0.280158
0.786664
0.761269
0.0893158
0.147108
0.271186
0.841988
0.226117
0.039328
0.740479
0.220673
0.872689
0.999652
0.427224
0.245085
0.0688484
0.431955
0.32344
0.31526
0.594539
0.644198
0.0348348
0.687736
0.408582
0.62241
0.286815
0.356932
0.636631
0.498421
0.563482
0.732353
0.350332
0.682028
0.974
0.310872
0.0422167
0.425297
0.335562
0.479808
0.849126
0.181197
0.256001
0.0125532
0.648236
0.678217
0.319826
0.928411
0.410076
0.262633
0.587289
0.182664
0.82729
0.678165
0.387778
0.450182
0.0312088
0.451148
0.851405
0.313
0.908191
0.383082
0.415446
0.6702
0.28848
0.934162
0.342665
0.00799488
0.0597243
0.13159
0.657578
0.187527
0.963392
0.0836842
0.238625
0.11302
0.977256
0.278485
0.876987
0.775935
0.0820124
0.514805
0.598171
0.512967
0.919749
0.029507
0.118186
0.146982
0.653849
0.620785
0.09827
0.551619
0.311235
0.247797
0.875324
0.213511
0.0692084
0.662255
0.769137
0.342608
0.313549
0.431279
0.955103
0.925852
0.122038
0.336538
0.436957
0.702437
0.0648893
0.03978
0.0804463
0.18001
0.789778
0.0799969
0.367759
0.287592
0.284155
0.264604
0.930371
0.700489
0.289147
0.121291
0.25238
0.666419
0.538385
0.781352
0.354949
0.236805
0.636873
0.420312
0.886495
0.506239
0.540234
0.16809
0.812817
0.906016
0.847098
0.805379
0.124884
0.402035
0.747614
0.779282
0.0461548
0.866747
0.143863
0.356858
0.821075
0.166159
0.808746
0.635429
0.138624
0.564416
0.595304
0.970779
0.433672
0.653122
0.223415
0.606703
0.171167
0.956921
0.96863
0.193413
0.136926
0.496987
0.452582
0.0470973
0.413393
0.944582
0.330999
0.562447
0.896361
0.501974
0.392617
0.573651
0.119732
0.0482252
0.485446
0.618844
0.860793
0.597968
0.527186
0.731587
0.0689412
0.0221377
0.178909
0.482538
0.109607
0.656472
0.888473
0.188525
0.0924422
0.431975
0.219141
0.708311
0.295166
0.727074
0.256433
0.905901
0.1399
0.689052
0.081573
0.990205
0.539968
0.0579356
0.755628
0.0337507
0.935147
0.907605
0.354146
0.292971
0.917271
0.0850657
0.817059
0.413855
0.24465
0.0792702
0.0994725
0.0959731
0.385322
0.0359134
0.22209
0.855546
0.984258
0.426013
0.978712
0.60745
0.680074
0.879275
0.120231
0.247372
0.856544
0.331528
0.731694
0.844472
0.288133
0.259416
0.374281
0.838783
0.00983305
0.511881
0.759752
0.383298
0.268751
0.903411
0.956544
0.815179
0.421817
0.518862
0.887601
0.174675
0.716021
0.365197
0.769002
0.634087
0.828247
0.796202
0.448062
0.518112
0.0667967
0.0715653
0.432817
0.128361
0.677218
0.0831203
0.695514
0.237598
0.627235
0.603316
0.379957
0.942511
0.00374872
0.72779
0.541124
0.218817
0.191903
0.487155
0.704273
0.0738877
0.976866
0.43635
0.634355
0.347877
0.00816994
0.87138
0.0120139
0.19287
0.559034
0.304095
0.269854
0.334969
0.838834
0.360274
0.0336581
0.142552
0.301987
0.369479
0.206891
0.936783
0.962764
0.878621
0.663952
0.0203575
0.278416
0.0411982
0.99994
0.736853
0.414193
0.413999
0.850768
0.210481
0.212208
0.884123
0.176605
0.278735
0.371619
0.163063
0.163701
0.550556
0.000348391
0.166817
0.559754
0.705342
0.472968
0.0895953
0.361377
0.626873
0.874158
0.565752
0.514503
0.400799
0.640653
0.778247
0.159729
0.532985
0.26886
0.767587
0.875277
0.55992
0.2868
0.381829
0.458864
0.160676
0.617598
0.416303
0.807076
0.601499
0.64831
0.918319
0.715144
0.727474
0.256783
0.150635
0.00309068
0.584562
0.548324
0.372421
0.956311
0.622352
0.698289
0.466908
0.996467
0.471727
0.98886
0.941256
0.136866
0.322113
0.772755
0.00552656
0.938045
0.460636
0.467585
0.413626
0.013937
0.208761
0.583692
0.556512
0.390844
0.88048
0.572602
0.931579
0.595172
0.539548
0.319596
0.99404
0.881273
0.497321
0.501302
0.605475
0.774835
0.891122
0.762512
0.69067
0.927137
0.228608
0.443819
0.594103
0.746507
0.718705
0.655967
0.587803
0.935626
0.638778
0.223674
0.16934
0.390939
0.459011
0.845443
0.533283
0.0712791
0.353618
0.927962
0.414248
0.368954
0.850896
0.797602
0.350236
0.776399
0.0484702
0.590271
0.158238
0.937622
0.208507
0.408027
0.560679
0.412655
0.269013
0.765462
0.206457
0.614634
0.940916
0.410515
0.026688
0.504142
0.0227677
0.259257
0.167342
0.829966
0.425913
0.198088
0.808564
0.629179
0.234789
0.0169092
0.339589
0.369516
0.806962
0.529371
0.184075
0.642757
0.168354
0.210174
0.400287
0.00118582
0.587481
0.161813
0.513232
0.533156
0.772015
0.393435
0.108932
0.699341
0.476833
0.941257
0.152744
0.0187102
0.801621
0.104309
0.497311
0.0364294
0.497063
0.854327
0.0850659
0.35753
0.424587
0.00728319
0.635732
0.334794
0.282113
0.299936
0.217758
0.426684
0.102163
0.531947
0.549267
0.516216
0.537141
0.576107
0.554671
0.963563
0.762419
0.652704
0.362218
0.260702
0.959954
0.740395
0.15833
0.236559
0.521876
0.159539
0.855172
0.718891
0.599303
0.377162
0.527638
0.28762
0.86957
0.51285
0.121586
0.13659
0.773513
0.962443
0.660605
0.417794
0.239318
0.848618
0.285202
0.670409
0.843503
0.58411
0.0670263
0.505638
0.511587
0.147964
0.746528
0.925343
0.152405
0.357055
0.285782
0.554574
0.407304
0.918439
0.411253
0.332926
0.712154
0.331092
0.541571
0.226799
0.689349
0.102607
0.362238
0.0334652
0.941986
0.440345
0.181466
0.867053
0.581646
0.0524733
0.887101
0.0598561
0.908642
0.529905
0.4183
0.396027
0.919955
0.795499
0.797482
0.254279
0.713979
0.377783
0.624645
0.334987
0.516721
0.853556
0.538512
0.916497
0.8739
0.456833
0.425103
0.4387
0.258604
0.0130925
0.928465
0.741804
0.503201
0.0255682
0.758232
0.308118
0.0628623
0.15966
0.91898
0.389672
0.191012
0.745835
0.452967
0.916165
0.20129
0.861239
0.775554
0.0718158
0.228423
0.0276556
0.985414
0.687082
0.154482
0.69307
0.678186
0.972542
0.803323
0.0732017
0.979086
0.576901
0.474274
0.206821
0.842637
0.605123
0.331648
0.702471
0.627333
0.241718
0.598075
0.900635
0.731432
0.633925
0.204589
0.0961898
0.574813
0.314546
0.884988
0.481371
0.338269
0.393843
0.653757
0.261444
0.962646
0.790666
0.0999668
0.556804
0.41559
0.265915
0.460864
0.2014
0.697465
0.0235147
0.174172
0.636354
0.65262
0.73723
0.671358
0.0428257
0.99396
0.298974
0.806672
0.182315
0.472043
0.511822
0.928433
0.553547
0.519885
0.387259
0.192136
0.435722
0.2483
0.449321
0.925798
0.352989
0.994563
0.77886
0.880636
0.599186
0.10102
0.926551
0.285345
0.303746
0.438795
0.892162
0.578488
0.304135
0.0265932
0.860933
0.933217
0.578036
0.343952
0.241486
0.163513
0.651141
0.213949
0.377214
0.710316
0.57143
0.611097
0.370702
0.0902284
0.936001
0.837652
0.922892
0.344625
0.34595
0.300585
0.694323
0.758225
0.112524
0.787575
0.271455
0.518438
0.286036
0.136025
0.622478
0.468543
0.532493
0.444451
0.808033
0.660113
0.996284
0.425513
0.311849
0.182277
0.69276
0.298417
0.444221
0.397436
0.889614
0.362803
0.185131
0.921076
0.0070071
0.505024
0.859532
0.263781
0.488288
0.54999
0.131451
0.262006
0.337879
0.613926
0.816517
0.433128
0.018137
0.185615
0.677348
0.691206
0.149019
0.543139
0.0889938
0.495602
0.380948
0.69901
0.736284
0.358392
0.976853
0.200234
0.223831
0.797545
0.363573
0.166327
0.48042
0.47446
0.156886
0.318747
0.0475102
0.2627
0.656799
0.416408
0.268513
0.509492
0.271915
0.783519
0.151423
0.437707
0.617456
0.758568
0.454251
0.492931
0.438556
0.480846
0.425451
0.274327
0.363222
0.575651
0.685954
0.862014
0.335385
0.0851513
0.782343
0.538031
0.57014
0.633468
0.241708
0.576993
0.76072
0.528615
0.042624
0.263284
0.328664
0.605741
0.112402
0.341892
0.641675
0.156024
0.233387
0.872338
0.374699
0.231901
0.825834
0.86213
0.0529938
0.494378
0.70994
0.568781
0.848295
0.118998
0.800039
0.375984
0.989262
0.875753
0.860661
0.98238
0.0906423
0.42779
0.520431
0.585927
0.280949
0.267778
0.764976
0.824416
0.84435
0.113399
0.71821
0.790197
0.450427
0.111396
0.790669
0.958745
0.776218
0.100414
0.0674738
0.25271
0.00194343
0.604369
0.648785
0.552664
0.239042
0.193767
0.802581
0.170803
0.869638
0.567699
0.214776
0.8379
0.923618
0.287939
0.496639
0.428774
0.525971
0.978043
0.896547
0.959831
0.226923
0.123795
0.669564
0.831883
0.208482
0.672933
0.840736
0.960219
0.776138
0.123457
0.58054
0.335018
0.865521
0.840993
0.310004
0.81997
0.559592
0.690137
0.617388
0.905912
0.207019
0.0685816
0.915633
0.110126
0.77405
0.467631
0.262351
0.652652
0.422935
0.315627
0.109943
0.136967
0.144218
0.693253
0.629657
0.961512
0.603286
0.76891
0.39318
0.74208
0.96436
0.370718
0.00363151
0.0899138
0.113486
0.00863934
0.200889
0.924191
0.206047
0.498195
0.478515
0.995446
0.923288
0.39792
0.43062
0.115043
0.922888
0.616663
0.324669
0.556012
0.231717
0.160768
0.0723918
0.942451
0.628863
0.374745
0.774054
0.0679062
0.937617
0.898857
0.474902
0.0868228
0.726045
0.0620031
0.123907
0.156037
0.4488
0.104693
0.825056
0.873896
0.684346
0.792155
0.175015
0.560307
0.153443
0.672761
0.996087
0.0225376
0.321796
0.446436
0.662676
0.84483
0.279877
0.604934
0.317208
0.154854
0.810176
0.224643
0.0992087
0.808514
0.0212866
0.738113
0.44844
0.766103
0.842073
0.662401
0.581668
0.593549
0.324213
0.227376
0.350311
0.355441
0.100788
0.391538
0.124454
0.864533
0.00259567
0.172007
0.292637
0.485299
0.0572544
0.133251
0.509587
0.308311
0.685741
0.0896262
0.611491
0.799823
0.468318
0.81155
0.223113
0.722761
0.361152
0.527095
0.591995
0.279307
0.944247
0.420936
0.225312
0.215299
0.367486
0.744263
0.952284
0.526452
0.2154
0.341891
0.282693
0.00825848
0.395605
0.913345
0.18499
0.525353
0.342873
0.231444
0.729716
0.37275
0.935754
0.81205
0.00969335
0.855664
0.551671
0.0806953
0.719893
0.613642
0.936502
0.700535
0.061085
0.0075458
0.162924
0.655641
0.923971
0.374409
0.890649
0.968095
0.233912
0.65629
0.605547
0.771982
0.435429
0.125546
0.0199142
0.198784
0.29446
0.710922
0.521397
0.494884
0.915369
0.620523
0.640142
0.585846
0.964174
0.602898
0.775615
0.304425
0.845957
0.0224001
0.857847
0.862087
0.482744
0.70253
0.776214
0.0673959
0.180281
0.488305
0.85645
0.969131
0.925581
0.789993
0.39079
0.173526
0.312452
0.136745
0.532539
0.352996
0.972176
0.805488
0.637203
0.0117868
0.406192
0.749471
0.484319
0.748181
0.771904
0.682616
0.14114
0.730541
0.553003
0.518368
0.77827
0.243895
0.602097
0.152839
0.56619
0.554387
0.147322
0.605333
0.725089
0.949791
0.816191
0.428862
0.395793
0.340347
0.570389
0.122703
0.824061
0.978683
0.715332
0.711675
0.23511
0.704456
0.0542271
0.646666
0.171706
0.366533
0.650778
0.736564
0.0363551
0.943586
0.163691
0.0226065
0.609955
0.500368
0.328344
0.880975
0.971756
0.0814651
0.0180764
0.923523
0.268433
0.333548
0.629167
0.75845
0.610745
0.809113
0.988237
0.126086
0.218254
0.621121
0.273015
0.411309
0.592566
0.182873
0.874356
0.982
0.96751
0.00743948
0.886443
0.798887
0.742572
0.558285
0.523911
0.352682
0.3692
0.399828
0.830143
0.808521
0.628699
0.990693
0.183755
0.574007
0.726689
0.0648099
0.898166
0.324314
0.560063
0.923438
0.378357
0.964236
0.237182
0.435714
0.299893
0.961085
0.335117
0.480013
0.458463
0.723413
0.844492
0.487313
0.230867
0.473721
0.523897
0.114004
0.216975
0.671914
0.86025
0.0740475
0.480141
0.763539
0.453577
0.493335
0.722558
0.664633
0.246969
0.885893
0.837957
0.964929
0.177676
0.0653211
0.57378
0.435124
0.0657482
0.657237
0.707145
0.609996
0.599445
0.715867
0.321994
0.3222
0.225558
0.919298
0.844867
0.490467
0.260202
0.726148
0.820692
0.988809
0.599433
0.760615
0.153945
0.68934
0.835271
0.766456
0.0319607
0.228589
0.390442
0.797894
0.194395
0.516754
0.370899
0.400219
0.314453
0.600235
0.945262
0.416558
0.330838
0.754941
0.551899
0.282035
0.585572
0.883772
0.336966
0.276677
0.0688437
0.681139
0.106761
0.840419
0.572121
0.683129
0.50488
0.0614117
0.848241
0.528479
0.285393
0.712889
0.0859329
0.251268
0.157414
0.909042
0.000266364
0.7052
0.381863
0.432189
0.0407159
0.687044
0.805383
0.506052
0.184082
0.851319
0.872269
0.668065
0.0908698
0.320971
0.72316
0.642001
0.352759
0.499319
0.735288
0.520275
0.80903
0.60067
0.0191599
0.249315
0.0880262
0.25365
0.759985
0.439866
0.547801
0.804988
0.538316
0.978484
0.206163
0.923924
0.104144
0.132514
0.623214
0.48666
0.964128
0.735564
0.231277
0.649563
0.161634
0.0284931
0.867626
0.161669
0.789055
0.0848385
0.240397
0.179058
0.862428
0.387758
0.576468
0.682297
0.33514
0.920074
0.736269
0.363327
0.16811
0.52369
0.209967
0.447331
0.663782
0.967781
0.012283
0.836089
0.67705
0.796637
0.476157
0.790601
0.652065
0.546659
0.51606
0.116313
0.503557
0.302436
0.446517
0.92024
0.946519
0.59325
0.339292
0.799885
0.508248
0.237806
0.755056
0.945855
0.793741
0.738168
0.877692
0.592302
0.531981
0.177925
0.488386
0.346833
0.67043
0.575841
0.613356
0.250691
0.624883
0.503147
0.585005
0.771073
0.64056
0.67261
0.0169522
0.897427
0.874834
0.30878
0.436404
0.916267
0.591998
0.301039
0.939563
0.906155
0.54608
0.450955
0.948566
0.126393
0.565051
0.179678
0.0938244
0.11281
0.924699
0.0863578
0.627746
0.436031
0.0442992
0.972249
0.646278
0.602462
0.717025
0.959506
0.864117
0.357154
0.351585
0.567891
0.850889
0.169229
0.635529
0.394732
0.422583
0.827088
0.925055
0.713412
0.622915
0.594039
0.637612
0.185588
0.978597
0.454915
0.430191
0.699744
0.0313481
0.349008
0.302192
0.214004
0.920024
0.538218
0.889473
0.177235
0.406757
0.779435
0.0463016
0.975347
0.903881
0.641464
0.579779
0.767448
0.158781
0.271282
0.0669233
0.0851517
0.742376
0.111291
0.513152
0.209839
0.345849
0.329679
0.160942
0.19618
0.376095
0.0981003
0.587533
0.204028
0.93686
0.84613
0.176093
0.669688
0.947133
0.0834491
0.585295
0.152654
0.998536
0.982009
0.859087
0.448194
0.475381
0.435612
0.91459
0.0422355
0.112094
0.201952
0.896904
0.0988723
0.170339
0.342146
0.45963
0.695129
0.387994
0.868255
0.350993
0.73215
0.00975978
0.464067
0.931908
0.749793
0.786628
0.582136
0.992996
0.860606
0.0357975
0.290154
0.0451779
0.63102
0.658672
0.541493
0.022172
0.25937
0.21362
0.307202
0.501485
0.703863
0.813583
0.779156
0.174611
0.672412
0.901436
0.488797
0.999729
0.638703
0.805065
0.126413
0.939154
0.383731
0.652589
0.209918
0.121154
0.249735
0.134545
0.151461
0.483059
0.466534
0.736505
0.587238
0.331314
0.427686
0.0417414
0.28464
0.3019
0.0683152
0.473512
0.298497
0.472106
0.170769
0.779767
0.997971
0.626437
0.119623
0.32833
0.832863
0.961944
0.141555
0.316116
0.115435
0.519275
0.395573
0.656926
0.653457
0.60961
0.313585
0.39544
0.273775
0.102611
0.0732528
0.671571
0.682986
0.904397
0.223945
0.355648
0.169783
0.879066
0.315505
0.434453
0.595266
0.141448
0.858304
0.694619
0.399892
0.81302
0.81117
0.537031
0.0799105
0.923455
0.720537
0.174131
0.0140908
0.112507
0.703248
0.91272
0.172847
0.440147
0.292661
0.122508
0.14278
0.492211
0.00797405
0.477334
0.441757
0.832785
0.549932
0.63448
0.837814
0.245333
0.275836
0.817563
0.169287
0.969881
0.262946
0.104263
0.457365
0.282887
0.416136
0.0150875
0.495416
0.914872
0.00246725
0.847961
0.76292
0.616328
0.00644856
0.030754
0.25097
0.858209
0.431797
0.771539
0.366566
0.708342
0.233405
0.281114
0.758667
0.101204
0.396465
0.275973
0.668143
0.493878
0.151076
0.225829
0.418911
0.786465
0.490005
0.876392
0.250026
0.219729
0.530641
0.0720775
0.416661
0.814347
0.932533
0.953415
0.530595
0.00444209
0.347496
0.174261
0.502621
0.658473
0.00655047
0.63117
0.284819
0.0446343
0.254434
0.51684
0.466134
0.814645
0.400338
0.294131
0.675855
0.0708485
0.84746
0.325349
0.015623
0.380351
0.716397
0.597702
0.154704
0.851875
0.772699
0.56571
0.850294
0.819283
0.778048
0.225337
0.645416
0.0611336
0.900448
0.291209
0.521505
0.596132
0.168743
0.824175
0.376559
0.363095
0.481122
0.0428
0.448081
0.251161
0.267745
0.439267
0.726677
0.407249
0.220761
0.36831
0.977204
0.845315
0.316793
0.90402
0.979056
0.558807
0.0213679
0.63527
0.824556
0.955284
0.0218804
0.64631
0.461196
0.616981
0.084399
0.226482
0.321403
0.767571
0.339469
0.477516
0.875464
0.633349
0.0650878
0.581906
0.454047
0.99085
0.137558
0.68733
0.828049
0.378297
0.611604
0.0113413
0.296333
0.756188
0.672192
0.991103
0.495382
0.991831
0.184772
0.813393
0.219837
0.742571
0.00648044
0.249935
0.427117
0.812553
0.83813
0.137523
0.308427
0.974426
0.690935
0.791982
0.577749
0.79185
0.629789
0.918601
0.672312
0.872068
0.922749
0.188559
0.898727
0.675003
0.686985
0.654445
0.565343
0.873196
0.6752
0.610143
0.839767
0.941029
0.159391
0.0387924
0.497224
0.626998
0.994226
0.317356
0.473449
0.831864
0.408868
0.480339
0.409705
0.885873
0.89594
0.213645
0.521776
0.702104
0.824623
0.152455
0.505111
0.525016
0.437626
0.608731
0.536344
0.0486379
0.577045
0.0708148
0.552522
0.547514
0.882025
0.0445355
0.524148
0.105701
0.959582
0.849186
0.674401
0.338214
0.0667555
0.487363
0.226101
0.94176
0.663203
0.385462
0.225476
0.410707
0.901699
0.477594
0.225521
0.256013
0.666613
0.842212
0.785752
0.538594
0.905574
0.287864
0.611862
0.401268
0.545154
0.470671
0.0504911
0.468096
0.258745
0.968327
0.747839
0.0664666
0.430276
0.710019
0.569864
0.164013
0.774703
0.0577146
0.00527479
0.88985
0.0793053
0.351746
0.782334
0.0770264
0.482405
0.367233
0.764223
0.839577
0.535973
0.0472136
0.253993
0.133304
0.637164
0.564995
0.392511
0.275402
0.488546
0.578759
0.402272
0.38157
0.0975816
0.547025
0.314689
0.121513
0.970376
0.828117
0.80689
0.0459215
0.474039
0.659292
0.662697
0.827065
0.599843
0.551424
0.378402
0.0746832
0.0619922
0.745853
0.776988
0.209549
0.0387945
0.635348
0.582978
0.949782
0.822372
0.632876
0.983726
0.449508
0.948622
0.478002
0.461537
0.0502919
0.0788477
0.757594
0.647376
0.586394
0.956965
0.190692
0.0116587
0.73394
0.645959
0.168907
0.0748103
0.464664
0.013957
0.79325
0.639464
0.232744
0.339935
0.269744
0.258497
0.461346
0.203505
0.997041
0.342721
0.874908
0.951409
0.129974
0.424484
0.217302
0.317814
0.00625946
0.592139
0.506492
0.60455
0.878679
0.639123
0.917342
0.293889
0.667569
0.615302
0.394171
0.163641
0.536091
0.924696
0.76191
0.784328
0.773071
0.332494
0.0689054
0.913643
0.0498899
0.254896
0.30366
0.0549756
0.829803
0.43807
0.0200305
0.250016
0.54245
0.915108
0.0231044
0.848881
0.919826
0.654133
0.965099
0.949702
0.755459
0.0613441
0.634854
0.44365
0.547908
0.284076
0.45335
0.51305
0.219386
0.796924
0.174701
0.68575
0.839844
0.902269
0.0835788
0.639969
0.465052
0.280839
0.0718352
0.358129
0.969329
0.447594
0.649885
0.348724
0.528403
0.449803
0.680678
0.991496
0.965496
0.308634
0.196256
0.850245
0.547605
0.878359
0.985095
0.0348292
0.378858
