0.175846
0.544052
0.0899546
0.225348
0.27477
0.458215
0.124805
0.200173
0.239924
0.564085
0.837372
0.277116
0.811463
0.778911
0.520097
0.398102
0.976222
0.054628
0.264188
0.856453
0.565659
0.770289
0.0263188
0.93921
0.341815
0.306995
0.308286
0.80404
0.261177
0.471612
0.77156
0.944813
0.271582
0.225463
0.693843
0.621085
0.216893
0.652415
0.650384
0.242525
0.571802
0.428987
0.281588
0.181463
0.536701
0.971414
0.988362
0.29524
0.660567
0.575667
0.726882
0.3943
0.580409
0.477499
0.626696
0.0216383
0.225343
0.605734
0.666136
0.265704
0.765243
0.0868966
0.71321
0.155658
0.758324
0.708149
0.1252
0.882689
0.178007
0.821974
0.742746
0.330722
0.598468
0.61075
0.821899
0.139301
0.68852
0.321501
0.02024
0.695178
0.444522
0.796582
0.958941
0.373221
0.302872
0.106695
0.637863
0.903932
0.272489
0.755992
0.296357
0.446748
0.732774
0.380493
0.496035
0.61902
0.916386
0.0580591
0.499507
0.596988
0.817365
0.985749
0.44891
0.771477
0.956221
0.836157
0.394715
0.206718
0.207858
0.226694
0.357853
0.230665
0.968928
0.816819
0.231034
0.899727
0.86165
0.417791
0.854129
0.198207
0.907594
0.380881
0.725264
0.255988
0.10363
0.572594
0.248628
0.604658
0.433322
0.203448
0.866237
0.190396
0.363091
0.141444
0.842339
0.655493
0.114087
0.890567
0.601338
0.177812
0.593143
0.593299
0.176843
0.989634
0.619632
0.817269
0.0362931
0.442849
0.931463
0.680749
0.15702
0.649385
0.270571
0.840221
0.166176
0.630377
0.246571
0.0756961
0.121894
0.64418
0.73336
0.54806
0.10118
0.946421
0.346401
0.822449
0.624631
0.183398
0.0370752
0.557055
0.130692
0.405297
0.972881
0.237774
0.175234
0.525067
0.911937
0.0700019
0.53831
0.0809013
0.0588078
0.319646
0.162329
0.228715
0.179809
0.874625
0.977568
0.0367268
0.795989
0.840104
0.465839
0.793985
0.906443
0.235448
0.725373
0.95776
0.32906
0.189211
0.16355
0.376835
0.756525
0.897457
0.0385746
0.83214
0.569137
0.4731
0.677078
0.156022
0.258304
0.600976
0.551551
0.382299
0.531041
0.53712
0.0360172
0.829166
0.242026
0.288534
0.939417
0.453034
0.538118
0.635817
0.385961
0.555099
0.372851
0.1105
0.535749
0.04537
0.675747
0.494992
0.357847
0.0729688
0.524136
0.377842
0.773131
0.685669
0.397263
0.472843
0.330281
0.256871
0.973862
0.236226
0.960328
0.557382
0.666559
0.379531
0.289609
0.276921
0.446245
0.427708
0.596238
0.726246
0.143355
0.969137
0.037585
0.891107
0.180924
0.81092
0.61328
0.275229
0.308722
0.543119
0.886409
0.308629
0.490345
0.972357
0.757002
0.197998
0.991789
0.60341
0.205535
0.389721
0.87759
0.871393
0.809406
0.771218
0.195939
0.870464
0.547586
0.690522
0.254435
0.671378
0.899318
0.508434
0.989414
0.427602
0.242962
0.846737
0.406792
0.499192
0.668401
0.640817
0.809483
0.621802
0.957775
0.493431
0.984362
0.154482
0.760257
0.0984154
0.404669
0.788743
0.453068
0.0187176
0.85193
0.15212
0.272538
0.00624976
0.986437
0.627262
0.907455
0.0988603
0.427392
0.88891
0.801425
0.00552387
0.162207
0.0472588
0.89455
0.0421109
0.314931
0.549494
0.799775
0.502912
0.629177
0.873051
0.0708601
0.505033
0.0782765
0.748166
0.281267
0.0127791
0.550192
0.797813
0.823315
0.417021
0.485374
0.978153
0.770167
0.348783
0.785892
0.57307
0.840772
0.142139
0.696563
0.0697352
0.868032
0.807406
0.928108
0.508284
0.121781
0.936895
0.61498
0.930843
0.5969
0.695447
0.446745
0.777857
0.955719
0.618692
0.852711
0.750544
0.673879
0.696208
0.207153
0.0308713
0.677917
0.859046
0.796783
0.420669
0.50694
0.978871
0.469946
0.209864
0.762096
0.200796
0.898491
0.878465
0.254372
0.00948033
0.12378
0.342928
0.0645063
0.545306
0.948575
0.97212
0.362956
0.224439
0.57097
0.5468
0.519127
0.353214
0.238408
0.522027
0.893809
0.0502452
0.295033
0.831192
0.131821
0.872413
0.3232
0.508551
0.589073
0.752638
0.0838284
0.793288
0.815923
0.515616
0.988101
0.0683584
0.876586
0.496052
0.341227
0.963902
0.170371
0.0686377
0.868423
0.170806
0.665488
0.633429
0.156813
0.0789932
0.152104
0.92323
0.264138
0.773726
0.724094
0.365903
0.456215
0.0369424
0.474562
0.572505
0.356646
0.915404
0.697851
0.225955
0.34148
0.680345
0.130659
0.4299
0.0986418
0.725458
0.747529
0.455771
0.345843
0.772078
0.478102
0.0241404
0.741551
0.314581
0.346171
0.0513971
0.552794
0.835704
0.590854
0.133759
0.400873
0.703639
0.134205
0.196019
0.289799
0.547628
0.915993
0.840484
0.414078
0.621149
0.0339434
0.730491
0.362968
0.444599
0.834124
0.0645707
0.771934
0.328165
0.801177
0.00698201
0.657788
0.827338
0.510707
0.206775
0.0658713
0.108386
0.728612
0.337749
0.454106
0.105124
0.50038
0.232192
0.139346
0.601135
0.157373
0.595871
0.954092
0.758666
0.949861
0.35395
0.532929
0.511058
0.190304
0.777122
0.766367
0.913342
0.278583
0.165592
0.414358
0.345095
0.983908
0.45127
0.784266
0.150007
0.843065
0.038747
0.505452
0.603805
0.221591
0.557376
0.235345
0.403062
0.703893
0.738977
0.0220713
0.497836
0.318034
0.202588
0.896189
0.162662
0.348944
0.239483
0.351336
0.587004
0.125232
0.885691
0.755726
0.244391
0.764334
0.0172134
0.59861
0.0939017
0.331977
0.354983
0.0881652
0.350837
0.796309
0.402675
0.347887
0.801745
0.174615
0.912506
0.660284
0.780422
0.987554
0.212526
0.45676
0.836096
0.0374944
0.0611408
0.90079
0.88248
0.244836
0.933114
0.215272
0.664884
0.901151
0.487986
0.896232
0.417179
0.353805
0.864585
0.407689
0.652688
0.848089
0.0819598
0.72343
0.379631
0.221284
0.0735911
0.28569
0.867618
0.806606
0.320832
0.338174
0.848415
0.803183
0.604469
0.732271
0.756601
0.911926
0.876079
0.0941257
0.492401
0.927387
0.118005
0.05326
0.872402
0.709787
0.143964
0.573926
0.230754
0.334695
0.535264
0.933708
0.105794
0.57758
0.768982
0.781058
0.377703
0.649268
0.671865
0.228839
0.487253
0.863703
0.6493
0.677678
0.421046
0.797185
0.808209
0.418899
0.125697
0.131705
0.881931
0.240554
0.493892
0.659604
0.110178
0.766195
0.72319
0.328926
0.444307
0.847028
0.333175
0.3462
0.375616
0.293898
0.745484
0.951632
0.905906
0.650222
0.463415
0.188849
0.810363
0.338044
0.0786137
0.753701
0.874312
0.145173
0.597505
0.0194944
0.279148
0.194227
0.644003
0.72211
0.0278236
0.635925
0.764732
0.153001
0.50938
0.797409
0.537802
0.360745
0.290826
0.752838
0.599178
0.563348
0.852014
0.983751
0.528748
0.893608
0.273709
0.492729
0.781281
0.0467658
0.796686
0.779467
0.295365
0.976678
0.620116
0.487511
0.78105
0.398686
0.141134
0.952956
0.371326
0.108976
0.267005
0.230846
0.206666
0.89738
0.236152
0.00683591
0.226804
0.833784
0.139849
0.184276
0.670067
0.48361
0.930756
0.535672
0.553116
0.764523
0.380396
0.0221385
0.0521372
0.281316
0.270201
0.446798
0.525135
0.901527
0.581917
0.6447
0.803966
0.661493
0.513745
0.350662
0.522219
0.13507
0.717141
0.0251399
0.0468507
0.984028
0.537436
0.320113
0.886161
0.909657
0.017339
0.252144
0.728509
0.86479
0.37048
0.890371
0.616578
0.37088
0.290585
0.294619
0.471418
0.119355
0.235287
0.542751
0.343436
0.0531777
0.865148
0.259248
0.8046
0.0475693
0.579365
0.249593
0.933414
0.477172
0.51484
0.340954
0.0833842
0.382689
0.842748
0.898621
0.125573
0.469619
0.0860309
0.41653
0.0344592
0.402394
0.166146
0.911167
0.699735
0.397725
0.970183
0.581352
0.728824
0.385935
0.867314
0.106931
0.402049
0.273983
0.0304466
0.835847
0.933753
0.306738
0.101247
0.969174
0.00376612
0.0276836
0.303783
0.64602
0.333243
0.85001
0.68497
0.249382
0.450523
0.997062
0.815388
0.484225
0.615394
0.359747
0.0986088
0.876312
0.390387
0.191791
0.414188
0.0270855
0.614912
0.532232
0.811665
0.889841
0.948101
0.41077
0.807271
0.16255
0.157858
0.562171
0.916413
0.513259
0.152702
0.170265
0.093278
0.33082
0.397843
0.677132
0.297503
0.491492
0.796206
0.253822
0.616334
0.319169
0.636446
0.439
0.163388
0.779258
0.219991
0.581315
0.599755
0.676982
0.0932888
0.321413
0.17698
0.247619
0.031952
0.0232504
0.277427
0.937448
0.655322
0.325666
0.993321
0.614347
0.947654
0.154518
0.051231
0.218728
0.853428
0.741597
0.790513
0.414273
0.525965
0.0251317
0.292997
0.895661
0.183138
0.269797
0.690959
0.79366
0.481972
0.267409
0.204589
0.885156
0.409826
0.455198
0.088079
0.237007
0.491195
0.214457
0.421393
0.715731
0.0396742
0.971186
0.526187
0.78716
0.168107
0.814068
0.969
0.216957
0.733859
0.622928
0.582887
0.882907
0.967412
0.545786
0.151812
0.633156
0.738327
0.232369
0.551072
0.179936
0.0454684
0.892891
0.193711
0.579511
0.485509
0.0114742
0.683015
0.0234121
0.177514
0.115031
0.847791
0.415859
0.173085
0.0445444
0.879738
0.135493
0.332644
0.870439
0.36318
0.295897
0.639221
0.441205
0.56671
0.275666
0.548644
0.939818
0.714756
0.983935
0.864634
0.489422
0.331164
0.0569024
0.421445
0.0361979
0.108375
0.386729
0.0994819
0.190636
0.589941
0.376316
0.286641
0.977344
0.343216
0.792145
0.394509
0.634112
0.471723
0.916643
0.388308
0.751962
0.344976
0.594321
0.0811798
0.7834
0.58008
0.950698
0.829476
0.829163
0.238572
0.026272
0.241643
0.581994
0.207533
0.575046
0.320792
0.186475
0.397147
0.53167
0.790032
0.601053
0.000243771
0.783081
0.28419
0.0298197
0.56301
0.0118879
0.448905
0.41568
0.0148315
0.970154
0.8919
0.450586
0.870391
0.851873
0.892042
0.518347
0.129621
0.87006
0.285185
0.699318
0.876311
0.781621
0.593979
0.209678
0.556687
0.846081
0.308187
0.00938292
0.741952
0.744061
0.756853
0.554149
0.399405
0.739266
0.633355
0.173663
0.73991
0.000404373
0.537466
0.489491
0.21655
0.899626
0.138055
0.854128
0.44981
0.497734
0.0446145
0.810715
0.0436301
0.220327
0.222614
0.183329
0.955678
0.963333
0.114702
0.39577
0.0228102
0.90017
0.67736
0.520613
0.771328
0.171102
0.0801606
0.611421
0.37154
0.732656
0.387605
0.188447
0.766217
0.994865
0.225707
0.315424
0.395768
0.471897
0.85341
0.327571
0.1934
0.508367
0.22674
0.614097
0.291158
0.0574951
0.376799
0.605725
0.204584
0.0766673
0.186942
0.0407998
0.116741
0.375685
0.278566
0.534619
0.926178
0.915335
0.929163
0.481172
0.44719
0.893475
0.552353
0.652381
0.218132
0.495893
0.475903
0.922984
0.604747
0.38317
0.0569244
0.58645
0.569161
0.761582
0.352125
0.61958
0.621551
0.35232
0.378038
0.746865
0.162249
0.433066
0.625559
0.968444
0.798445
0.744456
0.86115
0.678919
0.0532372
0.675827
0.787953
0.413167
0.888704
0.605993
0.195529
0.31683
0.0367241
0.948091
0.534094
0.506278
0.386607
0.133731
0.865559
0.975656
0.17902
0.792579
0.60784
0.985961
0.997412
0.771572
0.820166
0.00971684
0.996161
0.908124
0.279425
0.954777
0.600472
0.584887
0.768463
0.567399
0.61436
0.531187
0.547303
0.371636
0.40837
0.850312
0.0253452
0.362116
0.995836
0.237937
0.0981172
0.362559
0.166583
0.874202
0.567931
0.851407
0.598566
0.0878499
0.624435
0.214444
0.885376
0.874389
0.723578
0.925791
0.612271
0.700621
0.910422
0.138265
0.430348
0.529185
0.459729
0.151281
0.343511
0.501978
0.328096
0.75918
0.840368
0.974574
0.187764
0.00564412
0.974338
0.743494
0.635841
0.717087
0.86975
0.03437
0.167509
0.373643
0.875374
0.678215
0.20625
0.728716
0.824104
0.887326
0.363207
0.276635
0.140608
0.551945
0.264487
0.074563
0.790033
0.55558
0.0193863
0.425268
0.12549
0.453205
0.245631
0.244847
0.798886
0.682697
0.453062
0.0247968
0.406477
0.550613
0.0517114
0.124997
0.573231
0.286664
0.566232
0.151538
0.424317
0.621953
0.165315
0.765797
0.0462914
0.658373
0.942808
0.348093
0.555662
0.946289
0.226006
0.547554
0.500741
0.158702
0.684799
0.577392
0.303127
0.534654
0.524839
0.874929
0.459681
0.732787
0.807618
0.0724315
0.664683
0.346417
0.556552
0.851165
0.87941
0.673692
0.959303
0.823472
0.0393566
0.570049
0.868414
0.142912
0.90353
0.602478
0.92649
0.222962
0.843269
0.877928
0.781034
0.275017
0.243607
0.0967902
0.640771
0.308054
0.407998
0.240108
0.149256
0.282406
0.00473545
0.460355
0.692241
0.980518
0.350664
0.000846613
0.0237145
0.489795
0.633142
0.608845
0.875637
0.751586
0.111189
0.659768
0.0624418
0.544772
0.475386
0.387664
0.139364
0.374213
0.150341
0.276362
0.642107
0.745781
0.347879
0.769349
0.147888
0.708769
0.583884
0.950618
0.139594
0.050072
0.867163
0.620868
0.911778
0.208769
0.414611
0.330542
0.51584
0.832892
0.998106
0.26972
0.376644
0.968995
0.487214
0.475907
0.598613
0.657451
0.581468
0.936209
0.10864
0.513715
0.358483
0.500714
0.0789328
0.087439
0.434682
0.514664
0.236796
0.712337
0.861477
0.0944806
0.333724
0.927174
0.657801
0.378667
0.941771
0.744225
0.204336
0.168584
0.86863
0.729437
0.318658
0.158949
0.907234
0.452379
0.252808
0.464517
0.786775
0.517148
0.448888
0.915892
0.585581
0.722521
0.275735
0.617211
0.703645
0.261085
0.313686
0.42705
0.38214
0.274762
0.594949
0.708959
0.316199
0.607051
0.425405
0.698559
0.939581
0.242827
0.352062
0.371395
0.802603
0.618716
0.225436
0.750653
0.749466
0.510555
0.580946
0.334834
0.163412
0.439262
0.959873
0.903379
0.0463465
0.463053
0.586619
0.912051
0.77721
0.173763
0.17857
0.960264
0.703942
0.799031
0.155554
0.364447
0.472975
0.56203
0.916553
0.856689
0.526547
0.203212
0.317245
0.508757
0.82536
0.484317
0.652186
0.610475
0.00978347
0.588586
0.798519
0.641837
0.564538
0.699168
0.630031
0.883298
0.282856
0.750853
0.847573
0.13753
0.522917
0.717688
0.850877
0.976622
0.462189
0.542359
0.0243066
0.817311
0.151028
0.414202
0.599325
0.935025
0.870566
0.380824
0.610117
0.712218
0.886481
0.61872
0.444605
0.497313
0.52373
0.974967
0.981967
0.649696
0.295219
0.502922
0.596411
0.556767
0.741768
0.541758
0.409101
0.335163
0.206547
0.388068
0.514024
0.203435
0.682029
0.0943176
0.706493
0.930952
0.946163
0.609626
0.934274
0.416122
0.259454
0.0471801
0.179116
0.535446
0.889083
0.920781
0.58329
0.385736
0.25528
0.545274
0.655093
0.033378
0.534665
0.568193
0.486422
0.826297
0.768989
0.654902
0.965621
0.326833
0.712418
0.60131
0.896919
0.636899
0.8609
0.143774
0.0132412
0.256007
0.500885
0.662109
0.57955
0.105077
0.660751
0.152739
0.018106
0.308035
0.649387
0.237284
0.278228
0.206702
0.622669
0.197389
0.247628
0.648827
0.515476
0.350436
0.579608
0.934688
0.495673
0.211325
0.373352
0.552243
0.0269371
0.214789
0.622773
0.989921
0.340143
0.733344
0.634851
0.190098
0.708788
0.830019
0.915919
0.870531
0.403407
0.187093
0.0347626
0.234771
0.5526
0.97268
0.921357
0.0138934
0.427161
0.84239
0.755509
0.36283
0.880432
0.611439
0.192983
0.957009
0.797601
0.0494309
0.316619
0.943579
0.789881
0.562375
0.289644
0.483569
0.0625035
0.0853853
0.427597
0.672029
0.974962
0.173082
0.210861
0.473557
0.166257
0.575405
0.385846
0.820602
0.687716
0.882372
0.064424
0.858932
0.559512
0.716742
0.537327
0.383592
0.604573
0.00520819
0.300488
0.052748
0.225814
0.778962
0.5985
0.28475
0.738283
0.821004
0.607746
0.364321
0.772838
0.32925
0.532032
0.555757
0.0988722
0.61823
0.0434198
0.0430729
0.686209
0.386854
0.940421
0.273348
0.995819
0.267714
0.476512
0.851958
0.464075
0.988934
0.608282
0.135758
0.726274
0.75958
0.658778
0.314085
0.590249
0.812074
0.743993
0.707355
0.748587
0.772603
0.794463
0.279791
0.320107
0.93393
0.177735
0.28898
0.505784
0.737116
0.655561
0.641338
0.533599
0.236792
0.910493
0.248533
0.957918
0.0745945
0.355106
0.535985
0.981394
0.547199
0.76623
0.561771
0.282609
0.305116
0.428824
0.43467
0.772151
0.572239
0.584761
0.947239
0.860767
0.135117
0.816062
0.272476
0.519526
0.312181
0.679991
0.947144
0.775013
0.556322
0.189956
0.829986
0.500661
0.96444
0.132659
0.669429
0.0791118
0.132541
0.300125
0.0200962
0.113979
0.899725
0.655296
0.638605
0.739039
0.39306
0.850025
0.472342
0.0788503
0.954933
0.173781
0.654906
0.807514
0.741844
0.166161
0.550253
0.719893
0.466039
0.0852297
0.485519
0.325679
0.967227
0.60198
0.557933
0.817572
0.456624
0.949139
0.832796
0.725864
0.781526
0.749652
0.387974
0.738135
0.371457
0.427225
0.857765
0.689783
0.904433
0.798297
0.96553
0.35686
0.992075
0.463656
0.809941
0.155249
0.850224
0.66429
0.094591
0.304416
0.449635
0.534642
0.183208
1.08542e-05
0.380913
0.467863
0.666775
0.0815304
0.537459
0.448457
0.277551
0.291292
0.743055
0.506109
0.93272
0.426388
0.0107201
0.942724
0.0911685
0.157431
0.288491
0.5818
0.875673
0.811835
0.169292
0.479474
0.282302
0.0712813
0.680319
0.450018
0.105405
0.961978
0.609185
0.217583
0.235922
0.930851
0.17493
0.491992
0.405048
0.729706
0.798991
0.664641
0.288058
0.519672
0.624713
0.853841
0.486234
0.597733
0.321412
0.139281
0.560437
0.382506
0.711909
0.153773
0.061806
0.778626
0.588699
0.521661
0.833906
0.159336
0.361503
0.844229
0.671661
0.7027
0.493381
0.0400535
0.490195
0.477004
0.407394
0.231453
0.472685
0.00933705
0.494347
0.868291
0.358278
0.886051
0.821642
0.894887
0.698147
0.183186
0.217106
0.419002
0.700378
0.359558
0.738509
0.850542
0.589093
0.408858
0.315064
0.199407
0.834974
0.214133
0.107186
0.868751
0.586631
0.038561
0.0062173
0.667407
0.474548
0.387564
0.733654
0.453793
0.0886332
0.786765
0.211269
0.232091
0.702526
0.578817
0.546616
0.577403
0.662189
0.597729
0.593861
0.298501
0.397714
0.851895
0.70966
0.532234
0.547271
0.355213
0.736199
0.511405
0.306299
0.849669
0.965997
0.0193738
0.588143
0.0189119
0.568531
0.746513
0.893192
0.122016
0.239811
0.0907142
0.213094
0.398162
0.207472
0.635522
0.210341
0.810418
0.71001
0.773728
0.200261
0.776354
0.734554
0.318503
0.641785
0.537053
0.857583
0.314351
0.609717
0.238689
0.861175
0.607476
0.736087
0.666999
0.231411
0.2169
0.368774
0.0634583
0.394555
0.176541
0.841301
0.970184
0.378681
0.526781
0.457889
0.984342
0.942895
0.234343
0.545379
0.00506772
0.315669
0.916301
0.321209
0.102436
0.94176
0.915184
0.434029
0.253729
0.346537
0.39812
0.489905
0.89273
0.726058
0.899724
0.157079
0.579615
0.628775
0.772182
0.293503
0.957304
0.510568
0.227637
0.428777
0.583717
0.0864747
0.798641
0.972044
0.872645
0.197118
0.0491202
0.666723
0.47175
0.718047
0.0529144
0.739764
0.0145495
0.600181
0.269595
0.620161
0.0793407
0.692432
0.838539
0.725537
0.968191
0.560201
0.351411
0.249018
0.351923
0.350923
0.100001
0.17069
0.901571
0.536925
0.778232
0.150724
0.833595
0.0954889
0.194369
0.585101
0.151003
0.139887
0.176621
0.810572
0.533691
0.173875
0.692617
0.165572
0.788791
0.911334
0.19073
0.300013
0.508411
0.0837031
0.779312
0.500587
0.803399
0.430914
0.585778
0.427719
0.911363
0.991681
0.159524
0.923721
0.65808
0.172412
0.907334
0.758407
0.0580423
0.942488
0.444826
0.936038
0.708009
0.047258
0.823977
0.172138
0.756214
0.422458
0.45505
0.534223
0.72326
0.69886
0.861472
0.435564
0.657213
0.0798398
0.897449
0.71566
0.896092
0.53421
0.866647
0.0769526
0.0939409
0.0745793
0.712699
0.882078
0.0686886
0.934345
0.565072
0.850108
0.923661
0.139193
0.552783
0.288912
0.779506
0.147711
0.372039
0.0904996
0.246977
0.583712
0.298038
0.554017
0.689354
0.354774
0.464327
0.353991
0.188332
0.221092
0.81134
0.951973
0.867157
0.58548
0.912043
0.0105371
0.271951
0.323657
0.464446
0.746227
0.960622
0.213645
0.199094
0.342949
0.445836
0.504667
0.430815
0.776768
0.886759
0.704178
0.389171
0.418098
0.351894
0.612964
0.675668
0.342063
0.0391038
0.913693
0.222267
0.278046
0.532204
0.618258
0.877453
0.191454
0.688929
0.143927
0.992715
0.219527
0.405284
0.819113
0.857415
0.0953647
0.274665
0.552178
0.252166
0.639581
0.576678
0.380465
0.50949
0.901355
0.686549
0.755959
0.746856
0.48165
0.481435
0.890444
0.7859
0.868263
0.902523
0.573433
0.920037
0.852891
0.894847
0.703513
0.435063
0.578273
0.769813
0.590554
0.516277
0.484384
0.894309
0.0770103
0.365252
0.871196
0.828729
0.992233
0.566702
0.534257
0.567558
0.233537
0.866397
0.84744
0.0462064
0.736246
0.824151
0.496311
0.792817
0.78971
0.257723
0.10205
0.433771
0.0206369
0.619862
0.120007
0.602372
0.0761146
0.569358
0.545264
0.669601
0.42072
0.887086
0.952551
0.144965
0.46938
0.413266
0.761384
0.0946749
0.445274
0.0486447
0.828107
0.901669
0.856969
0.362208
0.0539034
0.693311
0.766138
0.354744
0.231545
0.680591
0.729336
0.159132
0.323115
0.116647
0.58714
0.346676
0.342881
0.472805
0.463144
0.96709
0.926386
0.878684
0.254436
0.739799
0.510729
0.119886
0.286339
0.299191
0.669125
0.651857
0.412105
0.334581
0.79069
0.428628
0.763206
0.674691
0.754917
0.0108883
0.0650537
0.0207903
0.851548
0.443863
0.905924
0.123956
0.666751
0.396265
0.456886
0.85875
0.897976
0.164532
0.530384
0.0879387
0.129672
0.0486819
0.386115
0.0549703
0.680592
0.450496
0.141586
0.66579
0.752248
0.590708
0.461115
0.151215
0.372556
0.940731
0.353246
0.802499
0.581034
0.550661
0.866969
0.757121
0.619207
0.0384598
0.405651
0.221472
0.469965
0.771793
0.913656
0.413643
0.883643
0.829623
0.312835
0.30422
0.224288
0.147065
0.774547
0.210846
0.575175
0.290088
0.348848
0.138116
0.142108
0.883315
0.0943072
0.474268
0.298218
0.256018
0.450502
0.345234
0.984829
0.181487
0.982863
0.830503
0.660652
0.52472
0.216973
0.542824
0.467839
0.725239
0.463611
0.993521
0.0160759
0.783927
0.759838
0.499189
0.00416555
0.61482
0.0313957
0.629907
0.935655
0.956709
0.00603993
0.11889
0.574852
0.520341
0.665323
0.22827
0.0468097
0.406753
0.793707
0.0858673
0.444853
0.926439
0.226091
0.898973
0.142236
0.122138
0.934517
0.742828
0.211079
0.354157
0.540134
0.89525
0.236442
0.454364
0.245082
0.84087
0.28416
0.589539
0.56124
0.482641
0.923409
0.784924
0.0804292
0.454189
0.273927
0.664922
0.633661
0.0980706
0.395711
0.160855
0.970982
0.957716
0.391701
0.42249
0.857069
0.0989335
0.1779
0.446127
0.412776
0.558186
0.284785
0.442984
0.750026
0.639731
0.843369
0.979247
0.829873
0.744071
0.080892
0.129425
0.836984
0.188618
0.524515
0.93437
0.256738
0.907024
0.873938
0.294584
0.277017
0.477267
0.35906
0.752526
0.309096
0.6989
0.502077
0.204684
0.732368
0.292826
0.534676
0.17426
0.278074
0.524355
0.680924
0.0569207
0.861012
0.437924
0.85223
0.79601
0.945995
0.979494
0.762926
0.355202
0.19227
0.739065
0.0300449
0.764546
0.0920782
0.483683
0.492459
0.0698161
0.956283
0.891318
0.328996
0.887507
0.0836075
0.55322
0.924505
0.297268
0.713641
0.550927
0.205825
0.751859
0.109475
0.0582576
0.265023
0.575922
0.959914
0.342921
0.473158
0.675782
0.243745
0.473317
0.495916
0.0268401
0.255
0.888037
0.938269
0.324802
0.008061
0.196531
0.474526
0.226082
0.498763
0.374517
0.53134
0.772849
0.753853
0.25666
0.457741
0.490149
0.588558
0.672299
0.932155
0.22114
0.759131
0.0465899
0.515517
0.0238015
0.668752
0.455026
0.113602
0.50792
0.148309
0.753201
0.274477
0.221717
0.800653
0.0601646
0.625841
0.198649
0.95845
0.0401194
0.225482
0.575375
0.733479
0.920738
0.322637
0.400847
0.982046
0.933056
0.648639
0.108555
0.783715
0.0122003
0.658816
0.172618
0.246247
0.646471
0.702327
0.254281
0.359595
0.0777669
0.908005
0.425775
0.454713
0.669495
0.854763
0.0595674
0.672771
0.162041
0.989715
0.860782
0.0357532
0.669715
0.287172
0.502764
0.448131
0.0780915
0.875154
0.0590793
0.996186
0.597477
0.905465
0.424201
0.446624
0.794389
0.144216
0.660684
0.763972
0.555799
0.404064
0.35204
0.953936
0.385557
0.0180139
0.513517
0.503581
0.29081
0.31462
0.879852
0.696009
0.324296
0.39048
0.133538
0.0964926
0.450305
0.161425
0.400378
0.534393
0.12173
0.916081
0.59802
0.650364
0.995061
0.378461
0.00462249
0.289141
0.780522
0.541764
0.946356
0.637523
0.170779
0.383576
0.860907
0.827359
0.920185
0.789995
0.427111
0.481373
0.838524
0.175713
0.100122
0.179261
0.338025
0.874462
0.816872
0.30411
0.0194746
0.781495
0.772505
0.921996
0.084873
0.13353
0.673029
0.522802
0.897457
0.661126
0.277249
0.576111
0.225588
0.618303
0.498855
0.567062
0.911659
0.190042
0.804774
0.323742
0.511338
0.825807
0.304525
0.941422
0.578006
0.879323
0.47008
0.977473
0.271615
0.364905
0.61003
0.417968
0.594402
0.881447
0.351797
0.611606
0.149123
0.541204
0.577608
0.845928
0.906705
0.378394
0.0582462
0.793846
0.643522
0.892695
0.87524
0.916347
0.345676
0.14578
0.702314
0.917535
0.277821
0.768083
0.700983
0.50069
0.3541
0.457691
0.0424955
0.636472
0.122023
0.583452
0.00395209
0.0193241
0.382002
0.53109
0.0895689
0.736052
0.503468
0.864416
0.209686
0.133968
0.870626
0.640111
0.671141
0.158552
0.310807
0.876746
0.455722
0.646618
0.582744
0.948901
0.155366
0.573278
0.576524
0.650944
0.405027
0.912312
0.970481
0.120981
0.417607
0.210878
0.80482
0.219779
0.438364
0.930076
0.127212
0.243859
0.18915
0.641811
0.743777
0.426163
0.363308
0.6132
0.646664
0.0589121
0.118726
0.938785
0.0783169
0.58316
0.552716
0.361911
0.050083
0.249481
0.681923
0.818746
0.599351
0.601988
0.560243
0.730543
0.489537
0.945856
0.880076
0.43527
0.47258
0.236203
0.563648
0.806204
0.500867
0.770101
0.868689
0.986304
0.450686
0.633572
0.608647
0.391334
0.326721
0.280593
0.850815
0.114896
0.136238
0.710737
0.852125
0.512296
0.440035
0.899255
0.374467
0.703651
0.224531
0.155942
0.0358022
0.748285
0.588428
0.673481
0.038136
0.521545
0.699954
0.571808
0.359727
0.330863
0.642211
0.741651
0.187492
0.34215
0.704948
0.464209
0.735552
0.0689086
0.570576
0.871705
0.709616
0.39254
0.971216
0.656157
0.24428
0.875197
0.571874
0.68879
0.665753
0.584365
0.925113
0.174683
0.512321
0.423015
0.709159
0.193418
0.320473
0.0693084
0.449154
0.885256
0.12929
0.0535309
0.782803
0.0441266
0.925603
0.842727
0.420825
0.607813
0.687479
0.391131
0.759761
0.334979
0.485524
0.309433
0.136211
0.241331
0.979591
0.151767
0.24598
0.334217
0.540825
0.418769
0.137478
0.159265
0.276142
0.244587
0.365104
0.471543
0.707023
0.876654
0.038266
0.940215
0.847304
0.758948
0.140638
0.180543
0.916334
0.847243
0.225403
0.557418
0.636073
0.147257
0.941415
0.270683
0.557416
0.868004
0.88606
0.586555
0.7696
0.688141
0.434745
0.741126
0.141462
0.667122
0.606836
0.260393
0.72984
0.368943
0.597595
0.498755
0.267751
0.900784
0.870537
0.764977
0.895851
0.960328
0.273373
0.7487
0.633518
0.449573
0.302037
0.392307
0.235892
0.456816
0.0423968
0.81042
0.513504
0.977178
0.551427
0.46081
0.685006
0.366868
0.348761
0.417523
0.573529
0.807127
0.759133
0.00483884
0.47726
0.469236
0.904046
0.291552
0.561477
0.976167
0.905941
0.698289
0.514526
0.682069
0.465488
0.192268
0.571494
0.570012
0.37499
0.114365
0.960407
0.843271
0.746556
0.199923
0.84533
0.0242085
0.558445
0.77953
0.99133
0.0391748
0.331994
0.446039
0.386078
0.646884
0.0585592
0.470431
0.444862
0.537237
0.650951
0.930489
0.698578
0.095156
0.0984684
0.526219
0.220603
0.175224
0.109193
0.314216
0.208485
0.785147
0.0895426
0.53366
0.008303
0.83924
0.198676
0.00100638
0.492533
0.852707
0.501183
0.234025
0.891063
0.0687978
0.772867
0.660357
0.96617
0.985415
0.589074
0.927502
0.487593
0.466194
0.868347
0.48756
0.738255
0.121932
0.782892
0.462106
0.447993
0.404002
0.668159
0.159733
0.384871
0.678189
0.089426
0.789237
0.49158
0.411843
0.805402
0.963602
0.67321
0.113406
0.985829
0.88441
0.217537
0.096463
0.027624
0.905522
0.873667
0.353745
0.702124
0.714718
0.603946
0.288509
0.881138
0.526385
0.814202
0.817741
0.246015
0.34734
0.326948
0.075428
0.284286
0.565528
0.648397
0.168569
0.48347
0.114398
0.396512
0.057371
0.31115
0.861936
0.491642
0.770136
0.252014
0.643736
0.527155
0.418921
0.36009
0.589003
0.456831
0.439125
0.00205808
0.409932
0.567905
0.741909
0.741328
0.380258
0.771868
0.257403
0.130775
0.0362194
0.721514
0.647268
0.83417
0.506872
0.20273
0.731882
0.378307
0.89011
0.425796
0.913103
0.628607
0.937121
0.132851
0.365067
0.686484
0.997837
0.232387
0.375241
0.708821
0.0532468
0.571197
0.476254
0.852891
0.353391
0.165952
0.529524
0.343847
0.434012
0.0677885
0.0727579
0.146017
0.0118606
0.61617
0.622614
0.552599
0.334753
0.363762
0.741223
0.76331
0.620038
0.401446
0.724848
0.651054
0.548016
0.354437
0.596395
0.267808
0.605332
0.397465
0.758372
0.786653
0.394275
0.260641
0.335169
0.052064
0.480284
0.130676
0.791304
0.417498
0.116036
0.782931
0.499484
0.334518
0.745
0.764011
0.245936
0.713233
0.903758
0.0235799
0.690199
0.0536542
0.577105
0.708704
0.661242
0.83436
0.781406
0.208001
0.185251
0.282891
0.463721
0.146751
0.681064
0.558976
0.721263
0.604406
0.415664
0.0317865
0.308643
0.264313
0.0577197
0.179527
0.614553
0.957546
0.633186
0.595164
0.763555
0.792481
0.26132
0.115033
0.622128
0.889494
0.067701
0.304798
0.614532
0.326042
0.422222
0.615402
0.451275
0.168431
0.515318
0.515932
0.924575
0.0443174
0.177507
0.958917
0.666083
0.434918
0.0810744
0.955214
0.365018
0.172151
0.148793
0.0171428
0.679646
0.600697
0.16062
0.701574
0.0246082
0.100787
0.996717
0.824778
0.117112
0.704699
0.445362
0.911562
0.61455
0.333258
0.834429
0.50153
0.12991
0.0608656
0.448818
0.655249
0.273006
0.503776
0.708925
0.531435
0.529135
0.206586
0.169467
0.811831
0.162189
0.946975
0.955212
0.69124
0.847238
0.392309
0.993723
0.575645
0.920969
0.530981
0.312178
0.582944
0.651979
0.836679
0.666943
0.437196
0.475363
0.731777
0.660562
0.762654
0.0405883
0.721513
0.585893
0.705923
0.0194424
0.159314
0.133284
0.990821
0.685517
0.410125
0.409263
0.629433
0.538273
0.561897
0.957087
0.716533
0.317485
0.16095
0.812841
0.343296
0.198611
0.0569672
0.656149
0.484635
0.627709
0.593317
0.48281
0.475568
0.511449
0.619933
0.448698
0.725063
0.0414797
0.445051
0.738802
0.526271
0.328686
0.106444
0.104959
0.544741
0.744199
0.138036
0.628237
0.075985
0.563197
0.729253
0.469246
0.116348
0.822899
0.0426216
0.29197
0.111055
0.107233
0.404416
0.733261
0.385868
0.967515
0.84156
0.966388
0.845594
0.358776
0.475703
0.461256
0.0264487
0.0316304
0.63441
0.265704
0.441205
0.393695
0.625878
0.66045
0.575028
0.741667
0.673301
0.329107
0.0838144
0.926441
0.841759
0.43268
0.638034
0.206093
0.591431
0.529016
0.589294
0.503583
0.247218
0.517309
0.995325
0.876758
0.149104
0.70085
0.101296
0.19567
0.344798
0.702177
0.290752
0.525095
0.619604
0.391693
0.892454
0.948947
0.00973063
0.182815
0.414986
0.688995
0.153655
0.513638
0.917259
0.726912
0.714724
0.210065
0.952405
0.550151
0.414153
0.513514
0.667503
0.0625734
0.0227666
0.283144
0.751389
0.63922
0.0645399
0.292108
0.104344
0.584244
0.410006
0.777649
0.152263
0.137154
0.326173
0.106077
0.947894
0.956785
0.114582
0.829133
0.0970889
0.459567
0.597782
0.21659
0.820449
0.405481
0.433145
0.970095
0.451561
0.688176
0.956708
0.198464
0.122349
0.463057
0.594271
0.371941
0.220494
0.658651
0.994015
0.637809
0.800326
0.758721
0.451884
0.396975
0.499701
0.762308
0.443814
0.134907
0.135538
0.522605
0.72161
0.992743
0.450779
0.771601
0.445651
0.921701
0.890631
0.779384
0.640926
0.389866
0.623436
0.173322
0.291552
0.396275
0.472711
0.606586
0.257034
0.452738
0.248589
0.321208
0.130568
0.751725
0.752809
0.0403719
0.876732
0.841013
0.432701
0.0732024
0.932702
0.285349
0.11411
0.26525
0.704661
0.139876
0.871265
0.767302
0.278788
0.80603
0.935931
0.573169
0.496628
0.438122
0.672028
0.837288
0.269944
0.2903
0.316518
0.779253
0.731883
0.736437
0.0856428
0.905526
0.973308
0.774976
0.745682
0.46939
0.362524
0.842891
0.34445
0.802512
0.258384
0.650416
0.419234
0.51458
0.921022
0.767985
0.351156
0.84756
0.930416
0.670708
0.452767
0.610011
0.665951
0.227029
0.310699
0.734405
0.829253
0.702485
0.16562
0.923881
0.673329
0.407272
0.589612
0.396711
0.036068
0.331889
0.765661
0.557032
0.141894
0.338403
0.782799
0.0169221
0.753165
0.38544
0.847846
0.932976
0.0130076
0.866951
0.624129
0.544028
0.913461
0.781906
0.738882
0.920853
0.69309
0.71401
0.775071
0.346109
0.583941
0.912364
0.137356
0.659824
0.656816
0.513827
0.571564
0.948727
0.978607
0.556947
0.53658
0.842809
0.548339
0.144612
0.443677
0.0122065
0.809841
0.717524
0.517093
0.0547215
0.565732
0.224193
0.186592
0.782551
0.165637
0.580434
0.675981
0.979713
0.814867
0.235865
0.833833
0.416145
0.312314
0.381643
0.358568
0.918992
0.763424
0.30393
0.0135441
0.351143
0.90005
0.430352
0.615461
0.31686
0.312098
0.914907
0.258224
0.339746
0.576436
0.902924
0.164556
0.574776
0.980215
0.85888
0.397947
0.901265
0.630227
0.435346
0.00739103
0.907503
0.033848
0.33531
0.815287
0.998281
0.849031
0.6448
0.545336
0.784464
0.785219
0.959363
0.691178
0.64023
0.602704
0.333771
0.107988
0.835766
0.121648
0.766015
0.855288
0.140503
0.056215
0.339607
0.0445477
0.640116
0.792806
0.793361
0.194344
0.114323
0.29771
0.257455
0.970699
0.242339
0.0775906
0.136533
0.857312
0.731885
0.711591
0.535359
0.0175616
0.90687
0.393137
0.705098
0.659783
0.0124499
0.0824826
0.532975
0.896366
0.573635
0.47818
0.410692
0.807524
0.722394
0.412443
0.816798
0.0479866
0.188987
0.927889
0.956754
0.460305
0.926934
0.693498
0.326732
0.611264
0.915848
0.00962536
0.458238
0.0160124
0.329137
0.816566
0.809755
0.091254
0.495089
0.924392
0.404756
0.903323
0.29686
0.449321
0.599044
0.0279403
0.693849
0.51445
0.240515
0.281002
0.25909
0.980792
0.99884
0.307788
0.965595
0.559769
0.328151
0.407093
0.245702
0.69169
0.7668
0.935923
0.509837
0.557431
0.875684
0.397403
0.887431
0.499961
0.584844
0.906724
0.784749
0.0063442
0.926583
0.260082
0.555246
0.665504
0.2637
0.394141
0.723796
0.676887
0.735794
0.496923
0.654204
0.910972
0.473404
0.154945
0.952461
0.364801
0.673337
0.714243
0.0743477
0.647157
0.0807095
0.523726
0.512323
0.224744
0.848772
0.81351
0.682239
0.297345
0.346022
0.481893
0.817841
0.0751965
0.57963
0.00184232
0.17661
0.62522
0.706961
0.69248
0.26115
0.925856
0.0699512
0.864931
0.526779
0.837027
0.211925
0.403795
0.471485
0.503561
0.329037
0.260353
0.957019
0.967601
0.587165
0.599191
0.619153
0.895512
0.742523
0.87654
0.439139
0.0270842
0.662058
0.556979
0.10738
0.12397
0.288512
0.410085
0.833345
0.808397
0.436194
0.508334
0.973455
0.637877
0.47771
0.826316
0.590877
0.972404
0.326577
0.488634
0.714519
0.586221
0.923442
0.847098
0.671082
0.740717
0.389444
0.290816
0.713882
0.130953
0.2763
0.151849
0.140859
0.911109
0.213341
0.573385
0.192694
0.178651
0.953
0.946005
0.351474
0.773659
0.42455
0.443169
0.915503
0.855484
0.0879293
0.74177
0.609363
0.99191
0.508646
0.812789
0.28519
0.126524
0.492824
0.573373
0.225026
0.388344
0.292188
0.257688
0.487424
0.401253
0.163853
0.624698
0.400128
0.562784
0.91712
0.379945
0.708158
0.0840674
0.726122
0.895354
0.0625688
0.0439864
0.279465
0.413063
0.250605
0.717392
0.094899
0.362648
0.415154
0.749391
0.410645
0.602154
0.200959
0.155366
0.195225
0.412706
0.979047
0.610099
0.666699
0.980494
0.964474
0.668258
0.549107
0.299146
0.0129855
0.912098
0.729657
0.63185
0.418264
0.588555
0.0188675
0.635612
0.928718
0.448145
0.220775
0.354647
0.315494
0.858085
0.382989
0.0362229
0.963024
0.692918
0.125631
0.611247
0.732756
0.412135
0.0382067
0.251319
0.73601
0.737514
0.543319
0.0384282
0.00824007
0.693225
0.777555
0.727995
0.874858
0.49445
0.515333
0.510482
0.224174
0.475968
0.426245
0.635095
0.161581
0.933586
0.630178
0.0288808
0.201758
0.278606
0.568159
0.678649
0.958997
0.589848
0.727893
0.660894
0.913887
0.107152
0.0856776
0.420759
0.779742
0.995805
0.226136
0.748657
0.690696
0.688282
0.268463
0.630477
0.203015
0.645817
0.496171
0.149478
0.624798
0.884067
0.832716
0.683509
0.852419
0.409221
0.925506
0.0577092
0.324475
0.347282
0.644279
0.641571
0.0677888
0.413509
0.793731
0.372134
0.229144
0.921895
0.709725
0.604955
0.0948005
0.306644
0.435624
0.313715
0.882717
0.281167
0.60863
0.582648
0.790444
0.979148
0.0703084
0.199235
0.689431
0.161758
0.689056
0.364557
0.056862
0.954753
0.536143
0.712878
0.7711
0.396994
0.137455
0.211549
0.438929
0.350486
0.854725
0.997719
0.241332
0.13589
0.497391
0.0386817
0.415554
0.980377
0.789523
0.595698
0.358931
0.778406
0.463857
0.673861
0.63966
0.886068
0.931393
0.15789
0.488202
0.413803
0.574029
0.295525
0.254327
0.79734
0.525716
0.365644
0.768399
0.223409
0.302452
0.82437
0.322166
0.944793
0.34163
0.123481
0.204094
0.421036
0.411101
0.0381872
0.437745
0.665692
0.577677
0.0213303
0.328591
0.288161
0.604651
0.919123
0.260817
0.249564
0.414891
0.202444
0.181951
0.580817
0.0270856
0.444954
0.446794
0.958547
0.604249
0.499639
0.277806
0.879092
0.677641
0.0706761
0.635952
0.823567
0.724654
0.773419
0.836365
0.363352
0.24394
0.876595
0.226316
0.515637
0.11417
0.454338
0.0553851
0.11714
0.807955
0.520287
0.0521098
0.161713
0.0258862
0.636824
0.597003
0.479267
0.237984
0.782672
0.801926
0.616199
0.412854
0.253955
0.829752
0.891963
0.212134
0.778621
0.301542
0.237286
0.781463
0.346836
0.270576
0.361586
0.359791
0.578001
0.643957
0.790179
0.38456
0.460763
0.975413
0.1228
0.221601
0.250587
0.408351
0.72596
0.417788
0.598853
0.3097
0.234636
0.469518
0.0298965
0.110218
0.453961
0.0787204
0.562125
0.867062
0.165905
0.509488
0.954313
0.296503
0.67232
0.375437
0.982677
0.941805
0.522322
0.344161
0.249733
0.300619
0.1997
0.00848311
0.340377
0.536686
0.570985
0.70325
0.518347
0.716095
0.201536
0.938421
0.739071
0.448618
0.564112
0.886283
0.263619
0.218157
0.372741
0.892653
0.208173
0.767874
0.461136
0.24022
0.225766
0.959808
0.05614
0.663584
0.85854
0.178794
0.805315
0.0831773
0.870717
0.0193051
0.466802
0.433052
0.730489
0.444948
0.326106
0.990308
0.310196
0.508727
0.0369337
0.710979
0.150114
0.920956
0.256782
0.0264339
0.547667
0.325851
0.610728
0.0332992
0.744197
0.0157424
0.875021
0.11915
0.704588
0.593151
0.619169
0.357854
0.705668
0.515556
0.891173
0.619799
0.330159
0.126591
0.63913
0.525529
0.448666
0.441163
0.434814
0.735426
0.463833
0.739803
0.13592
0.713541
0.4145
0.734406
0.788467
0.088672
0.486469
0.670841
0.918292
0.573581
0.478311
0.933485
0.240722
0.364773
0.774328
0.289445
0.222553
0.185357
0.414011
0.464562
0.351622
0.309251
0.658802
0.244356
0.883193
0.503209
0.941394
0.03357
0.31424
0.183071
0.277119
0.251209
0.427195
0.235147
0.0675453
0.18695
0.934219
0.024502
0.0449537
0.231254
0.147703
0.999678
0.770229
0.23818
0.950958
0.569482
0.0594402
0.582195
0.556999
0.01384
0.40968
0.253872
0.87666
0.744317
0.25058
0.551866
0.812345
0.641392
0.551965
0.684312
0.131004
0.746229
0.0492214
0.266032
0.130727
0.795958
0.590107
0.939703
0.113063
0.799161
0.0787471
0.676858
0.184425
0.964738
0.323665
0.175278
0.796425
0.871141
0.0610003
0.92347
0.772202
0.383232
0.64877
0.0636684
0.932483
0.104249
0.241708
0.369294
0.0989738
0.493811
0.124721
0.747148
0.922487
0.135766
0.196801
0.408763
0.79002
0.540259
0.18121
0.276974
0.240776
0.488864
0.427447
0.237424
0.460303
0.768292
0.959131
0.100867
0.298458
0.564493
0.851561
0.159775
0.869592
0.259045
0.801021
0.0385999
0.779376
0.9561
0.79521
0.203466
0.301585
0.342559
0.13206
0.736452
0.160076
0.155563
0.564988
0.094518
0.0794055
0.348941
0.883534
0.900044
0.0190846
0.323799
0.69548
0.139601
0.807113
0.421588
0.123912
0.843971
0.214251
0.0565848
0.139085
0.465314
0.0831976
0.690313
0.830013
0.332038
0.826781
0.327175
0.369692
0.505072
0.770102
0.665802
0.696622
0.469121
0.886978
0.777666
0.99498
0.839238
0.669973
0.313184
0.855744
0.124106
0.670847
0.258737
0.410157
0.60841
0.65853
0.863361
0.549919
0.96001
0.871544
0.868614
0.613058
0.721093
0.78882
0.0974886
0.466656
0.518724
0.259174
0.576019
0.588463
0.345186
0.524706
0.950894
0.178257
0.835771
0.377116
0.830987
0.732817
0.312922
0.715998
0.29627
0.783989
0.176035
0.966924
0.293249
0.87436
0.985805
0.271168
0.922662
0.608214
0.583839
0.354323
0.250171
0.904141
0.891298
0.437602
0.107605
0.051876
0.798871
0.709065
0.43266
0.521276
0.620013
0.259966
0.134901
0.656744
0.927195
0.0460879
0.933775
0.356467
0.0711366
0.938914
0.0786537
0.216962
0.258387
0.746739
0.301033
0.141226
0.607625
0.978027
0.87072
0.592705
0.801894
0.885591
0.911725
0.0902264
0.589342
0.188121
0.166525
0.145458
0.878185
0.968851
0.764432
0.390767
0.108147
0.584971
0.681534
0.10484
0.48488
0.290159
0.277869
0.779517
0.235332
0.95362
0.704544
0.608156
0.158693
0.559232
0.813129
0.432201
0.161898
0.645536
0.532872
0.93471
0.719867
0.191975
0.0871091
0.81632
0.00914671
0.657715
0.922597
0.517464
0.856891
0.938247
0.172824
0.048984
0.861606
0.911855
0.845369
0.291569
0.443624
0.027323
0.965665
0.680049
0.12694
0.122458
0.333174
0.660624
0.950355
0.284516
0.774039
0.335573
0.58791
0.582492
0.544659
0.221436
0.963252
0.225749
0.270443
0.333604
0.112646
0.149587
0.716685
0.863057
0.440636
0.944681
0.310424
0.392949
0.0352537
0.0338041
0.0672381
0.181317
0.653051
0.734244
0.356545
0.497929
0.511301
0.82267
0.592995
0.123986
0.0642831
0.142965
0.406327
0.629763
0.701227
0.0968948
0.605078
0.116868
0.875084
0.91354
0.847898
0.171266
0.332647
0.341821
0.0335458
0.462999
0.564797
0.0314996
0.310309
0.929521
0.802795
0.482526
0.172714
0.662383
0.151593
0.976771
0.422052
0.0434014
0.327645
0.0442036
0.272396
0.0489326
0.141977
0.194466
0.826599
0.369429
0.986382
0.294095
0.848783
0.870465
0.722202
0.412301
0.928447
0.25642
0.813702
0.907466
0.25977
0.172854
0.859379
0.134668
0.834975
0.111606
0.0673822
0.345452
0.450554
0.606789
0.728812
0.13023
0.268282
0.174076
0.287887
0.818823
0.939633
0.399622
0.375129
0.899339
0.947313
0.892463
0.234352
0.13479
0.00291703
0.225016
0.386928
0.0503029
0.774333
0.994935
0.695082
0.762741
0.604211
0.396791
0.543068
0.386195
0.509126
0.915352
0.0787667
0.896955
0.55586
0.457082
0.830809
0.330901
0.299654
0.676181
0.249381
0.0338471
0.63817
0.779823
0.643536
0.813256
0.091401
0.0916649
0.984521
0.736688
0.282494
0.598481
0.672151
0.554746
0.19169
0.649918
0.425792
0.701602
0.0650998
0.621607
0.921075
0.484566
0.956889
0.544188
0.962525
0.54512
0.316251
0.804986
0.877213
0.16303
0.924387
0.640289
0.522159
0.927939
0.234949
0.65049
0.814547
0.406926
0.590067
0.998665
0.0400172
0.264748
0.152872
0.617218
0.583649
0.371659
0.29042
0.519373
0.898637
0.223589
0.14568
0.917344
0.0492611
0.599664
0.189022
0.433399
0.285151
0.88371
0.59124
0.179882
0.246782
0.440888
0.125144
0.378094
0.723255
0.45057
0.0269614
0.964097
0.744882
0.383042
0.0110754
0.953187
0.772345
0.638888
0.277389
0.815674
0.14356
0.0953544
0.920052
0.589286
0.27713
0.369123
0.761729
0.932202
0.356882
0.826683
0.199656
0.455781
0.256181
0.579841
0.318801
0.515233
0.552657
0.255542
0.685101
0.0125184
0.967906
0.766429
0.188077
0.347694
0.901106
0.402491
0.561469
0.958961
0.652026
0.488971
0.738782
0.51604
0.90035
0.61132
0.449838
0.83888
0.328728
0.932043
0.442133
0.939966
0.0882049
0.182039
0.848901
0.571307
0.477326
0.890343
0.799957
0.872202
0.297215
0.404067
0.507921
0.579122
0.829894
0.547181
0.157751
0.991262
0.89744
0.61066
0.194231
0.748271
0.903842
0.1445
0.423027
0.501107
0.0495387
0.0359828
0.241417
0.843624
0.759588
0.250702
0.58135
0.615918
0.977518
0.087775
0.0279148
0.28802
0.224407
0.13866
0.240938
0.230073
0.371838
0.734425
0.0209218
0.673468
0.988852
0.70384
0.923195
0.247312
0.0979992
0.712327
0.14098
0.113795
0.70306
0.858681
0.742855
0.178686
0.939709
0.108812
0.581177
0.0242419
0.428754
0.703195
0.917172
0.145867
0.266499
0.644603
0.685176
0.734085
0.220915
0.349954
0.249749
0.8837
0.0915264
0.00773792
0.337693
0.546278
0.932784
0.448817
0.73738
0.41631
0.663857
0.433032
0.772153
0.258724
0.909626
0.0894758
0.631348
0.249211
0.0644229
0.36939
0.902766
0.247101
0.251984
0.582582
0.485463
0.882877
0.316643
0.11637
0.395226
0.809508
0.582662
0.86786
0.703386
0.33578
0.874792
0.222664
0.605407
0.662947
0.448898
0.0470995
0.196757
0.143479
0.0145618
0.0963014
0.925941
0.0487196
0.640704
0.549708
0.678004
0.743207
0.442428
0.230045
0.699342
0.630937
0.999968
0.93762
0.267228
0.145673
0.0278989
0.493161
0.318307
0.231707
0.880921
0.709615
0.660387
0.0983009
0.334003
0.113429
0.232867
0.468729
0.915778
0.28072
0.833981
0.385485
0.689068
0.0714584
0.342918
0.690546
0.347884
0.181178
0.686719
0.214773
0.0397266
0.878888
0.204063
0.493455
0.464444
0.599539
0.581876
0.514078
0.751555
0.0990023
0.326775
0.281088
0.926641
0.569646
0.128129
0.99241
0.897417
0.15513
0.991414
0.873883
0.278314
0.721883
0.439904
0.408865
0.572848
0.802202
0.130642
0.75298
0.22654
0.140187
0.456113
0.4377
0.744854
0.19578
0.337333
0.523797
0.533823
0.804265
0.0651091
0.509615
0.70794
0.41559
0.922608
0.0987358
0.610526
0.798476
0.201136
0.342637
0.227077
0.776775
0.213502
0.61252
0.985229
0.275769
0.785167
0.726339
0.552738
0.00913482
0.537124
0.604597
0.765254
0.627649
0.895581
0.770487
0.29665
0.489549
0.19899
0.164669
0.428031
0.135468
0.0145337
0.688942
0.0236539
0.821312
0.743834
0.163493
0.180545
0.261585
0.704718
0.87236
0.135097
0.337803
0.838447
0.852544
0.22272
0.363394
0.477033
0.855021
0.965972
0.0820237
0.754853
0.908799
0.837424
0.511313
0.432887
0.909815
0.734698
0.563818
0.34772
0.715328
0.498641
0.242214
0.0356946
0.934635
0.691766
0.976318
0.998978
0.37752
0.345672
0.527098
0.082644
0.725743
0.888965
0.809218
0.0529644
0.618229
0.580822
0.50522
0.989085
0.0552759
0.257339
0.515358
0.273761
0.17715
0.529061
0.197989
0.479822
0.933661
0.046089
0.30034
0.900294
0.211866
0.119803
0.684354
0.320587
0.544873
0.967722
0.118365
0.980518
0.858273
0.904387
0.0969603
0.398421
0.205065
0.257895
0.75035
0.266619
0.974826
0.571846
0.116282
0.456212
0.873715
0.65083
0.880377
0.00734463
0.32143
0.520673
0.747161
0.414432
0.930899
0.871385
0.999727
0.119256
0.380658
0.126799
0.405132
0.367606
0.233756
0.0358768
0.0241777
0.790571
0.433946
0.819041
0.939598
0.0683605
0.428517
0.237201
0.186287
0.847859
0.584593
0.287008
0.353074
0.936531
0.258217
0.158138
0.165094
0.920847
0.759622
0.708255
0.985759
0.879581
0.153649
0.677999
0.386742
0.503214
0.87178
0.14957
0.518857
0.4251
0.96868
0.106702
0.40241
0.795503
0.269454
0.401186
0.955054
0.967066
0.606186
0.69069
0.254701
0.296416
0.16199
0.321814
0.31684
0.239959
0.101961
0.0705306
0.330725
0.651964
0.103785
0.185728
0.542336
0.132401
0.555577
0.83927
0.418321
0.0600503
0.877589
0.360843
0.352715
0.696637
0.331871
0.707045
0.000796869
0.917139
0.563086
0.235228
0.783559
0.853426
0.424993
0.753557
0.5061
0.830347
0.519776
0.483289
0.925097
0.624912
0.0884665
0.898456
0.0863137
0.870924
0.162561
0.660584
0.184246
0.518966
0.34261
0.207379
0.429546
0.314893
0.786755
0.0881511
0.443346
0.350213
0.960371
0.955098
0.593568
0.727303
0.253533
0.269365
0.347628
0.155221
0.174636
0.511949
0.936614
0.837455
0.0105961
0.8518
0.0399833
0.40667
0.64227
0.504763
0.728243
0.640031
0.033789
0.768649
0.981359
0.994565
0.593682
0.530268
0.795078
0.623576
0.338505
0.389353
0.0426965
0.531017
0.632301
0.069251
0.722774
0.381346
0.983134
0.569435
0.111556
0.538525
0.344737
0.333641
0.242249
0.541282
0.656165
0.631943
0.345048
0.241007
0.566858
0.871508
0.616082
0.976248
0.112567
0.174372
0.155814
0.996661
0.105587
0.375903
0.255388
0.451398
0.819043
0.523698
0.0782944
0.319366
0.969697
0.24198
0.513839
0.874341
0.404382
0.347121
0.179972
0.919567
0.939257
0.935367
0.26682
0.0864744
0.891759
0.625854
0.0920738
0.462149
0.732651
0.432385
0.0782364
0.228429
0.599435
0.403608
0.962669
0.158839
0.179734
0.922747
0.608388
0.903326
0.355468
0.336256
0.368619
0.861522
0.747322
0.329224
0.989355
0.84805
0.80939
0.69155
0.341705
0.206776
0.00136754
0.098496
0.729895
0.12847
0.697036
0.544826
0.907102
0.150661
0.495797
0.700236
0.0333633
0.774722
0.316459
0.120088
0.890661
0.160089
0.172495
0.165867
0.603588
0.338458
0.473041
0.142332
0.267306
0.276491
0.323596
0.328277
0.966037
0.691231
0.27429
0.598203
0.559445
0.567987
0.579738
0.00891654
0.136325
0.172343
0.514036
0.550361
0.370079
0.772398
0.141249
0.0116331
0.671219
0.299211
0.809019
0.442932
0.661402
0.68732
0.587031
0.514117
0.804778
0.811964
0.248564
0.799832
0.0126274
0.373502
0.0431449
0.819546
0.0468305
0.889186
0.537975
0.4768
0.285204
0.967205
0.262892
0.744171
0.649497
0.756212
0.337699
0.236021
0.167485
0.251291
0.696853
0.979116
0.0636076
0.123048
0.441632
0.252573
0.736578
0.570817
0.585439
0.802502
0.514966
0.612206
0.486259
0.462099
0.803829
0.00999922
0.00951861
0.173202
0.678857
0.798721
0.590644
0.190978
0.169813
0.294232
0.496124
0.00206314
0.486507
0.232071
0.157707
0.261108
0.1816
0.876959
0.590859
0.4249
0.0467003
0.859639
0.863009
0.752665
0.499925
0.166328
0.421146
0.557398
0.248681
0.279621
0.0271481
0.89895
0.155323
0.589917
0.850564
0.663108
0.211156
0.776938
0.394477
0.762255
0.293006
0.709505
0.132797
0.38003
0.833554
0.599429
0.536542
0.999263
0.505008
0.293508
0.198828
0.213917
0.0990106
0.0264361
0.346557
0.27934
0.418716
0.280486
0.184031
0.346381
0.735665
0.914503
0.183956
0.515679
0.910957
0.53966
0.492968
0.918233
0.979834
0.828945
0.170786
0.118821
0.905936
0.381416
0.264415
0.985867
0.333584
0.425298
0.409907
0.544859
0.145327
0.692426
0.0989062
0.944113
0.0978792
0.574911
0.288646
0.842822
0.998338
0.0207656
0.460724
0.416488
0.0110377
0.94074
0.492096
0.474247
0.0431735
0.67828
0.720072
0.296433
0.911887
0.772155
0.704038
0.75161
0.651238
0.280145
0.0859443
0.00215809
0.0699938
0.691431
0.812369
0.488572
0.0562619
0.443679
0.29647
0.000425542
0.988521
0.874655
0.142617
0.850567
0.443784
0.904875
0.927397
0.469534
0.713355
0.0980398
0.514413
0.694834
0.843987
0.815686
0.14301
0.758341
0.722144
0.829293
0.240456
0.493188
0.0286879
0.825943
0.803819
0.126219
0.931199
0.992084
0.882599
0.219782
0.877083
0.995053
0.17235
0.825663
0.301816
0.926136
0.275208
0.778374
0.0254001
0.224966
0.81755
0.304178
0.472382
0.240536
0.174443
0.904754
0.818476
0.955354
0.22475
0.120998
0.799112
0.137822
0.877638
0.101718
0.635866
0.99942
0.755233
0.327935
0.2404
0.881824
0.548044
0.844205
0.274433
0.804855
0.216182
0.869024
0.274287
0.436281
0.899513
0.30175
0.531074
0.953501
0.591279
0.0189507
0.195276
0.607182
0.608624
0.294259
0.670485
0.381964
0.600255
0.518878
0.0948744
0.833842
0.0705874
0.275758
0.593567
0.372572
0.0317373
0.0399347
0.863933
0.250092
0.468139
0.330114
0.69852
0.255804
0.209127
0.758414
0.280855
0.464492
0.463867
0.342971
0.245937
0.0163501
0.242886
0.993966
0.115276
0.238516
0.512538
0.3984
0.204686
0.265903
0.00204705
0.212856
0.694551
0.345088
0.129887
0.221967
0.860382
0.182658
0.424083
0.912346
0.643542
0.277078
0.0105053
0.786565
0.203867
0.996717
0.929382
0.625154
0.0563311
0.446626
0.645622
0.0119143
0.286158
0.7699
0.891392
0.054632
0.927495
0.819829
0.662798
0.796562
0.0787301
0.0954297
0.537745
0.329673
0.732182
0.0456535
0.492235
0.731933
0.952946
0.00690882
0.84679
0.811571
0.411925
0.403524
0.846321
0.234093
0.823375
0.0759461
0.887841
0.774731
0.387864
0.661147
0.677498
0.181602
0.0885855
0.911851
0.0987944
0.593466
0.810823
0.480869
0.121233
0.712067
0.420597
0.993494
0.217508
0.0182911
0.683834
0.957355
0.916449
0.449159
0.208013
0.87789
0.990806
0.0447521
0.764615
0.645695
0.357927
0.777341
0.27145
0.455361
0.656826
0.230192
0.250294
0.536132
0.104401
0.77436
0.627927
0.95718
0.712069
0.814113
0.758706
0.0880222
0.0447847
0.236021
0.244585
0.15393
0.140705
0.359348
0.775749
0.669315
0.148338
0.675034
0.545955
0.369102
0.268653
0.608679
0.542204
0.865905
0.167721
0.900155
0.42283
0.545076
0.834205
0.759227
0.0717483
0.714981
0.984958
0.711657
0.814727
0.967539
0.225591
0.363684
0.198247
0.532716
0.705792
0.788681
0.859458
0.447201
0.922859
0.0448774
0.787582
0.708257
0.0612734
0.815782
0.263443
0.0452606
0.694961
0.295169
0.843974
0.686068
0.683203
0.815756
0.641868
0.525048
0.946108
0.0391652
0.747868
0.493091
0.491499
0.321512
0.641053
0.583938
0.864865
0.480363
0.729324
0.983459
0.743072
0.33341
0.828457
0.141855
0.927398
0.509353
0.659646
0.945217
0.804419
0.293855
0.542972
0.589553
0.776709
0.549975
0.889373
0.286571
0.757273
0.404569
0.231917
0.71572
0.968543
0.0685847
0.904019
0.707466
0.758296
0.171927
0.25395
0.448042
0.849571
0.821577
0.651845
0.936196
0.242142
0.414911
0.751516
0.281411
0.641868
0.222702
0.245873
0.331072
0.218343
0.0778047
0.985525
0.876712
0.970128
0.763315
0.698175
0.0763903
0.192942
0.745555
0.374896
0.712565
0.218233
0.0958418
0.450326
0.0782191
0.872932
0.969611
0.228624
0.826732
0.963933
0.785888
0.904852
0.884715
0.304014
0.479174
0.205251
0.157649
0.405114
0.582907
0.376143
0.0427497
0.753846
0.735547
0.587649
0.424205
0.0623354
0.50424
0.656387
0.484298
0.756021
0.0931829
0.0891106
0.234309
0.730233
0.529425
0.00256912
0.56147
0.572957
0.531029
0.588761
0.130939
0.0040075
0.780847
0.0101909
0.14463
0.952431
0.625025
0.0278101
0.0547751
0.510547
0.598471
0.281522
0.317829
0.782789
0.762014
0.631552
0.604187
0.494806
0.314409
0.760534
0.785843
0.212168
0.905411
0.325695
0.515357
0.317514
0.98576
0.834823
0.0160256
0.138119
0.780645
0.252673
0.130697
0.727719
0.602897
0.133227
0.334107
0.950479
0.00113114
0.744219
0.0320862
0.697738
0.706851
0.535688
0.77168
0.216688
0.428662
0.812311
0.28191
0.955646
0.28351
0.340062
0.620672
0.851026
0.322067
0.314979
0.138328
0.675495
0.0947036
0.483017
0.244367
0.691124
0.788603
0.56521
0.100059
0.851222
0.209685
0.432628
0.889623
0.0108779
0.613234
0.0673155
0.664186
0.236089
0.854798
0.744095
0.00461902
0.698396
0.996003
0.697058
0.529526
0.424086
0.135038
0.678101
0.112411
0.220224
0.359569
0.853583
0.679897
0.468606
0.429882
0.00845184
0.356857
0.630224
0.650666
0.996395
0.331829
0.128575
0.687544
0.149078
0.898381
0.0684343
0.703768
0.48013
0.294172
0.670985
0.0385505
0.963675
0.619189
0.873663
0.595831
0.154398
0.884724
0.568253
0.573192
0.0374303
0.664178
0.0929316
0.840245
0.355514
0.522254
0.0966905
0.0844434
0.080948
0.400646
0.686512
0.409151
0.0617604
0.255966
0.870228
0.700334
0.907271
0.437911
0.545563
0.535319
0.884251
0.346904
0.00946532
0.441736
0.0705995
0.506962
0.478317
0.867714
0.552443
0.85699
0.438087
0.500467
0.382373
0.49752
0.229405
0.319487
0.994515
0.199631
0.886773
0.901667
0.734125
0.416588
0.825646
0.624045
0.988929
0.710049
0.0214637
0.958781
0.247467
0.528145
0.99378
0.323931
0.488532
0.3027
0.578017
0.903541
0.926853
0.00719511
0.352551
0.147885
0.0957881
0.55629
0.971593
0.951742
0.0702716
0.616197
0.229686
0.0235019
0.172793
0.0934229
0.874037
0.695797
0.78501
0.053174
0.857551
0.873801
0.57071
0.601086
0.394416
0.416194
0.846174
0.941645
0.495574
0.986247
0.517954
0.170495
0.660592
0.0905171
0.529952
0.0391677
0.985073
0.156244
0.555019
0.0689141
0.517045
0.385899
0.480577
0.592077
0.60261
0.553637
0.253016
0.974682
0.105889
0.780572
0.634417
0.16213
0.981861
0.781351
0.486453
0.305618
0.0669083
0.555388
0.0317789
0.418546
0.253969
0.0304582
0.500423
0.779248
0.445792
0.768858
0.693166
0.581976
0.850959
0.919619
0.822046
0.468311
0.749297
0.345493
0.908169
0.82374
0.985241
0.279281
0.487756
0.213095
0.321388
0.151195
0.521031
0.727132
0.886451
0.429621
0.972237
0.0829864
0.127264
0.571377
0.0235728
0.156146
0.14541
0.717282
0.395808
0.429771
0.885855
0.78601
0.286562
0.637383
0.257796
0.122887
0.966755
0.949235
0.227102
0.442671
0.265455
0.491167
0.822653
0.834169
0.581379
0.474124
0.761124
0.208328
0.0738836
0.85934
0.774825
0.0726578
0.24584
0.340964
0.916375
0.167807
0.664633
0.450886
0.199086
0.253651
0.289842
0.636136
0.509961
0.771459
0.766808
0.945038
0.71786
0.305567
0.503354
0.943538
0.210542
0.78302
0.174025
0.218189
0.202333
0.488072
0.0104242
0.908156
0.44705
0.943163
0.136811
0.0260353
0.3601
0.23062
0.490738
0.917022
0.652807
0.0445317
0.902567
0.946798
0.334148
0.813202
0.0593186
0.280709
0.109192
0.831356
0.552135
0.34183
0.689962
0.281777
0.765352
0.98943
0.526308
0.762568
0.406493
0.594324
0.275177
0.916223
0.00992419
0.615545
0.817712
0.811534
0.821195
0.297526
0.892341
0.865894
0.0537196
0.602009
0.330085
0.949121
0.49937
0.356736
0.994581
0.136437
0.49319
0.341991
0.162651
0.617909
0.699416
0.464626
0.718767
0.841821
0.236753
0.445688
0.364014
0.19278
0.104882
0.225362
0.877162
0.974652
0.704122
0.676101
0.660338
0.311752
0.190279
0.539068
0.285144
0.318744
0.319948
0.760261
0.770534
0.754919
0.288877
0.366228
0.68882
0.616734
0.153438
0.511467
0.293529
0.532977
0.961198
0.0965128
0.186949
0.654741
0.299413
0.631942
0.264516
0.948856
0.360501
0.627355
0.821792
0.333377
0.979776
0.186537
0.499935
0.842758
0.191982
0.337914
0.14956
0.617755
0.461013
0.18506
0.501983
0.0487447
0.265849
0.537283
0.495977
0.622373
0.419289
0.068201
0.453289
0.334153
0.23429
0.865776
0.0617619
0.0626561
0.760957
0.241396
0.593204
0.678478
0.551021
0.539236
0.975686
0.788565
0.661916
0.659554
0.550225
0.109865
0.082229
0.909281
0.386233
0.234871
0.452389
0.72906
0.483985
0.0563862
0.654692
0.0516621
0.274238
0.648273
0.0380656
0.287212
0.265011
0.774874
0.0556994
0.0046537
0.807779
0.710535
0.46195
0.613902
0.78127
0.22221
0.958678
0.160093
0.895408
0.120291
0.168085
0.138515
0.455936
0.330745
0.720859
0.352725
0.938588
0.141335
0.683159
0.787482
0.704316
0.460866
0.248726
0.120388
0.20701
0.192743
0.638138
0.875477
0.584957
0.716748
0.135868
0.945697
0.58728
0.0371085
0.519301
0.204131
0.395746
0.179101
0.668862
0.0705173
0.962241
0.798354
0.191331
0.144204
0.171218
0.567807
0.487644
0.756201
0.834909
0.53001
0.884283
0.853828
0.16078
0.426821
0.680867
0.180678
0.419213
0.86025
0.705235
0.992454
0.567563
0.521392
0.43701
0.308823
0.928294
0.00221237
0.697899
0.74119
0.654678
0.257504
0.389025
0.897817
0.325896
0.420008
0.365659
0.847257
0.771199
0.273194
0.168101
0.481069
0.0663448
0.966319
0.69398
0.464132
0.490339
0.100833
0.40065
0.348745
0.457155
0.910777
0.327627
0.854988
0.92963
0.458563
0.453303
0.705224
0.924086
0.249998
0.365906
0.446481
0.456386
0.522377
0.466531
0.163479
0.0516726
0.996782
0.593907
0.62663
0.823783
0.505194
0.71395
0.397166
0.487454
0.123476
0.256861
0.324251
0.281494
0.144094
0.85099
0.138146
0.346139
0.524568
0.734467
0.83284
0.214463
0.250631
0.444472
0.0750972
0.61702
0.985587
0.368199
0.496459
0.632365
0.844969
0.525914
0.375713
0.595662
0.900791
0.13845
0.82214
0.895788
0.495176
0.849111
0.781317
0.567958
0.0863389
0.493951
0.122988
0.059277
0.797064
0.277617
0.507376
0.296336
0.474438
0.955799
0.0447948
0.497246
0.0045313
0.450707
0.267486
0.127026
0.327568
0.112889
0.218267
0.584262
0.133231
0.295477
0.0787028
0.466785
0.0726152
0.709349
0.336647
0.914701
0.201707
0.93415
0.163523
0.249724
0.901243
0.673713
0.793608
0.209427
0.0880506
0.847377
0.427753
0.404774
0.547705
0.387165
0.717346
0.457989
0.530312
0.185761
0.960287
0.953757
0.279326
0.566475
0.156983
0.0234665
0.283813
0.484395
0.475406
0.208698
0.788002
0.782461
0.38294
0.851715
0.728346
0.750499
0.894828
0.383983
0.439991
0.747679
0.584305
0.374646
0.836149
0.99869
0.20295
0.302464
0.887141
0.50718
0.438205
0.441209
0.0401579
0.111295
0.477978
0.953478
0.826463
0.199118
0.889071
0.983048
0.652214
0.433103
0.083784
0.397433
0.658196
0.575
0.641346
0.81387
0.572962
0.426831
0.928696
0.434253
0.528454
0.4647
0.266907
0.595815
0.751645
0.436839
0.802366
0.271312
0.712831
0.68137
0.294727
0.995998
0.00666827
0.439367
0.977424
0.0675187
0.163747
0.173957
0.596603
0.0858235
0.869055
0.483631
0.786915
0.335397
0.368878
0.339552
0.0708922
0.513671
0.796284
0.272646
0.576268
0.701149
0.428918
0.0762533
0.140075
0.120862
0.184007
0.173421
0.804697
0.685128
0.588251
0.252742
0.22544
0.666955
0.783192
0.505201
0.275729
0.142762
0.98237
0.988465
0.992278
0.652871
0.336842
0.601221
0.19669
0.202384
0.719193
0.877704
0.832059
0.00879199
0.331751
0.265442
0.731456
0.582296
0.242287
0.0972479
0.354004
0.191413
0.786362
0.924206
0.981247
0.617172
0.382427
0.85236
0.451
0.560815
0.12608
0.219118
0.61255
0.384802
0.816286
0.475624
0.181013
0.299511
0.52902
0.958702
0.675279
0.659319
0.518919
0.641126
0.979353
0.43772
0.781602
0.537402
0.473125
0.0761779
0.318949
0.699885
0.958614
0.819295
0.75749
0.463449
0.542941
0.939953
0.584721
0.319129
0.92366
0.85902
0.557202
0.776808
0.419896
0.215562
0.902883
0.501737
0.462685
0.814003
0.255275
0.921935
0.582463
0.104759
0.848135
0.85461
0.978683
0.868185
0.25174
0.358014
0.273064
0.556469
0.775534
0.709407
0.90998
0.0851795
0.0804525
0.430599
0.255252
0.310235
0.899879
0.0963678
0.518627
0.867493
0.553829
0.0819472
0.20532
0.751064
0.602233
0.974829
0.0970567
0.353159
0.481185
0.594765
0.593195
0.927441
0.140128
0.0655129
0.0778043
0.311699
0.135285
0.849066
0.154777
0.823017
0.834916
0.514072
0.941008
0.279709
0.665173
0.486984
0.09198
0.870479
0.993989
0.259918
0.802836
0.192149
0.0256649
0.323222
0.708075
0.308698
0.981302
0.176405
0.721717
0.211916
0.998899
0.645762
0.446702
0.028546
0.0965793
0.514619
0.531123
0.842377
0.570205
0.102775
0.925362
0.106712
0.599308
0.0462421
0.601266
0.0692508
0.730127
0.359753
0.778644
0.0656137
0.260598
0.704688
0.89926
0.00267737
0.486942
0.146523
0.067309
0.634645
0.805827
0.604907
0.610343
0.782052
0.161026
0.163862
0.173628
0.0978083
0.375577
0.215518
0.15281
0.601423
0.654573
0.987962
0.959197
0.364107
0.441379
0.351258
0.153522
0.0861105
0.56505
0.984268
0.600003
0.833763
0.226981
0.212961
0.0683992
0.565609
0.578133
0.250139
0.275982
0.990018
0.35493
0.868841
0.880639
0.0952926
0.647045
0.508201
0.0586113
0.831734
0.989973
0.96965
0.161241
0.822717
0.401031
0.0447496
0.784502
0.325847
0.33122
0.0755714
0.507168
0.268501
0.0658065
0.571136
0.649133
0.646253
0.443662
0.344902
0.446123
0.220877
0.874046
0.773001
0.391493
0.853448
0.194325
0.915688
0.0714767
0.704964
0.318429
0.137074
0.128762
0.959146
0.654831
0.561594
0.137144
0.56323
0.146984
0.851314
0.526231
0.144261
0.502932
0.497009
0.420521
0.666283
0.42639
0.337661
0.168164
0.278402
0.245206
0.299383
0.850298
0.369963
0.461786
0.817326
0.83648
0.411554
0.760487
0.718304
0.82569
0.0323735
0.295417
0.857715
0.434845
0.188615
0.207877
0.272079
0.518047
0.768481
0.0165276
0.904476
0.908213
0.217117
0.19745
0.767855
0.633801
0.79904
0.493438
0.0105139
0.988852
0.508961
0.114893
0.421881
0.959311
0.782956
0.908175
0.605933
0.561886
0.064937
0.447791
0.477259
0.34149
0.195424
0.784392
0.572194
0.542196
0.1094
0.770596
0.705894
0.141363
0.234781
0.268766
0.72235
0.532804
0.808673
0.716114
0.168995
0.201789
0.219787
0.65379
0.281987
0.179892
0.122071
0.585805
0.96443
0.561566
0.294156
0.0954546
0.467639
0.248635
0.264346
0.545253
0.459234
0.684142
0.967536
0.942408
0.893604
0.709263
0.904398
0.676494
0.403293
0.311524
0.501343
0.782182
0.252099
0.0673708
0.836393
0.977268
0.574183
0.286863
0.425095
0.488727
0.792516
0.846593
0.862867
0.886358
0.312031
0.0809368
0.111574
0.965658
0.583434
0.461539
0.702674
0.199254
0.672153
0.662879
0.412161
0.115145
0.502831
0.520322
0.740257
0.93405
0.277467
0.823449
0.0489235
0.843469
0.769207
0.802684
0.147307
0.215684
0.333063
0.00283106
0.311443
0.592263
0.744774
0.671719
0.634666
0.807745
0.0299173
0.540212
0.573175
0.891387
0.215706
0.815147
0.399247
0.750305
0.836883
0.872458
0.343468
0.27622
0.853162
0.932231
0.316
0.298077
0.057155
0.408891
0.806885
0.425046
0.56208
0.994182
0.828586
0.272482
0.54741
0.177859
0.997168
0.531005
0.323978
0.749269
0.40424
0.0728402
0.751612
0.653264
0.262439
0.445798
0.597807
0.781677
0.0678521
0.628791
0.885137
0.296602
0.9582
0.531738
0.875458
0.619548
0.296901
0.335724
0.264645
0.888501
0.706607
0.932797
0.53885
0.662497
0.584883
0.588415
0.344386
0.486821
0.6382
0.841422
0.0546608
0.919564
0.463026
0.579974
0.900799
0.8154
0.24336
0.0325086
0.686411
0.471155
0.639548
0.172736
0.096393
0.947902
0.0641451
0.466099
0.528795
0.487893
0.794219
0.834659
0.228661
0.325142
0.564149
0.573901
0.249167
0.310339
0.889969
0.592246
0.581736
0.703893
0.376475
0.26866
0.313695
0.902871
0.948473
0.731762
0.239387
0.920086
0.355849
0.914145
0.84306
0.122418
0.0809758
0.607772
0.886738
0.883355
0.291822
0.00245431
0.251637
0.320775
0.279352
0.288697
0.826387
0.329048
0.713839
0.334248
0.358923
0.952774
0.772221
