0.569339
0.0788275
0.849701
0.132577
0.480482
0.359154
0.393741
0.863062
0.896524
0.554838
0.697532
0.992448
0.0956878
0.766648
0.93354
0.238467
0.961872
0.585471
0.807607
0.546643
0.5504
0.297919
0.663169
0.813807
0.0073392
0.317585
0.256377
0.196984
0.622397
0.306612
0.198152
0.511335
0.0421386
0.540819
0.246711
0.621267
0.631591
0.268901
0.636393
0.752199
0.178537
0.152544
0.488029
0.254621
0.479361
0.650549
0.700802
0.488527
0.472616
0.644312
0.394105
0.757946
0.277414
0.317023
0.457021
0.601236
0.82961
0.943443
0.326938
0.738786
0.600761
0.0501356
0.0679571
0.777906
0.528212
0.126052
0.112159
0.604291
0.941505
0.388649
0.301931
0.980632
0.224673
0.426986
0.601096
0.108183
0.51223
0.892264
0.770931
0.690687
0.939587
0.223608
0.171288
0.167353
0.0150748
0.368503
0.758158
0.0102529
0.211452
0.764413
0.902523
0.178514
0.190369
0.681671
0.666552
0.574478
0.48501
0.124301
0.280542
0.134087
0.124085
0.288739
0.564597
0.133715
0.0396355
0.947975
0.82369
0.0537129
0.961141
0.974172
0.148522
0.112255
0.839718
0.495745
0.354133
0.660941
0.219628
0.290862
0.00122337
0.0116598
0.90639
0.937698
0.262682
0.502704
0.109563
0.662291
0.180786
0.795781
0.907139
0.770737
0.922799
0.522685
0.188836
0.757356
0.97243
0.651839
0.814164
0.190522
0.965174
0.657065
0.404795
0.402082
0.801538
0.275977
0.803256
0.660055
0.979792
0.0621167
0.563496
0.116006
0.702311
0.0681406
0.622243
0.871732
0.166253
0.703225
0.0722903
0.557751
0.339212
0.0662979
0.0591781
0.779779
0.402118
0.799075
0.595102
0.967837
0.0582986
0.0161887
0.435115
0.0182618
0.635507
0.916053
0.96673
0.060022
0.335706
0.794242
0.347867
0.00729207
0.362462
0.644678
0.184487
0.746548
0.207403
0.934124
0.694726
0.387746
0.710572
0.947866
0.662744
0.446386
0.179885
0.783737
0.843092
0.588684
0.980215
0.93084
0.0621447
0.146408
0.844978
0.19445
0.87911
0.273393
0.458238
0.119579
0.457883
0.579444
0.436337
0.113305
0.705714
0.687907
0.184248
0.133891
0.550311
0.0408239
0.124971
0.886584
0.471531
0.526185
0.259883
0.387102
0.727968
0.390284
0.546945
0.312072
0.623375
0.548258
0.176481
0.660729
0.106703
0.699206
0.226515
0.501125
0.776035
0.883869
0.955766
0.477675
0.272876
0.168275
0.15298
0.204635
0.68734
0.284346
0.734562
0.0861809
0.862437
0.584007
0.537899
0.180922
0.804781
0.514439
0.134452
0.0960512
0.0399095
0.968953
0.660535
0.501345
0.234549
0.865203
0.651699
0.952652
0.952518
0.81556
0.678771
0.931922
0.520482
0.838397
0.755819
0.227917
0.215438
0.934504
0.408186
0.951402
0.855259
0.232697
0.920725
0.190326
0.846872
0.755378
0.838585
0.336448
0.674828
0.212994
0.267844
0.128829
0.687052
0.500927
0.219558
0.974641
0.0221013
0.461483
0.0201876
0.689089
0.825541
0.426362
0.346501
0.979038
0.736691
0.733186
0.35263
0.568451
0.617467
0.238624
0.135274
0.255256
0.661517
0.568104
0.892935
0.185809
0.421932
0.0379546
0.647514
0.194446
0.987926
0.960817
0.849223
0.31183
0.625839
0.324293
0.99617
0.453482
0.466602
0.335943
0.141513
0.256583
0.00599558
0.136213
0.872078
0.268072
0.217009
0.190728
0.777737
0.416331
0.423308
0.961758
0.254643
0.732356
0.605072
0.00899479
0.643613
0.848302
0.388589
0.739631
0.827885
0.37694
0.827287
0.229368
0.942135
0.705909
0.0249192
0.685472
0.571161
0.423654
0.399448
0.153206
0.425015
0.305983
0.484386
0.122105
0.134212
0.368466
0.304994
0.161304
0.432182
0.649818
0.898057
0.168973
0.71279
0.758943
0.146464
0.386642
0.638487
0.480784
0.171677
0.655062
0.0268006
0.76169
0.257885
0.376088
0.377827
0.232419
0.431357
0.346858
0.433729
0.664454
0.329724
0.136674
0.441381
0.298433
0.557675
0.858822
0.303918
0.6163
0.903894
0.869258
0.445388
0.998727
0.919103
0.482309
0.532068
0.360314
0.871409
0.911909
0.600987
0.777092
0.128345
0.686484
0.568568
0.161047
0.799342
0.516256
0.552793
0.604909
0.511906
0.821327
0.981384
0.166892
0.172036
0.718867
0.830626
0.515447
0.366863
0.644939
0.728633
0.251294
0.191092
0.191767
0.465791
0.711101
0.747499
0.830571
0.935834
0.233265
0.248887
0.469418
0.732411
0.298008
0.229207
0.417752
0.207148
0.79357
0.13746
0.27749
0.914224
0.523501
0.834207
0.7442
0.291651
0.600444
0.0628161
0.436421
0.169265
0.115308
0.917712
0.758018
0.489126
0.796935
0.975542
0.398478
0.474538
0.885258
0.0580061
0.557476
0.467217
0.280013
0.759977
0.622978
0.152319
0.355636
0.839151
0.416603
0.671641
0.576339
0.328648
0.916285
0.388691
0.486211
0.961875
0.0324351
0.0377098
0.0795802
0.460005
0.401634
0.471171
0.533913
0.647462
0.528809
0.631246
0.501511
0.466537
0.639417
0.587104
0.274313
0.860197
0.643469
0.598853
0.632809
0.756947
0.390712
0.87897
0.644746
0.727125
0.51599
0.974581
0.11933
0.481909
0.0146788
0.63885
0.771576
0.379823
0.15327
0.720657
0.050394
0.515018
0.93403
0.819208
0.822892
0.655775
0.520017
0.471542
0.737438
0.267475
0.538093
0.813743
0.906119
0.824269
0.570022
0.169322
0.211932
0.919339
0.60216
0.127176
0.113215
0.618083
0.744544
0.859541
0.369738
0.38823
0.63372
0.360836
0.959115
0.841669
0.919083
0.789956
0.422789
0.604057
0.145004
0.595192
0.389138
0.0605745
0.147733
0.96749
0.0438753
0.577043
0.372952
0.638051
0.388544
0.298542
0.991472
0.443453
0.709535
0.6898
0.349524
0.389123
0.349824
0.568597
0.545634
0.745115
0.145314
0.544933
0.221419
0.479322
0.270568
0.743861
0.88417
0.155476
0.713225
0.0270636
0.203629
0.0723371
0.641592
0.740247
0.14606
0.368039
0.358951
0.866583
0.852704
0.348539
0.329306
0.266246
0.880704
0.961136
0.565602
0.378375
0.876594
0.903629
0.756778
0.835805
0.872442
0.745697
0.358988
0.127121
0.883872
0.736998
0.318672
0.621541
0.357626
0.216453
0.497613
0.594571
0.258331
0.789056
0.526102
0.0473686
0.698505
0.175411
0.383242
0.715421
0.162791
0.233821
0.108806
0.55717
0.461765
0.447224
0.0852692
0.416494
0.835465
0.420596
0.679406
0.341889
0.925962
0.189675
0.757945
0.666375
0.295418
0.539163
0.562071
0.585457
0.354449
0.692341
0.119836
0.957091
0.0482267
0.859747
0.701522
0.172017
0.285183
0.782871
0.132131
0.23309
0.654218
0.652401
0.43288
0.0455243
0.0325903
0.985109
0.819847
0.968004
0.468799
0.114236
0.730982
0.51254
0.0795714
0.178924
0.409075
0.68511
0.621742
0.95604
0.119009
0.439775
0.889754
0.112958
0.501282
0.572019
0.846665
0.976843
0.311574
0.372361
0.871148
0.390986
0.805389
0.689406
0.956557
0.0757419
0.577212
0.365059
0.209155
0.571827
0.0782019
0.74575
0.901195
0.813991
0.72122
0.0581976
0.179747
0.920344
0.915846
0.862668
0.410913
0.632955
0.645525
0.16916
0.428112
0.496639
0.240024
0.899034
0.176249
0.649099
0.42025
0.980646
0.781513
0.678276
0.243203
0.753235
0.828289
0.890921
0.096194
0.59705
0.204004
0.524203
0.854166
0.104192
0.718763
0.937267
0.481853
0.523668
0.740077
0.406856
0.0518353
0.639164
0.653901
0.22039
0.151721
0.844899
0.502718
0.779374
0.445072
0.68013
0.809999
0.463875
0.251495
0.476895
0.576643
0.817518
0.201928
0.784629
0.170371
0.869631
0.0771468
0.936479
0.445969
0.650688
0.892075
0.713417
0.439317
0.481386
0.590098
0.6608
0.563878
0.0228124
0.207201
0.100202
0.151899
0.662534
0.286795
0.761319
0.868513
0.523548
0.614901
0.26918
0.825549
0.0521129
0.491334
0.638645
0.320766
0.774271
0.430325
0.169516
0.455955
0.890532
0.801856
0.528981
0.391461
0.457325
0.796569
0.128576
0.83282
0.139713
0.0170628
0.411237
0.060206
0.620286
0.13909
0.351272
0.77197
0.313015
0.0206851
0.711802
0.715406
0.691582
0.598294
0.10413
0.384831
0.64765
0.199128
0.752267
0.822716
0.206235
0.0650461
0.72625
0.213751
0.160419
0.182316
0.887844
0.265003
0.267317
0.124783
0.294184
0.972773
0.696162
0.284673
0.135699
0.401725
0.891173
0.0884996
0.376219
0.904451
0.204834
0.809177
0.375618
0.871518
0.839624
0.332849
0.691902
0.916075
0.404925
0.922841
0.643625
0.509411
0.227569
0.755861
0.965182
0.428921
0.355872
0.300506
0.253613
0.0832484
0.525564
0.0770591
0.79904
0.580787
0.261365
0.915483
0.324162
0.526526
0.125764
0.18745
0.459212
0.929739
0.252852
0.325308
0.693979
0.236101
0.948803
0.554282
0.83839
0.220161
0.161299
0.140693
0.569015
0.630051
0.918378
0.54397
0.536365
0.152513
0.363386
0.61094
0.976358
0.592669
0.736283
0.868036
0.899483
0.846327
0.109438
0.6838
0.636173
0.935715
0.190116
0.112453
0.924998
0.208785
0.0114753
0.130602
0.732821
0.448732
0.228254
0.865958
0.741927
0.948895
0.941469
0.261762
0.261413
0.694842
0.726284
0.251289
0.0522437
0.544545
0.549801
0.477504
0.799707
0.744737
0.263596
0.167829
0.399893
0.38597
0.951549
0.500965
0.804092
0.0994035
0.544787
0.70187
0.953148
0.555619
0.142585
0.250141
0.1182
0.355082
0.448787
0.636924
0.641749
0.448836
0.388096
0.47622
0.89372
0.762956
0.545475
0.194086
0.467629
0.17649
0.321206
0.119579
0.483676
0.692483
0.834073
0.0857768
0.216244
0.660605
0.802401
0.330371
0.76572
0.574253
0.918825
0.930337
0.263999
0.916221
0.661428
0.810085
0.52478
0.282366
0.319901
0.638617
0.291563
0.659381
0.279093
0.224817
0.778653
0.56227
0.744358
0.142107
0.690171
0.232156
0.161393
0.807392
0.47776
0.563284
0.721165
0.977223
0.233431
0.586572
0.214791
0.203418
0.631179
0.0854028
0.263435
0.363282
0.115599
0.322489
0.344383
0.915423
0.0735269
0.843847
0.833894
0.340623
0.0769194
0.323648
0.857907
0.282915
0.0546502
0.654948
0.483967
0.50972
0.791436
0.52318
0.362151
0.110767
0.988357
0.395545
0.568071
0.106768
0.967006
0.476962
0.488404
0.695887
0.279243
0.393193
0.480515
0.76478
0.0343866
0.606307
0.725834
0.895021
0.47997
0.334167
0.410895
0.26015
0.293123
0.908666
0.0644078
0.975408
0.286173
0.105786
0.454747
0.37584
0.83437
0.421757
0.690002
0.391383
0.642538
0.716166
0.114522
0.699505
0.229826
0.574371
0.147482
0.106594
0.490509
0.255992
0.579842
0.850984
0.430128
0.187024
0.735407
0.756295
0.371386
0.0908531
0.628986
0.283375
0.997084
0.788953
0.211346
0.477128
0.418441
0.514961
0.946039
0.123757
0.0816885
0.230833
0.692917
0.302378
0.0928299
0.475991
0.837168
0.931966
0.205879
0.398326
0.399204
0.00591047
0.614184
0.755248
0.264723
0.847448
0.683663
0.562572
0.0480351
0.748906
0.154605
0.12148
0.695411
0.937508
0.187669
0.956447
0.403681
0.373985
0.977111
0.264779
0.610321
0.118139
0.815336
0.132789
0.541281
0.855399
0.404918
0.903787
0.740349
0.740947
0.113137
0.880683
0.729761
0.258651
0.434115
0.271065
0.666573
0.0309137
0.99116
0.720014
0.309181
0.511053
0.961595
0.931296
0.686057
0.500659
0.348147
0.57289
0.347555
0.635377
0.827151
0.137072
0.935405
0.892545
0.560998
0.47652
0.661724
0.621642
0.246946
0.742802
0.47096
0.999464
0.0510764
0.292102
0.0369127
0.267772
0.413381
0.66724
0.136938
0.757007
0.712149
0.208577
0.215633
0.0615029
0.546744
0.623131
0.0926781
0.0304243
0.180297
0.228253
0.995076
0.445556
0.843792
0.90473
0.97626
0.61475
0.883893
0.72901
0.580429
0.891438
0.149028
0.654114
0.699519
0.293841
0.38961
0.730405
0.841318
0.638085
0.910252
0.939491
0.0449404
0.178045
0.755045
0.0510059
0.85437
0.908422
0.23626
0.278755
0.985143
0.0739044
0.465285
0.189379
0.879676
0.545433
0.345373
0.526439
0.0800909
0.926913
0.662201
0.983668
0.911954
0.892021
0.975056
0.206449
0.0657346
0.798015
0.205724
0.301093
0.183033
0.377942
0.651261
0.709287
0.268359
0.372589
0.0629388
0.977615
0.462677
0.48515
0.860376
0.435885
0.757384
0.612648
0.151015
0.0246564
0.571776
0.926878
0.801951
0.205547
0.949545
0.789625
0.920455
0.908963
0.771438
0.435905
0.964014
0.64351
0.174822
0.814226
0.617008
0.511314
0.13879
0.283127
0.80914
0.671735
0.521813
0.739646
0.265449
0.000128126
0.0478217
0.736367
0.180855
0.462756
0.427241
0.492272
0.172218
0.701025
0.567523
0.267373
0.632812
0.0603437
0.0477343
0.605271
0.0176921
0.247318
0.471382
0.272813
0.484714
0.674479
0.374089
0.241572
0.434088
0.723986
0.941095
0.424936
0.0442571
0.000229249
0.948254
0.716658
0.31724
0.42225
0.758286
0.155304
0.959469
0.723406
0.362823
0.130213
0.13895
0.535947
0.436443
0.104564
0.969206
0.0331717
0.502607
0.840101
0.911267
0.333931
0.424367
0.989493
0.425296
0.560041
0.90976
0.224988
0.767764
0.869014
0.300113
0.698646
0.288705
0.2673
0.33221
0.133625
0.561384
0.153998
0.212588
0.584884
0.738986
0.836841
0.880483
0.444987
0.635991
0.431608
0.0287684
0.585559
0.594033
0.779875
0.937194
0.50726
0.92486
0.275758
0.695186
0.0928006
0.484151
0.793478
0.632301
0.165606
0.0574766
0.309543
0.00805177
0.0947527
0.125256
0.28629
0.74803
0.157835
0.284439
0.289908
0.834504
0.0933463
0.984404
0.763567
0.939211
0.584138
0.929581
0.330631
0.887029
0.703497
0.948712
0.485534
0.354297
0.807648
0.719681
0.672064
0.942872
0.243003
0.220581
0.750925
0.501987
0.984438
0.310081
0.892831
0.490548
0.559678
0.120255
0.963494
0.63747
0.857417
0.684145
0.47244
0.935495
0.984893
0.271937
0.0805969
0.0765249
0.551844
0.58107
0.47736
0.767634
0.168452
0.906378
0.0404761
0.275385
0.780716
0.537869
0.0832016
0.777649
0.141156
0.756118
0.393516
0.675015
0.313565
0.125251
0.77079
0.497675
0.539931
0.571888
0.141689
0.377442
0.0389697
0.789188
0.885272
0.363755
0.878624
0.258461
0.330525
0.223271
0.384603
0.952071
0.34479
0.377952
0.705756
0.143445
0.642868
0.582241
0.100759
0.134921
0.530927
0.369182
0.544718
0.632688
0.28175
0.557688
0.423682
0.85084
0.632508
0.478329
0.66443
0.330304
0.623089
0.154403
0.90061
0.767705
0.649503
0.165508
0.0483205
0.0358357
0.554391
0.554559
0.552786
0.718104
0.0296856
0.721093
0.779649
0.325068
0.613625
0.278599
0.932034
0.0011551
0.637432
0.905266
0.196418
0.516799
0.823228
0.296675
0.140403
0.72449
0.299607
0.329733
0.799947
0.94499
0.585365
0.817064
0.422289
0.804741
0.273922
0.495505
0.662635
0.145651
0.645159
0.533928
0.483584
0.391574
0.434988
0.671255
0.577223
0.824532
0.958369
0.657005
0.883904
0.0558499
0.114565
0.985165
0.440412
0.260707
0.271581
0.395288
0.443563
0.0221834
0.716867
0.299987
0.687793
0.770859
0.566721
0.984437
0.365684
0.0921941
0.857899
0.0615608
0.88585
0.563151
0.64856
0.40454
0.490087
0.310546
0.4948
0.112229
0.504015
0.801445
0.610588
0.399739
0.191191
0.0853058
0.399133
0.765267
0.252998
0.76585
0.529897
0.864295
0.293935
0.268502
0.654869
0.733739
0.0428992
0.768962
0.267065
0.413578
0.733499
0.960518
0.752547
0.46488
0.135418
0.311175
0.509386
0.795735
0.0107657
0.300192
0.548054
0.578805
0.550327
0.0732731
0.432703
0.822736
0.303369
0.080308
0.89849
0.419136
0.662259
0.297413
0.526009
0.875812
0.496257
0.0278636
0.754588
0.64086
0.239775
0.613088
0.644684
0.351994
0.659177
0.262887
0.524
0.157269
0.408813
0.411278
0.809951
0.229901
0.412052
0.744492
0.0475096
0.433025
0.661458
0.00165063
0.555569
0.91352
0.749631
0.180576
0.372673
0.734886
0.332208
0.483574
0.856828
0.131134
0.89657
0.667849
0.926625
0.223045
0.785743
0.0529039
0.749621
0.985155
0.562564
0.687232
0.0181472
0.0191045
0.522024
0.0556354
0.445132
0.878645
0.229765
0.441461
0.200353
0.830729
0.789213
0.307407
0.35293
0.902447
0.593973
0.903036
0.83673
0.414373
0.514221
0.614553
0.841672
0.877059
0.907795
0.731654
0.693183
0.245077
0.480566
0.965451
0.709104
0.73225
0.344985
0.114524
0.525612
0.536522
0.409053
0.617293
0.171212
0.219011
0.695299
0.453248
0.311441
0.74352
0.147236
0.688149
0.94515
0.636243
0.106982
0.604982
0.771887
0.24057
0.945649
0.298703
0.0649718
0.653553
0.859468
0.249418
0.238349
0.253231
0.317054
0.567993
0.397766
0.0504712
0.353791
0.479447
0.237482
0.706024
0.0853333
0.950591
0.75214
0.834904
0.879494
0.917109
0.779274
0.462334
0.339435
0.63066
0.701218
0.353695
0.933048
0.730552
0.808873
0.0117777
0.51175
0.0699167
0.976808
0.580086
0.180671
0.851715
0.211914
0.618924
0.768949
0.824859
0.892382
0.897769
0.346116
0.0585353
0.864309
0.54333
0.161173
0.219079
0.638674
0.874393
0.862344
0.623208
0.69972
0.497665
0.388656
0.545388
0.525082
0.22845
0.945324
0.847195
0.436488
0.167136
0.516716
0.886465
0.234588
0.971139
0.946293
0.676293
0.45364
0.186806
0.859899
0.411931
0.0596789
0.898376
0.0246983
0.769562
0.225238
0.234836
0.374961
0.756648
0.741001
0.178922
0.724534
0.69032
0.291742
0.743994
0.207428
0.969287
0.148306
0.579806
0.404336
0.43591
0.144888
0.0371814
0.631397
0.409383
0.665246
0.382484
0.0640591
0.539496
0.687175
0.529094
0.0893098
0.0947685
0.500335
0.633644
0.748693
0.223557
0.726354
0.783809
0.75482
0.333889
0.0528396
0.910702
0.937867
0.701188
0.0578646
0.328367
0.480156
0.350049
0.210373
0.875385
0.336743
0.793426
0.376534
0.376719
0.323316
0.0645691
0.325147
0.12975
0.0448124
0.550421
0.445825
0.152008
0.186442
0.277624
0.320596
0.887567
0.692741
0.112011
0.108643
0.289703
0.948167
0.580419
0.658033
0.758233
0.886819
0.387592
0.0492467
0.279729
0.447654
0.653976
0.372478
0.755731
0.000630078
0.999453
0.0535277
0.383433
0.755272
0.27518
0.566026
0.494554
0.37715
0.653684
0.420367
0.519634
0.762378
0.0284921
0.460187
0.695338
0.750552
0.885797
0.439428
0.743846
0.53699
0.784307
0.426729
0.289993
0.855082
0.0391538
0.00522738
0.972853
0.198086
0.474364
0.0556412
0.644777
0.0802841
0.464193
0.843972
0.123998
0.847435
0.560008
0.915499
0.0142619
0.951438
0.670477
0.0709685
0.796382
0.352611
0.0274805
0.0572827
0.520947
0.661143
0.701987
0.210547
0.110419
0.423943
0.20214
0.178446
0.263868
0.248077
0.308407
0.794492
0.602734
0.92603
0.486431
0.133435
0.874278
0.254947
0.926792
0.302177
0.534915
0.401882
0.779395
0.860505
0.660606
0.893455
0.993237
0.784976
0.739356
0.705865
0.44565
0.247194
0.594979
0.0118081
0.371579
0.262843
0.0837
0.479162
0.518709
0.791726
0.908499
0.581149
0.561087
0.601864
0.691313
0.855201
0.23831
0.168374
0.52774
0.197085
0.500382
0.330973
0.813952
0.507328
0.0854028
0.760784
0.373216
0.102686
0.577155
0.061169
0.0145015
0.435923
0.689868
0.5172
0.014523
0.315233
0.679298
0.418238
0.0473639
0.968762
0.999076
0.673976
0.638229
0.73339
0.00358805
0.891238
0.225505
0.655719
0.857695
0.859988
0.22982
0.120969
0.373183
0.0715746
0.276461
0.524538
0.818936
0.698877
0.62818
0.895937
0.247811
0.644213
0.872029
0.63855
0.242974
0.0696448
0.564932
0.742688
0.96775
0.431632
0.658862
0.531379
0.555727
0.334278
0.806733
0.0532371
0.913008
0.44422
0.538376
0.166435
0.635116
0.675452
0.637232
0.307342
0.663713
0.887314
0.775442
0.731575
0.958892
0.824227
0.596931
0.465554
0.507208
0.732988
0.269347
0.0982698
0.68947
0.819786
0.346729
0.0771848
0.0626726
0.726394
0.152941
0.278122
0.441503
0.804344
0.125645
0.432786
0.987064
0.756015
0.68937
0.0801756
0.0334214
0.887593
0.0246825
0.899779
0.681914
0.029482
0.112179
0.789486
0.766164
0.663233
0.127968
0.0157114
0.639671
0.861467
0.95834
0.562487
0.895189
0.791905
0.597938
0.480139
0.361403
0.663725
0.528016
0.345399
0.120237
0.125039
0.107483
0.349048
0.446387
0.11715
0.737276
0.330565
0.313943
0.775455
0.152672
0.908061
0.149264
0.629773
0.195692
0.954721
0.613092
0.458308
0.601912
0.640155
0.389187
0.874615
0.0267624
0.6418
0.226225
0.0239817
0.0202149
0.66918
0.780358
0.522614
0.400592
0.184659
0.483981
0.143378
0.722895
0.589636
0.206972
0.477717
0.601402
0.314793
0.18222
0.993408
0.328145
0.195156
0.0814623
0.120004
0.0580039
0.649677
0.626331
0.149122
0.810502
0.938874
0.115126
0.0145075
0.0445376
0.123659
0.740626
0.782134
0.692874
0.0399591
0.886415
0.0501383
0.789549
0.605531
0.257537
0.912615
0.687556
0.662933
0.0533246
0.475008
0.74758
0.415122
0.695607
0.760251
0.764535
0.553932
0.405806
0.299993
0.418598
0.828188
0.455848
0.871991
0.415598
0.561218
0.216342
0.456411
0.619237
0.338353
0.802895
0.565586
0.13936
0.0272525
0.383139
0.750384
0.657318
0.149039
0.176216
0.352222
0.224041
0.44156
0.645637
0.402346
0.987331
0.708288
0.0190709
0.910426
0.0111478
0.771288
0.181931
0.694732
0.238235
0.864867
0.322848
0.662464
0.96851
0.440705
0.774301
0.993372
0.768809
0.854454
0.337722
0.853442
0.691787
0.542982
0.983594
0.675401
0.275813
0.8392
0.0112549
0.97909
0.525364
0.366915
0.2784
0.124238
0.575923
0.840839
0.697776
0.663808
0.161387
0.371127
0.712834
0.937051
0.644308
0.338668
0.675354
0.106933
0.0284746
0.166782
0.775121
0.895859
0.825101
0.154484
0.873682
0.377989
0.658426
0.735682
0.384921
0.681037
0.499333
0.929377
0.242062
0.195863
0.513306
0.505788
0.609602
0.942432
0.455087
0.64271
0.338954
0.398602
0.851694
0.478519
0.298071
0.935547
0.840881
0.64376
0.0190618
0.372785
0.24684
0.374302
0.346673
0.986917
0.450646
0.143898
0.548872
0.660566
0.0236175
0.025755
0.501884
0.77743
0.820456
0.0558691
0.155861
0.316704
0.225908
0.734001
0.230427
0.947574
0.80929
0.590408
0.111527
0.868897
0.526433
0.489572
0.180407
0.496784
0.201096
0.00164203
0.660383
0.53014
0.862926
0.422494
0.943459
0.658458
0.41533
0.0274029
0.802306
0.96829
0.453777
0.742402
0.189611
0.776137
0.254393
0.458751
0.407849
0.0678449
0.752032
0.185314
0.421932
0.923117
0.112368
0.497629
0.597265
0.262133
0.802958
0.557273
0.295229
0.941861
0.665268
0.284192
0.0403185
0.0146534
0.0746253
0.970795
0.736045
0.430311
0.869289
0.980616
0.907477
0.75268
0.229955
0.222326
0.970665
0.281862
0.62345
0.41831
0.762801
0.758064
0.47957
0.313568
0.220953
0.513521
0.0513243
0.192235
0.2279
0.309539
0.988376
0.972008
0.143937
0.730579
0.369379
0.858847
0.839481
0.935821
0.561823
0.822274
0.881458
0.307739
0.0633183
0.0257231
0.806961
0.400154
0.954667
0.140133
0.482891
0.761369
0.701265
0.292368
0.0253044
0.344597
0.130564
0.141122
0.966412
0.975968
0.416478
0.468954
0.0164329
0.151054
0.302394
0.379837
0.440825
0.422513
0.321413
0.0621432
0.164976
0.866773
0.099862
0.756203
0.45154
0.907147
0.793377
0.657192
0.662729
0.0713009
0.997353
0.788173
0.764522
0.0495204
0.571721
0.886299
0.154314
0.532492
0.0117033
0.0439622
0.213507
0.390972
0.956091
0.715236
0.542795
0.106319
0.254839
0.282161
0.361462
0.816494
0.523404
0.353514
0.339032
0.236349
0.957259
0.925369
0.645663
0.0476905
0.0423386
0.023521
0.997435
0.745261
0.865966
0.675776
0.113343
0.471855
0.0202135
0.761261
0.184456
0.27555
0.617371
0.270558
0.801549
0.466279
0.539697
0.203224
0.869236
0.920649
0.577132
0.296967
0.0269386
0.974926
0.0657823
0.570781
0.157808
0.848986
0.512299
0.778463
0.5123
0.572794
0.430374
0.714941
0.0359464
0.248447
0.229381
0.899804
0.957815
0.254507
0.0254468
0.995028
0.993025
0.932204
0.926327
0.890209
0.608956
0.870348
0.449781
0.593226
0.272627
0.649742
0.932674
0.0293545
0.162884
0.990337
0.70952
0.385539
0.940062
0.735772
0.431772
0.804785
0.394986
0.264716
0.283367
0.210917
0.462816
0.151805
0.175467
0.178639
0.84196
0.903282
0.355044
0.488941
0.438683
0.0503551
0.367074
0.212234
0.159661
0.53592
0.214674
0.258935
0.454295
0.344562
0.112156
0.654043
0.479568
0.00769147
0.221445
0.757779
0.914011
0.738334
0.127544
0.527766
0.667986
0.999775
0.304072
0.903109
0.687738
0.19431
0.287847
0.663379
0.871079
0.708249
0.634745
0.306621
0.547141
0.756276
0.8127
0.477307
0.958894
0.0319971
0.594687
0.263618
0.132074
0.107931
0.00781927
0.480793
0.765218
0.71081
0.768734
0.304843
0.883013
0.605056
0.630867
0.862776
0.505429
0.537338
0.0656355
0.724996
0.114744
0.552384
0.729548
0.794188
0.0449106
0.250706
0.725831
0.772966
0.172112
0.97238
0.958263
0.442713
0.910249
0.668746
0.346724
0.18029
0.223425
0.29497
0.264133
0.237276
0.315507
0.643883
0.412304
0.619757
0.503721
0.656618
0.228349
0.749439
0.588887
0.233507
0.970552
0.0430702
0.881956
0.524375
0.812361
0.577352
0.392473
0.484653
0.976695
0.888215
0.434952
0.77008
0.374364
0.915221
0.530876
0.618612
0.569604
0.585336
0.638875
0.930436
0.730057
0.0211053
0.0333657
0.408813
0.355923
0.508339
0.607709
0.262531
0.338055
0.225842
0.626066
0.191401
0.19787
0.728109
0.0831593
0.515508
0.331138
0.630241
0.858377
0.907643
0.615348
0.832482
0.0636895
0.316558
0.593744
0.437043
0.876788
0.5898
0.191551
0.614353
0.0790846
0.693565
0.638271
0.167201
0.240775
0.983218
0.178184
0.86817
0.443009
0.443694
0.618586
0.658726
0.399102
0.848008
0.910568
0.438934
0.526325
0.687854
0.444467
0.139901
0.575878
0.0638788
0.468905
0.72056
0.950022
0.757447
0.649794
0.9832
0.437892
0.32901
0.623016
0.0503642
0.426766
0.455902
0.697372
0.812218
0.709165
0.620922
0.531118
0.191803
0.361794
0.700236
0.219217
0.681014
0.436772
0.656226
0.505018
0.67381
0.0500321
0.675037
0.935262
0.0942978
0.412845
0.492643
0.633277
0.599348
0.0882362
0.265906
0.648489
0.271472
0.376911
0.599402
0.158045
0.44158
0.191855
0.464444
0.818079
0.337595
0.376699
0.406255
0.99052
0.362711
0.118648
0.981213
0.936188
0.418137
0.984827
0.226486
0.490835
0.260174
0.294238
0.00793751
0.618549
0.867958
0.106421
0.180535
0.236334
0.689561
0.711009
0.776705
0.0860647
0.55583
0.520939
0.71835
0.291013
0.301893
0.0404984
0.291549
0.285805
0.881588
0.88104
0.701568
0.906332
0.475566
0.376554
0.917615
0.271384
0.184746
0.384982
0.463439
0.575
0.94601
0.103213
0.52889
0.0899235
0.500018
0.769315
0.534956
0.437947
0.646969
0.916228
0.883774
0.632593
0.0244405
0.741725
0.637324
0.139168
0.342958
0.635368
0.834319
0.970427
0.971903
0.828408
0.0580386
0.782551
0.388283
0.264187
0.188467
0.122474
0.889222
0.309061
0.0794454
0.757173
0.696575
0.958856
0.586051
0.988575
0.236012
0.330421
0.132401
0.492268
0.103208
0.404838
0.923094
0.0190594
0.301072
0.602874
0.762656
0.914735
0.623561
0.73564
0.377624
0.404059
0.364398
0.582921
0.585126
0.678894
0.350721
0.974272
0.222515
0.449947
0.327281
0.718031
0.9699
0.430756
0.774153
0.851532
0.805144
0.404644
0.263109
0.22655
0.628296
0.62857
0.536807
0.0436464
0.506457
0.841687
0.292373
0.750901
0.954107
0.731038
0.188018
0.54427
0.13445
0.424013
0.569706
0.72809
0.876915
0.387868
0.80096
0.567068
0.524593
0.171149
0.429949
0.106547
0.749977
0.174588
0.850706
0.346474
0.450678
0.332491
0.719353
0.233753
0.0305701
0.42007
0.779756
0.216978
0.792079
0.278925
0.961129
0.0464621
0.0808239
0.904787
0.555829
0.221089
0.511078
0.560809
0.137275
0.486379
0.989987
0.160428
0.410565
0.68846
0.844064
0.0721018
0.81194
0.377971
0.372127
0.568866
0.511777
0.335336
0.527915
0.353439
0.272251
0.850951
0.46538
0.663977
0.644196
0.423037
0.998847
0.140682
0.828415
0.0192951
0.484156
0.696144
0.0116901
0.847641
0.15861
0.982975
0.364305
0.898208
0.592326
0.253856
0.272295
0.137333
0.974066
0.656613
0.00919736
0.409311
0.217028
0.627477
0.668414
0.772373
0.647641
0.0997887
0.408579
0.181634
0.215453
0.83683
0.167684
0.449777
0.347812
0.0675972
0.836504
0.985176
0.438257
0.0596217
0.482505
0.61147
0.661756
0.507646
0.636373
0.222452
0.169817
0.531429
0.599779
0.184151
0.441059
0.966639
0.951057
0.889508
0.388156
0.0757747
0.666473
0.920694
0.945721
0.619648
0.64174
0.702434
0.331803
0.938654
0.909427
0.708229
0.890998
0.0769264
0.480053
0.607404
0.648018
0.0026337
0.31797
0.480328
0.977118
0.757557
0.0639457
0.219913
0.925476
0.228589
0.357254
0.145018
0.565013
0.175224
0.241357
0.11888
0.502208
0.554081
0.769463
0.00198004
0.981731
0.69317
0.364536
0.650166
0.969138
0.64603
0.0813865
0.77195
0.699166
0.420061
0.786578
0.268535
0.684101
0.182999
0.979212
0.872614
0.162674
0.421557
0.218601
0.608912
0.612719
0.837648
0.0410414
0.895213
0.556232
0.273704
0.440753
0.346143
0.544977
0.286299
0.806515
0.0669891
0.257237
0.285977
0.100834
0.568184
0.248817
0.740429
0.0522121
0.165027
0.253386
0.710242
0.7576
0.859776
0.806988
0.358527
0.669141
0.407356
0.0526861
0.00858911
0.636232
0.384791
0.598801
0.922805
0.860627
0.557892
0.5869
0.760173
0.476876
0.890591
0.486836
0.249108
0.540659
0.00926368
0.86775
0.559472
0.483179
0.419368
0.261495
0.602109
0.627516
0.828126
0.87576
0.962114
0.776459
0.811801
0.198231
0.577665
0.773184
0.704846
0.461752
0.257738
0.369102
0.438469
0.204963
0.292019
0.871401
0.995148
0.127678
0.823207
0.294233
0.405243
0.562511
0.229992
0.397853
0.341763
0.55544
0.65698
0.675244
0.728878
0.538686
0.470723
0.864338
0.656182
0.302374
0.415213
0.935043
0.577042
0.775813
0.832422
0.164197
0.893089
0.380331
0.780444
0.207856
0.602244
0.472552
0.733945
0.436396
0.0679176
0.292003
0.417193
0.385062
0.738602
0.640255
0.573829
0.820986
0.373407
0.2378
0.991962
0.967
0.986039
0.0883427
0.92089
0.775181
0.233049
0.834748
0.589882
0.627593
0.170694
0.174714
0.0496568
0.451786
0.925318
0.161904
0.472601
0.311395
0.924495
0.011098
0.256405
0.146236
0.0177279
0.8474
0.0812592
0.164674
0.228789
0.0302255
0.0696741
0.0285091
0.335665
0.785417
0.492272
0.372058
0.566033
0.118109
0.72391
0.810136
0.412677
0.829636
0.686726
0.997306
0.325928
0.174201
0.0881402
0.00817699
0.943596
0.691394
0.155415
0.472826
0.125664
0.139863
0.357351
0.123397
0.521626
0.641929
0.943485
0.00439635
0.410536
0.780097
0.413217
0.554065
0.605482
0.725426
0.147454
0.32038
0.780936
0.867403
0.654885
0.0369917
0.0765973
0.787819
0.928169
0.286467
0.643419
0.442787
0.00165619
0.686802
0.199843
0.97136
0.117559
0.437551
0.0848821
0.769375
0.451483
0.367151
0.313709
0.116989
0.55098
0.927679
0.644884
0.0645923
0.289308
0.544851
0.901175
0.325405
0.887877
0.114113
0.585922
0.544864
0.876522
0.0828364
0.170114
0.655203
0.633442
0.539723
0.868421
0.315117
0.0190463
0.185865
0.548972
0.652867
0.415173
0.466416
0.71014
0.637923
0.232872
0.55849
0.555169
0.476595
0.8055
0.466508
0.859595
0.853614
0.0663912
0.978668
0.551594
0.634444
0.716805
0.971553
0.51529
0.023631
0.892758
0.562072
0.458521
0.855103
0.922448
0.875391
0.417825
0.148609
0.253428
0.588474
0.52305
0.279642
0.359737
0.117292
0.404222
0.325508
0.568442
0.868644
0.539104
0.907098
0.858483
0.407245
0.316809
0.595958
0.743949
0.890082
0.938575
0.5798
0.271658
0.179181
0.305527
0.795044
0.638766
0.533723
0.169803
0.914744
0.938423
0.342648
0.569189
0.337687
0.795001
0.147523
0.493425
0.238988
0.00815532
0.693153
0.145478
0.341839
0.862518
0.230377
0.612516
0.219057
0.535173
0.4256
0.573387
0.47718
0.0950758
0.722032
0.869699
0.26631
0.462847
0.765737
0.959652
0.481684
0.60308
0.172828
0.515643
0.721573
0.339503
0.392181
0.411918
0.512062
0.772229
0.96086
0.0984459
0.509785
0.792721
0.145787
0.518309
0.550932
0.308788
0.598368
0.97738
0.534005
0.0304433
0.807654
0.562918
0.49051
0.299079
0.279661
0.301298
0.184543
0.640225
0.647731
0.325823
0.720227
0.413957
0.341169
0.0211386
0.38361
0.825762
0.781716
0.0388837
0.113864
0.626138
0.91001
0.187715
0.3179
0.213936
0.0154807
0.615269
0.0667426
0.990374
0.728371
0.701152
0.357266
0.331211
0.262379
0.597532
0.192102
0.41172
0.0205644
0.547975
0.297513
0.674057
0.451993
0.351789
0.797634
0.0804803
0.121244
0.685122
0.599079
0.336147
0.450686
0.787674
0.122623
0.445018
0.0168135
0.302695
0.705062
0.0563834
0.611281
0.901635
0.267371
0.936907
0.32416
0.824605
0.52282
0.743583
0.28533
0.608799
0.187118
0.236119
0.985475
0.656029
0.311886
0.189406
0.145924
0.756889
0.527267
0.545084
0.953366
0.0806885
0.459177
0.507216
0.872664
0.190404
0.486723
0.819709
0.0103573
0.372634
0.665664
0.729597
0.581072
0.714414
0.950979
0.525064
0.252548
0.300206
0.169124
0.975939
0.965834
0.178485
0.054054
0.402067
0.873412
0.157466
0.738936
0.201244
0.645004
0.853924
0.642922
0.158118
0.446308
0.170649
0.777686
0.199489
0.469699
0.280321
0.79601
0.0977912
0.629625
0.489597
0.772261
0.246004
0.985137
0.945156
0.768105
0.828742
0.936508
0.92461
0.93338
0.090404
0.900498
0.43695
0.153123
0.387645
0.893396
0.614193
0.925674
0.0381558
0.0803357
0.747682
0.611023
0.347095
0.418933
0.334973
0.367915
0.082623
0.0933714
0.732347
0.779394
0.490459
0.0249102
0.853191
0.976923
0.464682
0.821728
0.187121
0.543479
0.638064
0.152839
0.574603
0.895184
0.173911
0.0246923
0.687491
0.0234471
0.695109
0.526417
0.131578
0.563571
0.784915
0.0218859
0.866848
0.798057
0.468031
0.324966
0.148759
0.118035
0.484892
0.732431
0.889954
0.163301
0.465812
0.0175557
0.797411
0.426948
0.0792711
0.518139
0.972156
0.665406
0.269722
0.555922
0.74905
0.246036
0.0840974
0.323663
0.657412
0.235163
0.557616
0.907214
0.18696
0.726235
0.588486
0.331704
0.153368
0.508228
0.4183
0.696223
0.856427
0.792881
0.396077
0.793199
0.615778
0.94909
0.794061
0.829239
0.490622
0.650355
0.85965
0.807358
0.134709
0.362361
0.622927
0.887093
0.737342
0.36148
0.283351
0.718937
0.0126156
0.425715
0.360219
0.447235
0.967557
0.314082
0.234337
0.768307
0.0282842
0.78348
0.879218
0.70943
0.822007
0.413687
0.491978
0.263439
0.929003
0.667385
0.748233
0.916222
0.405801
0.258338
0.471325
0.668541
0.358186
0.0938373
0.240975
0.169352
0.367631
0.69078
0.486973
0.757794
0.279735
0.567616
0.240105
0.714663
0.223747
0.524704
0.422327
0.150027
0.33266
0.583218
0.843948
0.217329
0.0300178
0.892582
0.0700635
0.687787
0.730424
0.752681
0.0961454
0.311539
0.742007
0.962867
0.551236
0.650304
0.651107
0.00691545
0.779527
0.934599
0.55955
0.32219
0.0775858
0.409387
0.913057
0.219427
0.603959
0.114018
0.492129
0.228745
0.841802
0.631835
0.516649
0.364856
0.613953
0.287813
0.104047
0.703582
0.718704
0.743531
0.00636079
0.303721
0.860088
0.728195
0.40713
0.377738
0.775885
0.336721
0.536416
0.0458699
0.609226
0.180275
0.341259
0.988295
0.561442
0.490221
0.774325
0.137718
0.246113
0.719368
0.547336
0.19549
0.00370413
0.369881
0.980037
0.865881
0.20062
0.0599881
0.70348
0.981348
0.237005
0.309565
0.724059
0.0103084
0.920204
0.840973
0.623065
0.963804
0.595851
0.93775
0.824007
0.965475
0.780035
0.907251
0.422986
0.533317
0.732382
0.0976451
0.680804
0.65869
0.672689
0.528225
0.0417611
0.393451
0.114916
0.0648872
0.132111
0.111434
0.0219479
0.133018
0.493093
0.0129244
0.131353
0.771811
0.211724
0.531361
0.393452
0.0260582
0.578857
0.844623
0.0568424
0.865037
0.117461
0.0631052
0.755193
0.726882
0.245127
0.292417
0.239908
0.570137
0.856693
0.899242
0.733176
0.403195
0.236468
0.614479
0.0188582
0.464429
0.997722
0.823228
0.0163365
0.30821
0.313842
0.662893
0.0500826
0.0817682
0.607096
0.746267
0.916609
0.36395
0.560938
0.236186
0.789543
0.368136
0.889491
0.69334
0.269701
0.230699
0.510449
0.179991
0.160324
0.425059
0.175471
0.24111
0.247804
0.683999
0.116941
0.52136
0.47993
0.185184
0.62624
0.390172
0.724169
0.677667
0.669007
0.475024
0.788409
0.304361
0.107396
0.434372
0.896268
0.58154
0.545541
0.584491
0.0650699
0.288568
0.517005
0.951165
0.98208
0.584476
0.58246
0.938883
0.776963
0.396377
0.174651
0.769811
0.468682
0.659444
0.923912
0.46509
0.605343
0.562655
0.331927
0.538869
0.383431
0.973168
0.145276
0.120076
0.763518
0.672915
0.621129
0.350654
0.677815
0.270187
0.36935
0.502104
0.491374
0.950764
0.840464
0.503659
0.225635
0.535413
0.169968
0.0184965
0.77701
0.795592
0.832538
0.500447
0.126686
0.759937
0.301802
0.00157976
0.800151
0.466301
0.864795
0.360875
0.357187
0.808942
0.669722
0.689349
0.493178
0.595434
0.753913
0.118103
0.780073
0.18882
0.981332
0.950012
0.968097
0.564507
0.845234
0.890104
0.998148
0.678846
0.545122
0.896302
0.376875
0.339527
0.76901
0.603718
0.999432
0.148944
0.587626
0.125947
0.671
0.33572
0.981411
0.29806
0.938742
0.878932
0.47106
0.619368
0.442031
0.566379
0.531073
0.638116
0.0243839
0.206753
0.935371
0.202824
0.823422
0.964005
0.206403
0.719915
0.0810501
0.271429
0.820903
0.680703
0.379105
0.833621
0.312559
0.383868
0.0249455
0.543073
0.966027
0.862948
0.485375
0.388142
0.509384
0.872752
0.752642
0.978227
0.997392
0.696065
0.285385
0.871594
0.159122
0.400953
0.11778
0.857103
0.215899
0.435354
0.175337
0.774852
0.420996
0.586069
0.356962
0.980253
0.382759
0.3745
0.218724
0.183125
0.328017
0.336591
0.721423
0.962496
0.597777
0.288943
0.0739343
0.449975
0.583758
0.00969172
0.083734
0.149383
0.705609
0.293606
0.0673623
0.309934
0.885196
0.767748
0.944514
0.67114
0.333463
0.549159
0.0123422
0.458923
0.825658
0.342631
0.614812
0.00150646
0.307304
0.957881
0.381763
0.904872
0.798698
0.463863
0.130038
0.438693
0.912299
0.0345111
0.375689
0.519782
0.734414
0.647719
0.548326
0.949373
0.759276
0.850068
0.626921
0.576984
0.131298
0.964455
0.998884
0.56671
0.0146815
0.205669
0.916323
0.309437
0.695579
0.263524
0.47781
0.571235
0.746554
0.370997
0.149387
0.437438
0.306961
0.0148739
0.13468
0.559533
0.451386
0.0508292
0.00838979
0.518375
0.482045
0.0213652
0.642317
0.425634
0.204596
0.304831
0.680603
0.17249
0.228146
0.114324
0.192832
0.496419
0.56691
0.432889
0.648071
0.906279
0.111701
0.798191
0.863572
0.0859387
0.514508
0.443829
0.882191
0.525149
0.435272
0.950511
0.735473
0.117599
0.07348
0.449143
0.279862
0.54958
0.723811
0.924428
0.148057
0.224789
0.119877
0.168527
0.218714
0.593982
0.132683
0.445866
0.835968
0.126603
0.753875
0.956638
0.63464
0.78957
0.10629
0.9929
0.0503989
0.0220259
0.854613
0.438909
0.601921
0.262399
0.910987
0.945861
0.795525
0.479364
0.817538
0.990328
0.619417
0.652354
0.221876
0.719148
0.437126
0.283825
0.202175
0.014596
0.421475
0.426817
0.143041
0.0260523
0.579018
0.996693
0.69459
0.787913
0.517154
0.978924
0.504605
0.942882
0.771889
0.480297
0.262059
0.660078
0.325259
0.727769
0.636498
0.753793
0.762563
0.465369
0.315225
0.316337
0.805225
0.689336
0.78533
0.648273
0.27935
0.400287
0.361187
0.254783
0.641959
0.902312
0.757016
0.802389
0.4788
0.0120921
0.783599
0.413093
0.744027
0.554392
0.0532152
0.162379
0.470839
0.227268
0.681866
0.313267
0.356966
0.655604
0.428955
0.555776
0.163546
0.849605
0.398889
0.775649
0.263665
0.671034
0.00620792
0.0603841
0.641787
0.269134
0.454631
0.984435
0.497095
0.522767
0.277153
0.556968
0.151255
0.990826
0.546256
0.551273
0.746714
0.984622
0.202238
0.951365
0.00243988
0.749388
0.816067
0.85104
0.241264
0.797687
0.168589
0.90351
0.272364
0.665589
0.104031
0.475129
0.566426
0.540298
0.810132
0.911485
0.515004
0.390716
0.36647
0.596961
0.861873
0.734117
0.331658
0.581928
0.904295
0.49293
0.636142
0.581756
0.261212
0.830225
0.77359
0.297454
0.614566
0.304276
0.653149
0.135898
0.342806
0.475292
0.175165
0.630752
0.398491
0.060201
0.328198
0.322756
0.971028
0.641173
0.353821
0.19877
0.937653
0.990494
0.506223
0.94387
0.46625
0.291186
0.371301
0.638945
0.373497
0.667845
0.387319
0.801809
0.569615
0.505489
0.557607
0.0450501
0.838153
0.305283
0.637339
0.900848
0.699499
0.579402
0.447541
0.519635
0.552362
0.611861
0.858885
0.484677
0.855636
0.343266
0.0281384
0.508169
0.739252
0.864924
0.242948
0.954414
0.401458
0.0599901
0.775351
0.920513
0.885832
0.0496055
0.525829
0.705642
0.379724
0.466017
0.286391
0.705086
0.245551
0.403854
0.86232
0.551235
0.851632
0.444392
0.590199
0.166247
0.429733
0.402001
0.730455
0.0628494
0.936113
0.4709
0.911277
0.093461
0.612999
0.551972
0.63427
0.808451
0.0482577
0.854136
0.015836
0.979505
0.0978974
0.0604466
0.415634
0.49542
0.59779
0.999092
0.391228
0.124159
0.698662
0.27265
0.256572
0.580613
0.0363759
0.643434
0.174822
0.896994
0.796978
0.205017
0.193688
0.404074
0.749307
0.979921
0.913246
0.605461
0.76985
0.64201
0.604632
0.158333
0.203131
0.386759
0.640329
0.606898
0.851904
0.291746
0.138443
0.65778
0.7423
0.310932
0.339002
0.0693352
0.69633
0.100166
0.0356545
0.676026
0.691005
0.520254
0.804138
0.789156
0.602629
0.0702235
0.419197
0.845408
0.111548
0.706878
0.375048
0.50088
0.328142
0.342832
0.683169
0.386177
0.481448
0.436552
0.097105
0.523597
0.110938
0.572967
0.474007
0.0783147
0.0648568
0.290722
0.568759
0.47602
0.230276
0.112473
0.255881
0.913892
0.954392
0.29481
0.459405
0.387784
0.77038
0.394932
0.903641
0.924581
0.694401
0.975808
0.263512
0.0391854
0.764724
0.42375
0.61517
0.876867
0.460205
0.705223
0.773599
0.483291
0.647079
0.649058
0.269246
0.327955
0.665847
0.349663
0.705928
0.0311604
0.562726
0.198413
0.775237
0.713185
0.692892
0.923686
0.143512
0.3877
0.505896
0.456483
0.00715528
0.363997
0.908692
0.162016
0.54468
0.518621
0.792991
0.880714
0.233926
0.640205
0.188798
0.753757
0.704925
0.0206262
0.617561
0.824945
0.731622
0.871027
0.780252
0.624324
0.822578
0.611769
0.519438
0.930339
0.882885
0.935446
0.153803
0.902112
0.019382
0.746733
0.586678
0.428666
0.0828184
0.474527
0.21131
0.066426
0.0105454
0.193684
0.0801713
0.963
0.457816
0.872003
0.290192
0.0654302
0.409043
0.392282
0.412056
0.9881
0.998424
0.530324
0.354887
0.416345
0.264414
0.526083
0.927952
0.301282
0.0160353
0.293598
0.0742282
0.343385
0.916164
0.842473
0.581319
0.875357
0.470083
0.23868
0.837149
0.354278
0.573846
0.164808
0.0924717
0.688167
0.246688
0.824743
0.162208
0.165982
0.297399
0.195761
0.710547
0.439885
0.841177
0.670247
0.974228
0.817157
0.3859
0.152613
0.0568935
0.252846
0.633726
0.0332568
0.454279
0.41558
0.61358
0.683696
0.158401
0.39702
0.208577
0.0244963
0.414344
0.238102
0.119568
0.450376
0.966048
0.780261
0.700165
0.788352
0.0314434
0.950628
0.779012
0.361045
0.61125
0.620949
0.636747
0.608823
0.871429
0.0923981
0.828263
0.991524
0.777878
0.508562
0.419068
0.225465
0.643644
0.641633
0.501906
0.108409
0.742156
0.348407
0.453429
0.529249
0.394706
0.101405
0.471115
0.478456
0.931504
0.835744
0.708878
0.128061
0.257572
0.906801
0.261888
0.472922
0.242657
0.0652823
0.430113
0.0877995
0.141675
0.935749
0.165155
0.451513
0.131243
0.0523658
0.0505621
0.93501
0.843848
0.304573
0.119153
0.229362
0.933065
0.484525
0.378047
0.786905
0.283799
0.376882
0.887631
0.327008
0.671254
0.257673
0.985915
0.555716
0.53427
0.781038
0.275213
0.410948
0.72345
0.0384635
0.981277
0.368376
0.921498
0.442427
0.465523
0.417595
0.850575
0.537465
0.850924
0.965467
0.323145
0.493862
0.806065
0.0148181
0.305241
0.0691482
0.838018
0.700609
0.205768
0.486443
0.935504
0.0851749
0.628814
0.719774
0.852842
0.95793
0.354597
0.853333
0.966959
0.0823505
0.364398
0.665192
0.619097
0.0224584
0.836544
0.847841
0.368464
0.0914091
0.605882
0.734028
0.298438
0.484437
0.948961
0.401885
0.0570685
0.585733
0.511292
0.770757
0.670652
0.819307
0.799354
0.350897
0.781766
0.976516
0.917962
0.493664
0.963402
0.488698
0.186862
0.158808
0.218002
0.271484
0.614418
0.599944
0.621036
0.841408
0.209178
0.515252
0.595475
0.419392
0.778308
0.923283
0.740122
0.630461
0.719161
0.251755
0.935429
0.709134
0.44928
0.970724
0.451721
0.290861
0.455413
0.8134
0.595058
0.797365
0.592009
0.784185
0.982412
0.241909
0.909984
0.997926
0.00814088
0.643217
0.920365
0.351528
0.431824
0.661493
0.505436
0.369308
0.925389
0.997684
0.779596
0.131244
0.616795
0.923308
0.935245
0.203734
0.630899
0.588467
0.295556
0.807645
0.43841
0.350453
0.400839
0.650011
0.46723
0.97197
0.0845472
0.045739
0.783919
0.413868
0.696431
0.345598
0.840273
0.303284
0.305798
0.96709
0.155302
0.0904239
0.845612
0.613239
0.465766
0.909551
0.281855
0.51658
0.733074
0.832448
0.922753
0.649595
0.97034
0.932546
0.784151
0.18227
0.378788
0.668188
0.119643
0.113083
0.616397
0.0737845
0.909216
0.143693
0.938321
0.271546
0.351347
0.333575
0.966462
0.620629
0.308499
0.862212
0.113482
0.909442
0.571222
0.0966054
0.04314
0.0432901
0.915121
0.30027
0.637849
0.648237
0.782677
0.873723
0.802547
0.0958291
0.283104
0.517931
0.358188
0.913312
0.336495
0.499256
0.517224
0.0233021
0.777108
0.767485
0.702159
0.523674
0.8819
0.381857
0.946848
0.389727
0.0116094
0.493822
0.404046
0.548123
0.472472
0.57834
0.602737
0.819712
0.914589
0.181968
0.0915407
0.248899
0.737803
0.380574
0.580685
0.223556
0.543204
0.426022
0.128147
0.995623
0.715076
0.378408
0.0939722
0.579514
0.337057
0.862319
0.0253392
0.99276
0.164167
0.527856
0.172845
0.20777
0.450774
0.00683547
0.567845
0.589854
0.907172
0.254493
0.549214
0.573117
0.837864
0.788002
0.682192
0.129465
0.746182
0.648531
0.192435
0.196012
0.0698433
0.595216
0.766313
0.492412
0.472791
0.494999
0.871248
0.872491
0.613771
0.99521
0.772757
0.0616548
0.011303
0.501335
0.121401
0.248015
0.363078
0.997834
0.536194
0.976991
0.0390443
0.916487
0.984261
0.818175
0.35102
0.522135
0.959372
0.198588
0.369697
0.198984
0.722012
0.574256
0.138456
0.369153
0.596424
0.82729
0.208448
0.84424
0.903779
0.5135
0.64372
0.681109
0.834404
0.81024
0.608107
0.615378
0.690106
0.246407
0.692793
0.543376
0.174064
0.911665
0.459673
0.52359
0.30743
0.842712
0.24495
0.792705
0.0844201
0.835115
0.392795
0.566135
0.104245
0.162733
0.85222
0.282069
0.96514
0.00433377
0.960944
0.956682
0.265471
0.673651
0.600964
0.609736
0.335758
0.0988949
0.685866
0.628583
0.262376
0.925478
0.746627
0.947779
0.278524
0.80422
0.809192
0.335679
0.694417
0.781543
0.676801
0.894595
0.567307
0.227201
0.327119
0.646334
0.161827
0.821084
0.956613
0.575086
0.403206
0.810753
0.605461
0.652931
0.509836
0.279351
0.897015
0.544946
0.608201
0.200707
0.475125
0.347592
0.716553
0.898932
0.745319
0.904957
0.922783
0.987143
0.801203
0.106948
0.0487573
0.0443844
0.549535
0.285861
0.050503
0.514252
0.616045
0.219603
0.76588
0.267792
0.523009
0.962891
0.661156
0.732988
0.349718
0.864462
0.590202
0.138699
0.479324
0.449049
0.410237
0.071938
0.286416
0.670101
0.069993
0.474895
0.516699
0.0731098
0.611377
0.46201
0.590249
0.768113
0.9572
0.134604
0.390802
0.5669
0.227617
0.134021
0.28636
0.605831
0.160773
0.381996
0.723758
0.559098
0.849269
0.620915
0.824511
0.815164
0.980774
0.055291
0.473837
0.0624535
0.296684
0.322337
0.881707
0.787259
0.589736
0.084998
0.580866
0.859401
0.985421
0.654964
0.735838
0.702296
0.622826
0.64474
0.363941
0.940805
0.217396
0.321826
0.638667
0.185891
0.817845
0.793828
0.859613
0.954321
0.64179
0.491057
0.26206
0.559666
0.8939
0.571405
0.444997
0.528723
0.993069
0.31222
0.932943
0.669866
0.682454
0.85068
0.457915
0.37286
0.0648959
0.88516
0.587638
0.885618
0.959583
0.685321
0.189746
0.438374
0.341318
0.942597
0.544795
0.624986
0.368461
0.517374
0.504611
0.411836
0.459541
0.619999
0.507323
0.0511914
0.244745
0.0872676
0.187182
0.634429
0.342112
0.0551277
0.688151
0.755703
0.249781
0.401573
0.992671
0.874447
0.447118
0.00714382
0.903557
0.0755674
0.366413
0.827277
0.513931
0.0476071
0.197077
0.770219
0.11266
0.177549
0.914447
0.904355
0.0462919
0.0238243
0.808924
0.98452
0.593281
0.0942729
0.910062
0.81404
0.930206
0.445241
0.00514301
0.0284666
0.235631
0.878062
0.847176
0.235947
0.301724
0.0366727
0.574682
0.336744
0.48366
0.263974
0.838602
0.538978
0.784864
0.964225
0.641602
0.850142
0.699331
0.702609
0.343982
0.292709
0.00282733
0.944312
0.769653
0.535943
0.867021
0.653896
0.0941696
0.0999546
0.0714744
0.0531327
0.913939
0.937929
0.110975
0.359458
0.761576
0.551962
0.38615
0.193154
0.483927
0.488588
0.888461
0.876509
0.285924
0.218421
0.708133
0.545985
0.191446
0.507284
0.733016
0.91327
0.696261
0.105655
0.882645
0.555449
0.488827
0.198389
0.236904
0.043485
0.778514
0.427196
0.985775
0.0991921
0.981609
0.234037
0.584157
0.274057
0.876069
0.527841
0.980869
0.402471
0.956716
0.115114
0.320488
0.977677
0.699084
0.446229
0.150344
0.785228
0.0586734
0.9399
0.217814
0.34425
0.507779
0.692246
0.377582
0.226916
0.848562
0.0726148
0.570679
0.0675065
0.185485
0.324349
0.253207
0.122161
0.685082
0.926099
0.465769
0.821771
0.225713
0.379792
0.544838
0.521382
0.688548
0.054469
0.779997
0.6634
0.31858
0.818463
0.0825235
0.75236
0.843835
0.24151
0.775572
0.232003
0.0460642
0.30509
0.455806
0.919688
0.847423
0.20036
0.839546
0.438013
0.263135
0.579983
0.837423
0.234367
0.318076
0.790562
0.0267346
0.689054
0.197848
0.165228
0.759537
0.322138
0.508103
0.209684
0.124288
0.38187
0.560794
0.125778
0.975238
0.340334
0.126457
0.738504
0.747666
0.203464
0.495915
0.531448
0.658766
0.785378
0.166417
0.0741197
0.955151
0.325877
0.118622
0.194277
0.726375
0.208883
0.255813
0.712703
0.4857
0.0211011
0.0833441
0.111247
0.0497815
0.246785
0.5166
0.940702
0.419319
0.466624
0.621435
0.676302
0.754053
0.357922
0.257783
0.936468
0.124858
0.218052
0.861157
0.239703
0.185388
0.0817107
0.67977
0.205382
0.602136
0.814084
0.144312
0.325533
0.312862
0.131888
0.195984
0.293832
0.949431
0.402008
0.911854
0.928785
0.811434
0.51784
0.667946
0.647829
0.909498
0.61915
0.323539
0.0298245
0.3571
0.695812
0.71031
0.296832
0.058052
0.264599
0.377289
0.469816
0.163367
0.870307
0.195653
0.0216083
0.0179463
0.343717
0.428573
0.6189
0.32201
0.0146822
0.770451
0.511356
0.258952
0.242563
0.164462
0.458576
0.72979
0.362195
0.166573
0.936602
0.543381
0.883951
0.65905
0.331273
0.354625
0.507896
0.374241
0.645609
0.191342
0.406079
0.506652
0.649139
0.510944
0.167917
0.290732
0.359026
0.127323
0.966614
0.891912
0.421835
0.0477049
0.915194
0.468
0.496625
0.622289
0.0425799
0.574324
0.401662
0.79615
0.696463
0.60035
0.784241
0.433231
0.86184
0.945809
0.440148
0.806746
0.377314
0.680577
0.305475
0.253262
0.774828
0.254291
0.771947
0.57545
0.0179075
0.125015
0.204522
0.694499
0.101675
0.710189
0.288482
0.0193786
0.607093
0.0382316
0.714554
0.00473329
0.469364
0.133707
0.353507
0.315088
0.355774
0.874134
0.955758
0.461382
0.922804
0.185807
0.0270036
0.849174
0.0278685
0.788778
0.542344
0.615122
0.769667
0.0409956
0.825416
0.820511
0.39129
0.429315
0.674049
0.0565899
0.0137642
0.676829
0.32827
0.187845
0.479473
0.138563
0.300061
0.937429
0.804829
0.553454
0.46086
0.555151
0.279786
0.827346
0.697087
0.70657
0.677159
0.014286
0.637232
0.102509
0.564463
0.592632
0.636701
0.805851
0.186447
0.621819
0.495691
0.613415
0.390939
0.243487
0.230501
0.82764
0.715072
0.357848
0.997493
0.541315
0.827856
0.643152
0.886482
0.648312
0.551366
0.248986
0.0067871
0.698957
0.609678
0.937678
0.543767
0.466057
0.134718
0.387855
0.2449
0.230559
0.998996
0.0827728
0.640553
0.873499
0.869272
0.261327
0.568775
0.461539
0.814532
0.532196
0.0401186
0.123419
0.362346
0.401791
0.117641
0.586619
0.0120625
0.651944
0.584667
0.835462
0.768145
0.583339
0.373259
0.82033
0.0105675
0.12845
0.356088
0.924925
0.778411
0.809589
0.748256
0.114192
0.518605
0.423017
0.205719
0.155255
0.376074
0.267992
0.235505
0.48255
0.259533
0.350183
0.650184
0.774043
0.637102
0.663608
0.431632
0.887907
0.712862
0.572077
0.0690603
0.962925
0.967958
0.66951
0.587913
0.8282
0.892682
0.111003
0.0776345
0.823764
0.692545
0.72443
0.280819
0.199537
0.677422
0.998862
0.735313
0.561229
0.920156
0.12133
0.255659
0.485251
0.395486
0.000397179
0.06457
0.495756
0.819054
0.51485
0.368504
0.263184
0.318507
0.185702
0.0835044
0.806863
0.767644
0.198969
0.610907
0.904539
0.519908
0.610229
0.243013
0.438447
0.538633
0.862058
0.855212
0.597958
0.609675
0.864438
0.478279
0.0176961
0.97261
0.162661
0.637214
0.432928
0.7126
0.988806
0.191482
0.935858
0.459765
0.602766
0.495648
0.222365
0.979075
0.485268
0.0680411
0.902506
0.499837
0.0702156
0.331533
0.406003
0.867852
0.639357
0.484236
0.304197
0.480377
0.00540762
0.381352
0.345212
0.517557
0.0210294
0.566244
0.871498
0.386779
0.0461388
0.355966
0.805255
0.7926
0.780965
0.978204
0.180856
0.874044
0.551524
0.443744
0.364481
0.805709
0.575611
0.760989
0.668985
0.621413
0.649701
0.21952
0.222225
0.348766
0.847619
0.409127
0.995901
0.859827
0.902843
0.552039
0.530874
0.838981
0.221611
0.112616
0.0388185
0.383737
0.463077
0.46916
0.0158562
0.00955316
0.264407
0.69996
0.65642
0.261133
0.0622959
0.0894456
0.0981619
0.336579
0.0890836
0.39946
0.502254
0.363871
0.295259
0.276913
0.811024
0.471516
0.915859
0.530834
0.968475
0.257217
0.103124
0.0892585
0.644212
0.439393
0.860261
0.383107
0.278084
0.651374
0.968533
0.161072
0.594548
0.392939
0.928209
0.192245
0.159449
0.317737
0.839464
0.54563
0.124092
0.506481
0.593252
0.0589051
0.16205
0.752194
0.493204
0.403685
0.228816
0.424554
0.925964
0.0224802
0.324915
0.808607
0.122825
0.222173
0.379129
0.410631
0.59509
0.674568
0.975538
0.697427
0.862111
0.213634
0.940676
0.495628
0.871807
0.618294
0.735657
0.445439
0.715673
0.448894
0.192192
0.86648
0.215045
0.0172703
0.0255043
0.949136
0.604588
0.158613
0.790969
0.349743
0.95724
0.296346
0.812769
0.981689
0.805291
0.112072
0.31027
0.319726
0.517351
0.935673
0.87833
0.855698
0.29885
0.334898
0.706564
0.576594
0.458801
0.0522256
0.196663
0.402308
0.760028
0.194495
0.415034
0.392287
0.66191
0.685649
0.727309
0.818686
0.107396
0.839852
0.698654
0.864919
0.615617
0.99596
0.18026
0.391532
0.593599
0.394644
0.50599
0.0272685
0.873561
0.779076
0.208747
0.26966
0.194868
0.548696
0.588535
0.755591
0.194008
0.806153
0.832543
0.0533995
0.939915
0.109807
0.27169
0.136505
0.39119
0.355155
0.632234
0.199462
0.504912
0.56894
0.347439
0.149328
0.192923
0.959786
0.225113
0.434459
0.101303
0.740212
0.683142
0.902849
0.528489
0.663842
0.891743
0.673698
0.00261304
0.377691
0.85025
0.362159
0.334509
0.633404
0.0412114
0.727977
0.931341
0.260597
0.140519
0.893983
0.76179
0.7885
0.154063
0.984647
0.936219
0.860959
0.295133
0.0652427
0.771279
0.447396
0.296596
0.191662
0.160421
0.482373
0.766665
0.272725
0.159308
0.912769
0.695609
0.568795
0.837891
0.562414
0.746454
0.684964
0.982484
0.69901
0.625063
0.946882
0.408727
0.625858
0.199094
0.669846
0.352903
0.25532
0.409118
0.13366
0.888053
0.763828
0.153698
0.285671
0.699557
0.198212
0.273064
0.377503
0.539498
0.226555
0.613868
0.995589
0.905372
0.508413
0.962372
0.151638
0.0400756
0.81041
0.208366
0.320373
0.590331
0.0423264
0.409055
0.749207
0.753982
0.173827
0.510155
0.518022
0.482454
0.752503
0.184648
0.879384
0.744552
0.67529
0.39044
0.0178348
0.788952
0.0189132
0.894635
0.901411
0.266366
0.553316
0.620854
0.347691
0.785422
0.551284
0.885988
0.611306
0.275191
0.356179
0.457859
0.449596
0.556176
0.589353
0.308087
0.363628
0.277503
0.574894
0.679313
0.708647
0.624365
0.493365
0.00813793
0.985097
0.951127
0.440761
0.722511
0.981275
0.942035
0.00462043
0.22663
0.0461944
0.225507
0.178557
0.357234
0.121658
0.253906
0.507623
0.00807076
0.781206
0.464252
0.562596
0.14606
0.37675
0.870915
0.0530394
0.335215
0.961691
0.228236
0.787522
0.791063
0.131543
0.166916
0.808284
0.679056
0.615881
0.904137
0.0257977
0.281345
0.504132
0.846088
0.895671
0.954475
0.682618
0.353905
0.816195
0.41559
0.583355
0.982804
0.714624
0.763249
0.896138
0.700394
0.765164
0.0194403
0.439107
0.722551
0.275497
0.179655
0.858335
0.0571238
0.2334
0.855518
0.806284
0.150723
0.338852
0.311044
0.367533
0.812703
0.199227
0.123503
0.809485
0.518608
0.619573
0.900425
0.455534
0.0857104
0.173471
0.124954
0.617957
0.218054
0.612257
0.455867
0.508565
0.752183
0.686526
0.31287
0.296718
0.523098
0.0839199
0.943005
0.990471
0.214464
0.743523
0.736234
0.965071
0.539975
0.957607
0.375754
0.195889
0.124518
0.822604
0.697833
0.476287
0.276726
0.846832
0.610378
0.736381
0.766563
0.703479
0.673826
0.902629
0.943337
0.116727
0.986534
0.569271
0.489512
0.325436
0.142587
0.995008
0.0476126
0.723574
0.297537
0.364351
0.923152
0.206369
0.475373
0.220286
0.102198
0.281372
0.724647
0.766114
0.170343
0.538307
0.973728
0.0108111
0.971033
0.755734
0.236548
0.513853
0.684431
0.696449
0.265144
0.7453
0.568414
0.331403
0.341131
0.288748
0.673107
0.0227365
0.408297
0.00264016
0.871263
0.231522
0.610486
0.476587
0.1335
0.906517
0.0325022
0.53637
0.800191
0.29601
0.755848
0.0112899
0.559436
0.283056
0.386444
0.380593
0.319794
0.345394
0.140155
0.429255
0.530986
0.612065
0.724414
0.76747
0.0258524
0.380957
0.235254
0.423499
0.412515
0.80223
0.36346
0.130861
0.641354
0.23573
0.296049
0.137872
0.350755
0.169985
0.18748
0.462128
0.889927
0.932331
0.12328
0.0528652
0.540926
0.878128
0.56714
0.578817
0.846459
0.42209
0.159712
0.393815
0.457319
0.949236
0.890649
0.582605
0.15738
0.304047
0.634568
0.908463
0.687772
0.219803
0.221505
0.60201
0.806371
0.136845
0.253775
0.811715
0.8282
0.170314
0.752026
0.321751
0.66032
0.795263
0.513504
0.739569
0.75115
0.91646
0.926776
0.948997
0.950346
0.286025
0.136024
0.794451
0.56824
0.012746
0.68826
0.231905
0.832187
0.249187
0.263331
0.738198
0.0454862
0.868232
0.932387
0.611373
0.470517
0.020136
0.310406
0.78824
0.470056
0.7933
0.341998
0.772668
0.490756
0.199987
0.903215
0.24266
0.65695
0.422507
0.658466
0.364806
0.149412
0.284609
0.162985
0.602358
0.00262614
0.828406
0.709361
0.62115
0.404571
0.165648
0.93976
0.0222899
0.4038
0.674419
0.975971
0.0998705
0.939907
0.198746
0.494418
0.868552
0.112181
0.589958
0.342004
0.894737
0.369516
0.984522
0.939168
0.264264
0.641273
0.543346
0.7675
0.50966
0.793458
0.509686
0.38559
0.658457
0.579967
0.296617
0.257932
0.995588
0.0922135
0.288113
0.60326
0.0199182
0.992944
0.916438
0.971888
0.449154
0.184515
0.0319178
0.048482
0.101995
0.671233
0.901385
0.00135219
0.581764
0.275975
0.139254
0.526683
0.700245
0.697435
0.250346
0.133966
0.42404
0.622064
0.219245
0.507611
0.664162
0.39371
0.210734
0.715654
0.370778
0.703608
0.135217
0.929825
0.449757
0.162373
0.0206977
0.881115
0.511447
0.405265
0.386487
0.658061
0.0396802
0.246537
0.830486
0.679431
0.216193
0.239789
0.0083208
0.880946
0.307411
0.186295
0.719858
0.0375205
0.492669
0.305575
0.954268
0.688204
0.0330173
0.154267
0.0357244
0.165925
0.634478
0.63899
0.78639
0.236833
0.0128972
0.179774
0.393044
0.0840741
0.290656
0.138095
0.571914
0.327746
0.03012
0.974664
0.0847049
0.929982
0.421643
0.184296
0.7678
0.21553
0.288594
0.858325
0.563352
0.00231997
0.958308
0.395895
0.341272
0.975376
0.589141
0.943819
0.684001
0.392953
0.496476
0.556917
0.792103
0.517373
0.567441
0.318609
0.258731
0.640811
0.184584
0.350938
0.154119
0.179656
0.288512
0.387547
0.447967
0.00870917
0.332885
0.809327
0.781757
0.97085
0.718114
0.511746
0.412015
0.865999
0.925608
0.445851
0.0801904
0.0542286
0.0628612
0.866003
0.812629
0.715158
0.549564
0.499282
0.186287
0.781151
0.154599
0.287336
0.211256
0.611171
0.572856
0.806733
0.502957
0.273702
0.118208
0.0929355
0.769035
0.940426
0.0904211
0.799042
0.995744
0.400273
0.879766
0.740008
0.351958
0.820038
0.33376
0.222655
0.516657
0.914444
0.229351
0.778268
0.813628
0.0925093
0.502033
0.949148
0.115628
0.040973
0.62088
0.707812
0.314356
0.104876
0.611917
0.12555
0.790246
0.0933545
0.0294
0.160774
0.740972
0.696054
0.47832
0.738739
0.812157
0.63202
0.257493
0.0513086
0.305829
0.990669
0.307614
0.0465073
0.81239
0.970424
0.372873
0.588492
0.32777
0.691236
0.58
0.974325
0.812621
0.243525
0.364397
0.888062
0.273739
0.119592
0.417949
0.189663
0.600758
0.660764
0.376912
0.861996
0.164261
0.253729
0.903886
0.188793
0.439763
0.748574
0.302593
0.590499
0.589412
0.433457
0.939953
0.768963
0.570267
0.0433019
0.816003
0.580955
0.0743112
0.420098
0.576059
0.291218
0.776707
0.931361
0.811809
0.548573
0.647764
0.10913
0.994582
0.330878
0.810646
0.353839
0.0193463
0.545205
0.0615976
0.604839
0.168511
0.855525
0.201711
0.727822
0.0850872
0.946824
0.973435
0.665216
0.841683
0.993505
0.244251
0.763258
0.163794
0.424773
0.496507
0.525112
0.583088
0.259035
0.983807
0.237179
0.413972
0.163607
0.725523
0.621076
0.932139
0.537712
0.607939
0.0847627
0.0323076
0.336636
0.285558
0.369026
0.612819
0.52188
0.537544
0.0521591
0.968704
0.946403
0.0799259
0.424293
0.705776
0.82805
0.32013
0.18562
0.42315
0.0671611
0.167264
0.233342
0.0650831
0.954999
0.725283
0.23412
0.582691
0.163815
0.0418497
0.707087
0.280606
0.232077
0.108525
0.0143361
0.742695
0.983233
0.34231
0.147777
0.618185
0.155811
0.827081
0.19343
0.589128
0.830154
0.60854
0.45526
0.072872
0.280178
0.759125
0.656217
0.462882
0.922957
0.0628218
0.126201
0.845776
0.130189
0.952944
0.635051
0.20458
0.249862
0.584493
0.616278
0.642788
0.292497
0.202935
0.767854
0.953051
0.67772
0.597572
0.637794
0.276183
0.169729
0.686051
0.980127
0.797445
0.66313
0.772978
0.200208
0.662415
0.660988
0.682384
0.848651
0.999745
0.302719
0.839353
0.397978
0.121746
0.655004
0.906733
0.396592
0.722373
0.270162
0.274384
0.412776
0.894997
0.552174
0.48247
0.167082
0.121313
0.761255
0.265367
0.565862
0.758604
0.903886
0.15518
0.918201
0.270709
0.375455
0.608958
0.0624883
0.749538
0.757045
0.506293
0.259254
0.369943
0.746151
0.317542
0.206074
0.279892
0.253961
0.455175
0.660403
0.359091
0.476589
0.85739
0.542289
0.432169
0.639478
0.807341
0.23235
0.524646
0.624851
0.254084
0.588931
0.150509
0.814943
0.10003
0.182437
0.484623
0.503995
0.00153582
0.215995
0.909192
0.0529132
0.910877
0.690794
0.66631
0.125269
0.0320917
0.189811
0.018698
0.405145
0.556084
0.365213
0.509552
0.186768
0.715683
0.97638
0.133638
0.373659
0.569043
0.77139
0.970593
0.0631126
0.109308
0.00546618
0.261876
0.700056
0.493978
0.843467
0.900927
0.476581
0.716837
0.0237692
0.383524
0.0707627
0.733836
0.584208
0.0759167
0.467004
0.706809
0.886153
0.156387
0.741045
0.910937
0.601782
0.929986
0.539086
0.920656
0.362735
0.142305
0.471735
0.00746067
0.196334
0.7285
0.501218
0.712515
0.385966
0.18401
0.55911
0.846599
0.639598
0.793756
0.0783049
0.820198
0.336125
0.50494
0.155151
0.368886
0.932941
0.518361
0.908505
0.706107
0.468213
0.564153
0.770697
0.825906
0.0180952
0.310098
0.919249
0.0878846
0.879704
0.0572363
0.218406
0.345439
0.34764
0.242832
0.0352035
0.30449
0.423091
0.523163
0.525713
0.610413
0.123291
0.946949
0.0423073
0.109157
0.288526
0.572026
0.564031
0.954161
0.446656
0.175044
0.138815
0.212943
0.144859
0.380397
0.84389
0.148148
0.314994
0.479724
0.149585
0.829044
0.0844745
0.468848
0.921627
0.97815
0.750663
0.119441
0.104745
0.908894
0.36188
0.698615
0.76676
0.329719
0.105231
0.790158
0.784159
0.0422135
0.257137
0.34995
0.113612
0.700779
0.366032
0.260158
0.533458
0.264605
0.112873
0.754625
0.514423
0.0699102
0.515183
0.523196
0.779933
0.748901
0.747017
0.697181
0.489521
0.63055
0.355419
0.30098
0.257307
0.135319
0.0182609
0.761311
0.382662
0.231796
0.325304
0.934847
0.198238
0.539873
0.839275
0.269748
0.324297
0.524476
0.617166
0.414095
0.321928
0.311558
0.476796
0.860075
0.16147
0.114846
0.198279
0.516979
0.726803
0.952505
0.407931
0.710862
0.251867
0.315143
0.997631
0.323803
0.237393
0.494091
0.542555
0.316288
0.55541
0.554944
0.593889
0.647389
0.429049
0.875236
0.902059
0.109351
0.307592
0.97759
0.702498
0.790471
0.0518838
0.735954
0.145409
0.0454835
0.487329
0.355112
0.412543
0.948035
0.871041
0.345005
0.588745
0.66713
0.566098
0.6637
0.212468
0.389604
0.250877
0.159922
0.386523
0.106442
0.524532
0.586063
0.33208
0.636476
0.330364
0.106164
0.0224271
0.0397894
0.501472
0.870027
0.101225
0.726974
0.409166
0.173929
0.0255504
0.156932
0.284259
0.453423
0.759113
0.102486
0.806552
0.627372
0.261294
0.743092
0.831297
0.323738
0.599542
0.18042
0.0163693
0.227428
0.408519
0.333772
0.553223
0.263126
0.646964
0.525606
0.527561
0.445643
0.99058
0.04483
0.0861847
0.316639
0.583559
0.265745
0.294409
0.840687
0.363831
0.761694
0.00228582
0.355896
0.34914
0.294093
0.925915
0.316374
0.505794
0.515936
0.92254
0.232006
0.596188
0.0679602
0.866682
0.989976
0.307794
0.58231
0.0985827
0.879335
0.320996
0.695518
0.916714
0.63065
0.221049
0.732143
0.70983
0.787376
0.372457
0.357274
0.120218
0.118393
0.815924
0.559625
0.964475
0.848996
0.154002
0.523479
0.0308537
0.268717
0.280391
0.850729
0.952435
0.0293347
0.801438
0.405586
0.0215127
0.133744
0.0158572
0.740236
0.25008
0.796401
0.140295
0.968867
0.538679
0.79119
0.322144
0.667852
0.814367
0.939412
0.606628
0.765527
0.424988
0.559594
0.956924
0.0669409
0.460159
0.701191
0.569761
0.686037
0.443806
0.214076
0.048105
0.274803
0.773249
0.00891305
0.54695
0.709291
0.104574
0.666635
0.822828
0.286773
0.762288
0.201041
0.445003
0.314492
0.485017
0.952258
0.275354
0.457627
0.24385
0.397273
0.260966
0.800734
0.610289
0.874107
0.0642091
0.121408
0.225934
0.670225
0.0736106
0.0380292
0.0293661
0.649987
0.386177
0.533296
0.583555
0.067236
0.304073
0.972969
