0.0892321
0.111541
0.345162
0.991572
0.218129
0.332207
0.730735
0.645336
0.0776823
0.900888
0.340084
0.52094
0.598093
0.824439
0.627475
0.56239
0.15126
0.51265
0.00554555
0.579994
0.996077
0.242367
0.513539
0.186068
0.715676
0.563248
0.707933
0.835814
0.270572
0.243862
0.285235
0.155822
0.679001
0.569829
0.440726
0.782803
0.0329498
0.582765
0.578026
0.290001
0.368889
0.820871
0.328081
0.0575841
0.143988
0.975362
0.126127
0.2523
0.247161
0.315935
0.845668
0.994324
0.842586
0.688829
0.967848
0.776897
0.00262402
0.5099
0.318127
0.309481
0.920114
0.815687
0.308048
0.155245
0.264915
0.149339
0.123926
0.843214
0.239658
0.725483
0.14109
0.475841
0.398966
0.247537
0.612083
0.106045
0.648102
0.465115
0.987035
0.62809
0.673406
0.681768
0.635629
0.409535
0.556369
0.0083724
0.896065
0.963258
0.201904
0.83643
0.640882
0.305981
0.559836
0.590439
0.0746638
0.898423
0.0754125
0.775345
0.288848
0.949167
0.727486
0.808374
0.92293
0.629645
0.135478
0.906286
0.955153
0.856658
0.947089
0.031106
0.767027
0.393299
0.276127
0.512368
0.217259
0.110524
0.25462
0.428887
0.555824
0.383671
0.757639
0.744632
0.325275
0.108181
0.434767
0.820768
0.453696
0.818593
0.0392808
0.474019
0.795138
0.210394
0.445596
0.353565
0.797033
0.502139
0.155327
0.0172791
0.64557
0.256902
0.968354
0.331124
0.244815
0.0815348
0.865332
0.818068
0.870083
0.647297
0.832452
0.70424
0.697176
0.626001
0.926201
0.683043
0.00227254
0.730642
0.639083
0.722188
0.783796
0.81629
0.480634
0.695987
0.979662
0.267062
0.918257
0.911579
0.676593
0.170301
0.360086
0.582308
0.949696
0.859751
0.510463
0.0237749
0.910489
0.54715
0.37314
0.643269
0.422531
0.416688
0.878308
0.215965
0.5001
0.803418
0.226543
0.514347
0.545937
0.560278
0.838446
0.689904
0.792005
0.30839
0.579325
0.408685
0.752181
0.937111
0.966688
0.0542952
0.624328
0.724176
0.799422
0.226604
0.0641353
0.725863
0.0910128
0.67473
0.744879
0.142214
0.253339
0.659077
0.0690402
0.982617
0.815918
0.620713
0.211228
0.405515
0.435551
0.494544
0.279945
0.759137
0.848185
0.64395
0.978965
0.0365432
0.505217
0.254903
0.0944521
0.236326
0.77476
0.114061
0.294705
0.262725
0.463122
0.406923
0.641087
0.233707
0.229646
0.472339
0.960782
0.767031
0.5776
0.19378
0.621787
0.502246
0.926855
0.548111
0.993491
0.932815
0.670981
0.226306
0.388212
0.664583
0.884787
0.602768
0.341415
0.820035
0.753812
0.741602
0.153452
0.817718
0.475777
0.645155
0.261974
0.312194
0.341001
0.753944
0.0171412
0.404177
0.507022
0.611623
0.368541
0.117056
0.34319
0.582277
0.700064
0.301102
0.780405
0.0936018
0.166428
0.159006
0.678265
0.432854
0.0969647
0.36058
0.17438
0.678529
0.408837
0.155437
0.514936
0.0249506
0.192744
0.0205706
0.902613
0.0521484
0.445775
0.0238709
0.210399
0.0831439
0.803864
0.114826
0.752279
0.637397
0.238789
0.359674
0.455419
0.1854
0.932068
0.258791
0.174201
0.0465306
0.0482839
0.914457
0.324604
0.244083
0.0350379
0.993965
0.724722
0.84067
0.0652948
0.952589
0.485476
0.793536
0.681649
0.82766
0.905352
0.972219
0.760041
0.810011
0.203262
0.0200256
0.757686
0.390357
0.221093
0.90013
0.127694
0.307666
0.768179
0.106207
0.557253
0.56366
0.886152
0.0743106
0.735362
0.141298
0.168252
0.823886
0.13294
0.355112
0.828599
0.731796
0.79005
0.743022
0.253778
0.860045
0.0643096
0.620614
0.436435
0.222793
0.064038
0.582555
0.28216
0.893853
0.116048
0.854512
0.631502
0.150802
0.812384
0.333861
0.357026
0.885584
0.235982
0.799302
0.728239
0.533523
0.759335
0.197979
0.512672
0.0864767
0.255812
0.408591
0.620471
0.375865
0.280625
0.150119
0.00813074
0.153255
0.436327
0.838088
0.253712
0.728113
0.577701
0.267338
0.73655
0.836398
0.828898
0.451983
0.205832
0.635721
0.664185
0.15895
0.00896227
0.899776
0.488839
0.171904
0.950294
0.424384
0.822629
0.423291
0.38107
0.422111
0.867428
0.644106
0.0158936
0.501897
0.938164
0.537575
0.489322
0.792379
0.691032
0.185043
0.763369
0.675015
0.660197
0.732312
0.539267
0.274353
0.123609
0.14469
0.0745618
0.844896
0.287216
0.828694
0.481374
0.047725
0.751228
0.59748
0.686689
0.464043
0.554406
0.654072
0.198264
0.700998
0.852318
0.976842
0.536124
0.28088
0.703763
0.237433
0.826343
0.294359
0.40636
0.195972
0.0447053
0.0883361
0.129917
0.886668
0.896
0.340227
0.270587
0.854893
0.569999
0.103541
0.686192
0.306735
0.957335
0.976133
0.459139
0.508287
0.523364
0.658938
0.157775
0.369836
0.801684
0.564186
0.633287
0.688703
0.0264237
0.971372
0.900274
0.562035
0.339077
0.397931
0.419781
0.539162
0.908175
0.481663
0.611045
0.751696
0.696614
0.719079
0.296094
0.118907
0.234179
0.934923
0.637245
0.682026
0.332738
0.122938
0.0260981
0.0477181
0.0327987
0.60564
0.112935
0.00163852
0.623376
0.420803
0.724641
0.830054
0.673328
0.112266
0.22828
0.559086
0.51557
0.348957
0.862043
0.418438
0.282058
0.415795
0.776119
0.908705
0.298265
0.955764
0.0895634
0.215315
0.24131
0.367206
0.351874
0.216127
0.108705
0.0986244
0.368863
0.524129
0.157675
0.69668
0.802844
0.707955
0.556572
0.463431
0.147532
0.38635
0.619904
0.7533
0.611062
0.760642
0.463792
0.179887
0.527551
0.99254
0.081424
0.870402
0.391198
0.805573
0.572417
0.127467
0.751266
0.986228
0.931877
0.528465
0.0435264
0.309128
0.439949
0.40254
0.813697
0.612043
0.594099
0.486003
0.00451695
0.365896
0.947418
0.547367
0.16687
0.222867
0.257985
0.302079
0.334595
0.862557
0.534747
0.907748
0.828849
0.0705942
0.270696
0.868493
0.930534
0.269447
0.957552
0.113505
0.222541
0.264903
0.532934
0.391219
0.457423
0.762338
0.249085
0.466838
0.869238
0.343521
0.996838
0.731919
0.303663
0.830415
0.712723
0.7904
0.694191
0.997295
0.371183
0.642219
0.623639
0.00610131
0.21455
0.335093
0.956574
0.584308
0.978502
0.220421
0.463284
0.220586
0.0896193
0.866306
0.575748
0.572799
0.974776
0.305808
0.136754
0.171548
0.208849
0.563923
0.0434803
0.00180889
0.693281
0.197473
0.233251
0.0148615
0.042729
0.392862
0.92573
0.11225
0.232429
0.127521
0.197854
0.0564445
0.209914
0.312492
0.026525
0.382008
0.974701
0.947303
0.196186
0.319174
0.557691
0.64846
0.157624
0.227121
0.871524
0.98991
0.272874
0.0495775
0.881703
0.582104
0.441964
0.378629
0.911992
0.267083
0.975079
0.50514
0.943428
0.954511
0.397248
0.641599
0.0579705
0.959399
0.644149
0.592115
0.269713
0.675738
0.636823
0.877191
0.697588
0.575271
0.390222
0.342017
0.591136
0.294858
0.0229155
0.23155
0.101756
0.419369
0.137566
0.657646
0.081108
0.229558
0.0937741
0.304497
0.104823
0.60911
0.00687917
0.460684
0.133579
0.168132
0.112941
0.768066
0.00659215
0.37379
0.00659628
0.499148
0.864049
0.0709574
0.240195
0.193081
0.998579
0.960922
0.980435
0.392058
0.245302
0.820458
0.882009
0.689938
0.856286
0.0663955
0.259536
0.979778
0.0974285
0.624889
0.383096
0.118885
0.573799
0.431821
0.656409
0.794428
0.188593
0.27109
0.565615
0.719449
0.928199
0.339654
0.265862
0.601542
0.702849
0.606552
0.954028
0.689924
0.088319
0.497593
0.623098
0.186807
0.401704
0.372527
0.845751
0.321264
0.799103
0.891504
0.61632
0.241913
0.0890378
0.175285
0.592776
0.784412
0.229766
0.182756
0.98766
0.152273
0.882157
0.399004
0.261157
0.368242
0.234704
0.288261
0.113229
0.720505
0.259598
0.819758
0.622012
0.526219
0.853763
0.426418
0.238843
0.981753
0.857595
0.311923
0.811582
0.105034
0.0376009
0.613304
0.0909579
0.251614
0.886973
0.97116
0.161161
0.156339
0.412336
0.136139
0.699872
0.0675649
0.734091
0.577598
0.151302
0.942051
0.857606
0.0653001
0.119676
0.960594
0.747723
0.247109
0.966702
0.491126
0.401892
0.276538
0.500361
0.243869
0.59742
0.477968
0.113296
0.138864
0.202669
0.204628
0.718871
0.506667
0.8698
0.891048
0.947209
0.314532
0.671818
0.723299
0.552203
0.984356
0.582777
0.880069
0.462985
0.255341
0.746284
0.00299447
0.122949
0.97434
0.211263
0.573711
0.0362306
0.653377
0.746403
0.233
0.445041
0.572057
0.475585
0.0681363
0.508421
0.0503226
0.138344
0.965098
0.00451268
0.631158
0.710698
0.954249
0.30495
0.00874204
0.47278
0.138168
0.35596
0.454631
0.0397684
0.377854
0.803366
0.367906
0.219148
0.475676
0.541876
0.121095
0.898692
0.151937
0.382483
0.340896
0.594575
0.258755
0.253219
0.330681
0.133106
0.302101
0.0290012
0.245372
0.20215
0.884018
0.372649
0.629896
0.932996
0.111686
0.901506
0.244885
0.0238444
0.975426
0.321493
0.0999049
0.363416
0.0240209
0.466008
0.998309
0.229681
0.0711046
0.86142
0.411402
0.800414
0.639124
0.938725
0.673126
0.424574
0.706353
0.633612
0.741615
0.119226
0.0870664
0.68996
0.365075
0.8949
0.825893
0.525495
0.7355
0.113768
0.363173
0.100561
0.406747
0.323573
0.847937
0.382527
0.156766
0.11688
0.897685
0.922738
0.727601
0.413065
0.627081
0.148872
0.674224
0.277625
0.0069851
0.838251
0.966619
0.708499
0.0964957
0.930245
0.947583
0.14316
0.714863
0.760956
0.712115
0.354289
0.409663
0.391729
0.659242
0.39485
0.542747
0.943428
0.492197
0.239286
0.763546
0.514117
0.937957
0.0597968
0.754288
0.612452
0.576947
0.538611
0.281211
0.422968
0.840484
0.974657
0.320889
0.445321
0.435603
0.932728
0.903348
0.854913
0.576761
0.0556946
0.333228
0.235187
0.849803
0.817218
0.993819
0.784919
0.279912
0.628794
0.230166
0.286732
0.687146
0.267446
0.585995
0.958478
0.278897
0.00362322
0.355723
0.0272186
0.75211
0.532727
0.977071
0.61875
0.81837
0.0966543
0.167565
0.263239
0.247466
0.294471
0.633363
0.597113
0.755576
0.697217
0.00561837
0.0571833
0.00288001
0.543598
0.714764
0.959062
0.865814
0.262411
0.487992
0.408541
0.912292
0.188281
0.406369
0.2552
0.760465
0.112458
0.669765
0.249641
0.669869
0.386348
0.749509
0.465741
0.530125
0.856771
0.981202
0.342082
0.301255
0.0423486
0.0755815
0.500766
0.567163
0.457838
0.996716
0.566145
0.588584
0.245041
0.798728
0.478378
0.137093
0.43488
0.0054326
0.659153
0.966112
0.716805
0.361127
0.666114
0.13629
0.0681173
0.993077
0.519389
0.277634
0.92232
0.580194
0.788596
0.0446785
0.411958
0.508898
0.777341
0.589922
0.121862
0.0459367
0.840324
0.819196
0.684006
0.763412
0.685921
0.41342
0.752249
0.28233
0.5546
0.588048
0.201513
0.436633
0.393076
0.547599
0.397522
0.706887
0.101975
0.849986
0.929326
0.343523
0.783062
0.871155
0.699197
0.00459629
0.877368
0.786267
0.0950753
0.829541
0.79755
0.250294
0.214802
0.256658
0.48465
0.731809
0.211409
0.115641
0.541036
0.659287
0.159854
0.447703
0.659084
0.909951
0.171388
0.814128
0.330713
0.0184727
0.866219
0.904344
0.635745
0.639825
0.607177
0.469183
0.0210524
0.152967
0.121288
0.565904
0.143395
0.501302
0.259042
0.980123
0.356758
0.692183
0.627753
0.20592
0.883419
0.33357
0.0122274
0.438027
0.877642
0.034923
0.0283493
0.264129
0.315621
0.374089
0.174232
0.556983
0.145526
0.15342
0.619304
0.454219
0.40386
0.716245
0.299533
0.857403
0.1025
0.0737656
0.894107
0.668396
0.393641
0.54044
0.331261
0.792224
0.0743416
0.159594
0.941734
0.946114
0.897163
0.974988
0.651822
0.827251
0.293926
0.405842
0.555925
0.942935
0.232697
0.103686
0.488901
0.497947
0.0550415
0.0930647
0.10791
0.604589
0.309637
0.610079
0.887239
0.0252866
0.679023
0.949827
0.0353658
0.26066
0.695218
0.864521
0.277562
0.539255
0.307982
0.411769
0.924866
0.664523
0.550336
0.811029
0.755516
0.236997
0.814407
0.743201
0.779355
0.81239
0.0827776
0.623615
0.538985
0.302139
0.327839
0.637514
0.240418
0.113753
0.236457
0.551613
0.269613
0.105262
0.25642
0.421756
0.616286
0.521588
0.577223
0.0883901
0.72306
0.141923
0.132957
0.298084
0.0374796
0.346485
0.957662
0.317554
0.930606
0.0120413
0.268336
0.287152
0.73858
0.873624
0.446102
0.337474
0.956389
0.612542
0.081299
0.0638471
0.0259176
0.594341
0.6244
0.877422
0.800528
0.940769
0.53208
0.231433
0.957084
0.468013
0.548481
0.878693
0.532602
0.402321
0.515051
0.599255
0.819598
0.680996
0.970204
0.889369
0.304477
0.796738
0.264919
0.791387
0.82034
0.257303
0.977814
0.39091
0.549303
0.461566
0.0573738
0.584932
0.318272
0.114326
0.000310541
0.330224
0.683771
0.99843
0.51263
0.00960026
0.133214
0.20604
0.47582
0.967768
0.638339
0.627446
0.645006
0.805251
0.214941
0.301092
0.181084
0.856013
0.107413
0.44407
0.264696
0.417851
0.391045
0.807624
0.180062
0.472865
0.409661
0.380857
0.888622
0.187546
0.388964
0.534785
0.753176
0.167281
0.672103
0.667764
0.586808
0.0184031
0.18862
0.592147
0.545805
0.437071
0.410824
0.967244
0.121602
0.399969
0.679424
0.57015
0.345173
0.276441
0.989651
0.155516
0.724451
0.886063
0.930143
0.462401
0.481796
0.562058
0.690296
0.191231
0.510169
0.744051
0.280132
0.492392
0.446945
0.959532
0.913913
0.623141
0.357431
0.120794
0.0960617
0.237286
0.559212
0.270358
0.0459916
0.159454
0.975133
0.594308
0.649658
0.549977
0.469348
0.555097
0.0164593
0.532077
0.544016
0.283342
0.807522
0.885278
0.05504
0.177426
0.669604
0.295095
0.682511
0.133505
0.536333
0.285431
0.433124
0.222
0.536112
0.491477
0.755792
0.590798
0.630366
0.928677
0.574471
0.95121
0.144896
0.058906
0.187555
0.425465
0.450692
0.697651
0.436695
0.280315
0.661386
0.507403
0.883446
0.0388385
0.311436
0.848966
0.908847
0.41986
0.766259
0.681586
0.414591
0.123771
0.428936
0.866309
0.439167
0.835503
0.719731
0.256609
0.634652
0.010925
0.980651
0.710204
0.714962
0.383501
0.145565
0.37994
0.930731
0.866903
0.779924
0.905224
0.386993
0.124889
0.809435
0.610258
0.130145
0.70279
0.809259
0.764579
0.0354087
0.915149
0.343897
0.878162
0.394643
0.663604
0.432573
0.41355
0.231291
0.0553436
0.227087
0.976302
0.723367
0.753851
0.131336
0.946737
0.888896
0.916144
0.0199175
0.433263
0.017784
0.929918
0.16892
0.538445
0.742488
0.981889
0.548465
0.784681
0.274962
0.496327
0.172118
0.664138
0.0521867
0.359946
0.815241
0.0301944
0.67744
0.697788
0.831736
0.381364
0.414594
0.528787
0.349664
0.339075
0.541243
0.595519
0.262862
0.990628
0.884182
0.937975
0.107575
0.931364
0.669467
0.315357
0.95167
0.95745
0.805909
0.19362
0.940716
0.131408
0.828705
0.524702
0.615908
0.254867
0.774519
0.689318
0.00252258
0.861412
0.603126
0.0801863
0.440607
0.941018
0.49424
0.263368
0.993854
0.106146
0.301451
0.157991
0.883688
0.720288
0.486252
0.152991
0.361077
0.750102
0.224529
0.447002
0.781875
0.312796
0.413698
0.184328
0.519583
0.867259
0.196985
0.49129
0.874974
0.777881
0.858427
0.529134
0.303058
0.449602
0.914359
0.637186
0.269724
0.747409
0.286763
0.781052
0.547093
0.943461
0.304039
0.466985
0.624758
0.531031
0.819948
0.063144
0.651333
0.564997
0.94937
0.772899
0.895451
0.748004
0.901732
0.798924
0.419805
0.416583
0.640475
0.849685
0.740414
0.996097
0.127137
0.572875
0.593142
0.332754
0.999269
0.240115
0.603078
0.200293
0.0333029
0.251143
0.061443
0.271035
0.855638
0.93453
0.984673
0.684032
0.584039
0.360858
0.169717
0.482822
0.00939197
0.739121
0.572429
0.739847
0.774462
0.250503
0.101719
0.435654
0.907683
0.775792
0.347604
0.482215
0.0949132
0.0272864
0.900599
0.336372
0.679131
0.720176
0.692624
0.14312
0.2278
0.199174
0.930428
0.298202
0.778883
0.34699
0.823646
0.459887
0.296047
0.884873
0.757139
0.445586
0.509762
0.57025
0.237191
0.279213
0.0730885
0.804507
0.807664
0.454397
0.889734
0.27405
0.91268
0.585512
0.929547
0.665329
0.537612
0.445651
0.406738
0.16439
0.348298
0.763066
0.541223
0.333655
0.999556
0.376663
0.125498
0.0628471
0.96588
0.620912
0.509318
0.210712
0.0110589
0.863395
0.940877
0.530758
0.212397
0.676845
0.124113
0.688687
0.492068
0.598551
0.676814
0.339187
0.834432
0.333497
0.115988
0.00963896
0.182987
0.306056
0.570243
0.183717
0.188214
0.279974
0.384757
0.432827
0.787258
0.851327
0.662263
0.50359
0.205041
0.691451
0.451408
0.659583
0.650779
0.6062
0.887352
0.564539
0.637521
0.604547
0.889221
0.141248
0.0223266
0.833181
0.874971
0.558406
0.290655
0.828256
0.126248
0.271552
0.825133
0.326229
0.84129
0.267483
0.727185
0.57461
0.203699
0.747144
0.0626318
0.0448441
0.750987
0.733417
0.573462
0.706974
0.163877
0.856686
0.530592
0.599369
0.801841
0.67232
0.795239
0.822253
0.0421414
0.349718
0.778632
0.233346
0.467651
0.924758
0.834214
0.922518
0.893461
0.131782
0.258782
0.253924
0.521732
0.532874
0.13649
0.736231
0.0998026
0.922082
0.781581
0.63071
0.381192
0.269697
0.592934
0.891158
0.645909
0.541479
0.689807
0.0378985
0.124867
0.718201
0.403784
0.0658215
0.0769737
0.161716
0.70469
0.219425
0.600238
0.962995
0.0435376
0.906053
0.265888
0.480867
0.612944
0.52636
0.762793
0.380775
0.220528
0.900205
0.130819
0.208986
0.172489
0.299801
0.975616
0.147259
0.378994
0.0688812
0.87342
0.50534
0.597743
0.241928
0.592749
0.512045
0.245616
0.621692
0.139247
0.0508418
0.474899
0.826434
0.809743
0.684775
0.37902
0.197891
0.827955
0.975126
0.361425
0.849445
0.736945
0.454803
0.903141
0.0667823
0.275209
0.4871
0.291902
0.103137
0.565782
0.679574
0.258607
0.456146
0.886357
0.111844
0.471791
0.162441
0.899788
0.0623994
0.646549
0.402375
0.657608
0.563243
0.13423
0.913119
0.521315
0.58766
0.943758
0.0847843
0.70887
0.513214
0.638305
0.97365
0.926196
0.155229
0.883904
0.43554
0.0153373
0.734237
0.496199
0.42871
0.240148
0.881965
0.246969
0.330792
0.378586
0.374735
0.473155
0.5943
0.62222
0.574456
0.933754
0.542287
0.862055
0.790912
0.776732
0.342668
0.503794
0.211773
0.011618
0.426728
0.308845
0.937633
0.957432
0.369242
0.635279
0.189263
0.852552
0.360135
0.885339
0.0177922
0.0815388
0.511107
0.857192
0.277464
0.542255
0.24623
0.915648
0.144023
0.980315
0.345166
0.895812
0.0381234
0.735009
0.886192
0.320812
0.751447
0.0127799
0.840808
0.0897013
0.787279
0.451503
0.558283
0.828619
0.165116
0.737452
0.162418
0.980659
0.160538
0.182675
0.10914
0.97395
0.985187
0.955676
0.56913
0.447235
0.505314
0.661606
0.148511
0.194219
0.610546
0.842227
0.410597
0.632849
0.436582
0.738344
0.767119
0.148592
0.0152791
0.910494
0.188138
0.382546
0.0473016
0.265384
0.769342
0.220916
0.937389
0.64692
0.333657
0.0065706
0.384828
0.657178
0.940108
0.841725
0.774853
0.444401
0.825196
0.00262265
0.394918
0.194559
0.0931311
0.680971
0.676011
0.667905
0.129733
0.48278
0.86854
0.0278603
0.513567
0.795976
0.746619
0.205725
0.346283
0.683673
0.17901
0.557953
0.613887
0.784306
0.0873454
0.374406
0.531427
0.564187
0.213873
0.915436
0.107664
0.54641
0.56315
0.1884
0.721167
0.410437
0.189243
0.217528
0.00200217
0.308961
0.658859
0.317191
0.904766
0.551794
0.314418
0.668088
0.209402
0.903926
0.921779
0.77078
0.257796
0.598671
0.986237
0.55899
0.127693
0.432033
0.870635
0.827196
0.258311
0.538415
0.0268765
0.893411
0.848834
0.181749
0.270126
0.209731
0.183131
0.154377
0.357103
0.456485
0.942747
0.168785
0.675511
0.326182
0.132295
0.710567
0.860934
0.168549
0.22144
0.727931
0.948089
0.117077
0.714408
0.459817
0.0173649
0.720605
0.127245
0.62434
0.424984
0.773576
0.138786
0.454726
0.749493
0.89395
0.818958
0.987581
0.349496
0.638662
0.742184
0.629969
0.646021
0.253377
0.260452
0.556178
0.112323
0.381214
0.260529
0.330422
0.654923
0.217814
0.247969
0.128496
0.868721
0.725035
0.954047
0.866747
0.694842
0.512295
0.691968
0.69974
0.216504
0.0304496
0.592397
0.44251
0.985686
0.772646
0.464814
0.19966
0.221995
0.507921
0.521962
0.557715
0.539595
0.370402
0.737183
0.520899
0.656617
0.0911028
0.366255
0.881977
0.48316
0.474048
0.152013
0.672664
0.805553
0.597256
0.414494
0.648184
0.714599
0.767151
0.88781
0.148671
0.804909
0.255646
0.308044
0.949707
0.420719
0.397228
0.970724
0.747893
0.0833225
0.604864
0.53046
0.596785
0.480852
0.839372
0.70217
0.450373
0.479868
0.917578
0.061408
0.738744
0.123465
0.515102
0.117622
0.849715
0.242772
0.622621
0.945498
0.180402
0.802655
0.209002
0.383854
0.838548
0.193252
0.321795
0.848363
0.236874
0.0264089
0.721242
0.753375
0.0357973
0.976009
0.99128
0.567485
0.50118
0.434385
0.474345
0.379834
0.308867
0.881385
0.867469
0.312035
0.711818
0.280807
0.989871
0.927331
0.616756
0.926191
0.342511
0.791948
0.27078
0.0180206
0.662832
0.517871
0.238498
0.428868
0.79161
0.00495211
0.835363
0.186089
0.713092
0.956851
0.727592
0.496081
0.998483
0.124925
0.325896
0.9731
0.895647
0.771126
0.0837825
0.707165
0.500585
0.558187
0.196522
0.870563
0.277975
0.913519
0.812345
0.695437
0.623432
0.379361
0.642597
0.818936
0.195734
0.689857
0.358842
0.860419
0.425872
0.0768069
0.115393
0.686075
0.26474
0.150727
0.951844
0.511026
0.205589
0.278068
0.759292
0.0148246
0.18277
0.460433
0.950576
0.815129
0.797803
0.671485
0.604881
0.526234
0.73863
0.106186
0.43712
0.24534
0.0085677
0.805561
0.753733
0.929488
0.899577
0.453091
0.264374
0.146472
0.603479
0.830279
0.122503
0.310383
0.561756
0.501095
0.443379
0.727292
0.770743
0.847971
0.875661
0.93178
0.818487
0.542318
0.00962256
0.993525
0.909796
0.334351
0.55507
0.0105592
0.343273
0.281834
0.288933
0.0801946
0.563656
0.188549
0.585875
0.654375
0.433155
0.793969
0.605358
0.194543
0.857277
0.35435
0.852708
0.41602
0.260321
0.654819
0.207754
0.801483
0.376328
0.167651
0.771716
0.336531
0.571409
0.538651
0.483966
0.485922
0.00384857
0.290898
0.758534
0.26884
0.886966
0.731938
0.434337
0.614809
0.0682694
0.119376
0.649368
0.413187
0.4013
0.0441873
0.141447
0.543388
0.851369
0.867689
0.0388522
0.13114
0.265928
0.788499
0.117426
0.524827
0.203975
0.17458
0.0300001
0.483356
0.812864
0.707362
0.935163
0.897862
0.570418
0.435693
0.128734
0.602929
0.998157
0.358151
0.681358
0.104963
0.977514
0.899902
0.597136
0.751684
0.294993
0.300518
0.241718
0.194599
0.75692
0.436059
0.101602
0.00789226
0.839358
0.0349634
0.260223
0.352762
0.556165
0.451184
0.72515
0.694418
0.625235
0.518079
0.420174
0.68405
0.0451692
0.931594
0.846968
0.643555
0.858191
0.690883
0.681254
0.56424
0.473562
0.385699
0.393724
0.331312
0.442807
0.253531
0.216436
0.0220645
0.0273781
0.995949
0.281635
0.693873
0.284701
0.906789
0.805039
0.0682964
0.434524
0.116004
0.658317
0.565331
0.820701
0.726257
0.45096
0.712829
0.542194
0.289381
0.812357
0.732586
0.0501732
0.035208
0.18775
0.0805312
0.253093
0.28081
0.685895
0.0649536
0.667511
0.331114
0.362494
0.812467
0.141417
0.0637243
0.697379
0.0709511
0.36455
0.987414
0.560988
0.801896
0.844215
0.663675
0.738392
0.0660653
0.82859
0.791883
0.425433
0.689608
0.687703
0.688877
0.683778
0.165242
0.302552
0.148388
0.135045
0.448161
0.743434
0.0886699
0.194628
0.943606
0.646418
0.77835
0.251699
0.775752
0.778509
0.579692
0.0943125
0.210001
0.338097
0.395646
0.389571
0.215274
0.654593
0.9455
0.301176
0.169133
0.616935
0.603958
0.724695
0.0949569
0.076122
0.782157
0.772903
0.953427
0.494643
0.492081
0.749339
0.324405
0.832466
0.851584
0.152072
0.988834
0.965215
0.383492
0.242119
0.741222
0.147975
0.453101
0.987051
0.395782
0.736571
0.434586
0.65599
0.664033
0.405238
0.511894
0.395757
0.729098
0.782506
0.763495
0.789197
0.840166
0.335281
0.938643
0.0576907
0.0177574
0.0491324
0.532708
0.368147
0.105978
0.262336
0.233049
0.259142
0.179832
0.52883
0.101926
0.0650311
0.100364
0.720875
0.695364
0.228839
0.454551
0.919419
0.832455
0.722282
0.322433
0.772479
0.748343
0.516133
0.0703065
0.45225
0.834487
0.406372
0.330561
0.0968401
0.710628
0.013868
0.350144
0.304119
0.596252
0.77918
0.61923
0.217642
0.258997
0.940685
0.0638943
0.743453
0.42321
0.00106826
0.73517
0.168525
0.366195
0.09596
0.604155
0.0524918
0.70761
0.46885
0.244384
0.7314
0.893851
0.031222
0.615133
0.974988
0.464444
0.999654
0.494988
0.0477796
0.669325
0.277846
0.550463
0.261566
0.68542
0.0854398
0.489675
0.551318
0.136831
0.726398
0.522868
0.224082
0.855619
0.937396
0.96483
0.139659
0.904471
0.472571
0.206499
0.253815
0.214085
0.989698
0.213762
0.662712
0.345119
0.460773
0.836857
0.455317
0.455123
0.779674
0.701503
0.245079
0.921274
0.516379
0.152777
0.504847
0.965888
0.080583
0.0897377
0.188394
0.34973
0.990487
0.500939
0.243301
0.104004
0.123503
0.0403478
0.0390994
0.600807
0.180171
0.408157
0.794351
0.431525
0.741718
0.479812
0.660836
0.51539
0.641699
0.561368
0.140779
0.363011
0.0789526
0.813418
0.774758
0.116419
0.150079
0.0961623
0.362591
0.266712
0.551873
0.0311029
0.896116
0.0909518
0.393737
0.971262
0.891148
0.736253
0.111033
0.779666
0.676381
0.322081
0.475037
0.209496
0.375103
0.0322555
0.705838
0.102792
0.877236
0.830785
0.877932
0.888272
0.54526
0.939018
0.762832
0.718184
0.191456
0.727607
0.73421
0.412702
0.398197
0.73914
0.688814
0.061751
0.739026
0.600348
0.170916
0.303228
0.416491
0.659543
0.545261
0.889104
0.46137
0.930368
0.13083
0.688385
0.038708
0.589982
0.851765
0.226901
0.854732
0.486108
0.244872
0.70907
0.565854
0.504566
0.350082
0.956413
0.655671
0.699725
0.310985
0.77851
0.742666
0.428028
0.620292
0.737591
0.475752
0.904115
0.179211
0.166045
0.0764684
0.296705
0.34061
0.894631
0.200926
0.440022
0.408086
0.525835
0.632026
0.522516
0.527758
0.843477
0.842002
0.270605
0.489864
0.699972
0.40614
0.561472
0.690068
0.553611
0.513086
0.659562
0.676094
0.643533
0.250787
0.754147
0.889639
0.64618
0.458614
0.847035
0.127414
0.605376
0.902544
0.41618
0.0186835
0.574411
0.606271
0.090682
0.519875
0.478794
0.559625
0.3527
0.717686
0.414903
0.797801
0.498959
0.759269
0.242938
0.423461
0.32452
0.190352
0.458517
0.862687
0.322871
0.147671
0.617031
0.863815
0.522827
0.822133
0.458191
0.377278
0.646292
0.343429
0.280648
0.120728
0.739243
0.317135
0.235497
0.405429
0.620166
0.121063
0.659228
0.197496
0.911897
0.711138
0.6761
0.979721
0.477457
0.171414
0.630167
0.8026
0.168193
0.0882492
0.0443377
0.46999
0.763334
0.27104
0.709395
0.224575
0.034938
0.20282
0.375574
0.613095
0.499267
0.00632428
0.652044
0.681831
0.798195
0.826728
0.832655
0.618195
0.664754
0.578884
0.918687
0.820131
0.869936
0.632393
0.953002
0.412568
0.457585
0.934248
0.0871569
0.649533
0.162857
0.667855
0.564566
0.271025
0.678348
0.00753778
0.359575
0.289107
0.741476
0.220047
0.886841
0.267232
0.693857
0.691076
0.473966
0.40747
0.309408
0.795757
0.442377
0.515597
0.867794
0.389837
0.330387
0.787433
0.590492
0.280535
0.501061
0.545593
0.121075
0.92723
0.731364
0.554025
0.528415
0.387907
0.136142
0.190688
0.524723
0.635282
0.135738
0.836579
0.831451
0.902082
0.539132
0.409065
0.378762
0.389532
0.30575
0.279129
0.335397
0.671016
0.362577
0.333885
0.379824
0.728263
0.170763
0.792975
0.672865
0.508157
0.790376
0.582813
0.432802
0.530569
0.609328
0.118379
0.604831
0.610493
0.599866
0.720177
0.0631457
0.0917681
0.440145
0.71035
0.084923
0.580221
0.520797
0.869467
0.409522
0.926701
0.50411
0.193082
0.242845
0.951378
0.66959
0.843343
0.762423
0.104651
0.582463
0.373268
0.8591
0.478105
0.933278
0.0281997
0.665096
0.707842
0.462975
0.244521
0.946537
0.0237965
0.917201
0.994408
0.0274006
0.331251
0.771928
0.985534
0.532334
0.849529
0.63211
0.769442
0.0464572
0.777373
0.68676
0.630854
0.354291
0.422682
0.837221
0.397104
0.636605
0.0351335
0.998767
0.000336205
0.741284
0.609111
0.0758786
0.0913695
0.61952
0.877906
0.648309
0.670323
0.393586
0.00771812
0.83103
0.913381
0.0375623
0.795073
0.49338
0.281563
0.956726
0.840645
0.320952
0.0401911
0.133069
0.236442
0.209667
0.402696
0.938486
0.674511
0.430919
0.712087
0.785316
0.100357
0.245246
0.468236
0.875173
0.0104716
0.733232
0.813608
0.745664
0.942615
0.386443
0.376117
0.882079
0.684175
0.175391
0.483707
0.364315
0.398445
0.0664925
0.217361
0.809448
0.396042
0.462237
0.651584
0.450874
0.579533
0.585552
0.914094
0.77774
0.970605
0.247175
0.833776
0.825861
0.748488
0.0447373
0.364738
0.873289
0.343831
0.639081
0.353587
0.870768
0.140785
0.83418
0.773481
0.391611
0.784795
0.955161
0.362122
0.0248515
0.248594
0.406728
0.0198071
0.373408
0.566766
0.837325
0.842031
0.374662
0.774521
0.220676
0.182405
0.922734
0.437783
0.623119
0.922823
0.32386
0.558211
0.908865
0.926445
0.373944
0.922958
0.60499
0.80743
0.234983
0.597321
0.674436
0.672749
0.64208
0.613125
0.0784497
0.520546
0.235878
0.0216854
0.941138
0.110753
0.675131
0.792197
0.0233714
0.406901
0.728163
0.410937
0.164528
0.248338
0.670073
0.619349
0.461177
0.640114
0.439932
0.962437
0.627894
0.949413
0.06483
0.896494
0.0313785
0.224854
0.994561
0.185603
0.657525
0.887326
0.0925108
0.323775
0.528881
0.831232
0.526045
0.425054
0.0537533
0.405334
0.927935
0.549642
0.423011
0.607395
0.860836
0.467842
0.933366
0.790179
0.548102
0.603708
0.893538
0.144883
0.275734
0.507188
0.589919
0.865037
0.547142
0.591948
0.982144
0.1089
0.143088
0.592222
0.614744
0.824873
0.044779
0.946275
0.554494
0.183279
0.373809
0.58964
0.637458
0.547553
0.493434
0.43324
0.461178
0.826455
0.53069
0.969101
0.108671
0.723972
0.0034487
0.965052
0.057899
0.195975
0.610182
0.216695
0.441094
0.532178
0.67638
0.356032
0.424385
0.465496
0.301789
0.147957
0.428391
0.000850299
0.0421603
0.287545
0.487445
0.465512
0.667396
0.842509
0.235949
0.910891
0.435674
0.233147
0.193672
0.983259
0.754139
0.945661
0.376083
0.812227
0.239778
0.650248
0.635044
0.565907
0.789337
0.729508
0.758866
0.506277
0.838966
0.579582
0.0895578
0.0319531
0.978819
0.0231107
0.981051
0.52343
0.929316
0.272189
0.149901
0.535431
0.901177
0.240767
0.400076
0.0430081
0.568417
0.886924
0.552311
0.477097
0.69431
0.273109
0.364198
0.599602
0.687672
0.310584
0.486355
0.448557
0.260192
0.576733
0.473004
0.0913525
0.971622
0.701786
0.579925
0.0490101
0.286234
0.958667
0.230071
0.761637
0.812031
0.0581579
0.28283
0.0702224
0.135768
0.0641162
0.281997
0.419805
0.711211
0.777242
0.0154457
0.983761
0.884535
0.287182
0.0764915
0.0174645
0.717746
0.0333434
0.95077
0.0705293
0.519121
0.220582
0.420064
0.500948
0.487093
0.245882
0.71894
0.659773
0.984342
0.870754
0.0158212
0.453492
0.0143604
0.605252
0.172343
0.147034
0.77312
0.866222
0.417919
0.152487
0.460508
0.460246
0.956754
0.415375
0.342398
0.0367573
0.70194
0.96974
0.111769
0.359835
0.210601
0.883418
0.411128
0.55035
0.519552
0.888731
0.299556
0.0339085
0.823401
0.0559345
0.724885
0.92626
0.387602
0.785945
0.134602
0.533806
0.221877
0.932232
0.118173
0.839596
0.848224
0.870287
0.57614
0.497325
0.746697
0.290917
0.330705
0.0684173
0.610376
0.160067
0.785007
0.712708
0.478543
0.647108
0.350014
0.117918
0.249807
0.583134
0.522229
0.819769
0.722897
0.249148
0.12423
0.881779
0.511574
0.906313
0.984613
0.260725
0.275871
0.603654
0.62375
0.271857
0.409971
0.446378
0.429104
0.0205771
0.630866
0.883462
0.0459261
0.508452
0.789354
0.842475
0.805437
0.474201
0.0308536
0.139036
0.0557946
0.14869
0.0339865
0.883038
0.992262
0.167213
0.384259
0.262102
0.894826
0.711486
0.38664
0.201786
0.276363
0.635042
0.64875
0.72479
0.931146
0.362265
0.812744
0.422665
0.536277
0.256214
0.563907
0.303592
0.679494
0.510662
0.896552
0.355688
0.0573324
0.404858
0.525142
0.602068
0.834456
0.324574
0.885871
0.966417
0.267189
0.136995
0.33349
0.985473
0.275515
0.197072
0.720356
0.463874
0.492068
0.0736523
0.679866
0.935621
0.894045
0.564061
0.901071
0.0748328
0.648345
0.869405
0.730229
0.926106
0.212782
0.137243
0.565302
0.249821
0.458608
0.803715
0.908372
0.453563
0.273675
0.707982
0.883749
0.707628
0.300345
0.855522
0.407475
0.986549
0.989784
0.388851
0.438348
0.546493
0.951726
0.255095
0.974046
0.430395
0.104307
0.301643
0.963696
0.157072
0.0999136
0.676795
0.410564
0.376439
0.977761
0.238038
0.861975
0.828131
0.46601
0.244079
0.407832
0.750013
0.0456329
0.367586
0.542927
0.670162
0.492835
0.281139
0.43865
0.936089
0.404345
0.605303
0.202231
0.0607442
0.134465
0.0174839
0.30491
0.120583
0.663257
0.0767031
0.470434
0.526544
0.123235
0.0643771
0.731655
0.233776
0.184383
0.0902517
0.0844719
0.715993
0.574848
0.35012
0.598831
0.527095
0.919478
0.555156
0.176199
0.122637
0.802947
0.592886
0.294149
0.52425
0.609121
0.653852
0.806904
0.883375
0.519449
0.799462
0.581047
0.336528
0.661188
0.200797
0.552051
0.136461
0.67101
0.920764
0.0626911
0.0946411
0.522514
0.636199
0.93189
0.711454
0.903839
0.184504
0.407661
0.0458793
0.999529
0.702925
0.842776
0.946814
0.841435
0.153975
0.757231
0.0269358
0.75948
0.159976
0.847064
0.642273
0.323011
0.780222
0.0118462
0.36514
0.682066
0.421828
0.04688
0.384391
0.303578
0.992336
0.686759
0.820873
0.880918
0.607173
0.473011
0.254106
0.402967
0.752849
0.551313
0.30417
0.433777
0.479788
0.794477
0.320441
0.891886
0.64909
0.0995991
0.639302
0.137217
0.241408
0.581626
0.617977
0.389737
0.117551
0.373184
0.601239
0.571636
0.480625
0.734491
0.330363
0.52206
0.91857
0.628635
0.845854
0.615237
0.542547
0.121168
0.516692
0.939103
0.155068
0.743386
0.33211
0.586795
0.979953
0.126639
0.0720418
0.142428
0.987851
0.174785
0.331922
0.0633061
0.605255
0.577663
0.343892
0.434108
0.0189135
0.781861
0.55884
0.834923
0.735122
0.299548
0.4027
0.465054
0.133899
0.029826
0.381774
0.604872
0.567479
0.249709
0.741795
0.244674
0.703811
0.636295
0.406775
0.945367
0.40072
0.83961
0.883488
0.176806
0.446814
0.0688723
0.599172
0.564975
0.903404
0.0395136
0.144937
0.14651
0.556407
0.850163
0.106239
0.349642
0.451314
0.283015
0.917657
0.141184
0.892517
0.297819
0.351412
0.0253789
0.853061
0.750276
0.480785
0.194165
0.806083
0.624206
0.169311
0.832653
0.0193827
0.475465
0.839973
0.721612
0.877109
0.0703057
0.41938
0.648753
0.615154
0.466352
0.0800076
0.0643401
0.872433
0.732425
0.938114
0.4221
0.830158
0.995746
0.53096
0.196986
0.0644726
0.0645798
0.850531
0.144662
0.0540101
0.731687
0.598007
0.672354
0.420267
0.0427408
0.53942
0.80918
0.301242
0.081162
0.132087
0.862735
0.120972
0.640625
0.422493
0.198154
0.548495
0.849088
0.603235
0.934315
0.738608
0.460171
0.667288
0.0872306
0.130372
0.29214
0.933232
0.990414
0.93979
0.7498
0.231425
0.493867
0.943093
0.514152
0.928359
0.537833
0.539242
0.876579
0.74903
0.902307
0.708119
0.280393
0.446851
0.179967
0.123438
0.738632
0.516176
0.947202
0.076411
0.743096
0.18767
0.875555
0.051948
0.710352
0.875008
0.407703
0.405834
0.57946
0.505328
0.786837
0.363096
0.00384671
0.400136
0.577447
0.762135
0.223279
0.356712
0.775342
0.097978
0.659433
0.96792
0.171465
0.947405
0.551795
0.637313
0.581865
0.298962
0.859175
0.480425
0.94807
0.449718
0.74609
0.32732
0.329659
0.625947
0.727602
0.550403
0.0189192
0.251674
0.173207
0.227456
0.193991
0.321357
0.455296
0.335794
0.325145
0.449482
0.457225
0.90578
0.969076
0.0950525
0.944305
0.412883
0.241928
0.241487
0.672732
0.741496
0.564859
0.881393
0.593501
0.630751
0.631201
0.0719819
0.684156
0.26282
0.659981
0.943389
0.28537
0.515664
0.860408
0.874449
0.399361
0.297179
0.549933
0.197905
0.0496992
0.616628
0.720703
0.902808
0.175047
0.0780304
0.929874
0.781703
0.728613
0.593973
0.497097
0.310944
0.93313
0.0889397
0.642403
0.770866
0.827374
0.502263
0.932903
0.867911
0.548908
0.72499
0.176981
0.169575
0.779174
0.000276479
0.494935
0.782788
0.773624
0.513014
0.0879313
0.7316
0.384221
0.178827
0.735828
0.202944
0.669581
0.811085
0.246856
0.144624
0.728677
0.751593
0.41167
0.87837
0.418992
0.888213
0.191026
0.400281
0.834767
0.115982
0.648045
0.900954
0.988777
0.884697
0.234801
0.366839
0.372962
0.0545319
0.31264
0.559563
0.244943
0.767765
0.382286
0.936946
0.636603
0.402837
0.488186
0.949118
0.946952
0.962357
0.968073
0.812804
0.215393
0.427493
0.131956
0.707395
0.757608
0.576098
0.248147
0.183507
0.53125
0.0208263
0.00115851
0.842068
0.87339
0.739062
0.473003
0.281283
0.688259
0.541595
0.718529
0.0753455
0.381101
0.638378
0.924549
0.867588
0.00517808
0.473767
0.30448
0.587545
0.369829
0.390733
0.126986
0.413972
0.950069
0.40053
0.134929
0.957765
0.181203
0.840386
0.387006
0.984568
0.473449
0.0690323
0.614523
0.0269127
0.0640827
0.570681
0.16425
0.105172
0.960483
0.786558
0.136333
0.962064
0.580487
0.143311
0.42609
0.0258549
0.114922
0.577337
0.0806833
0.366875
0.884768
0.436979
0.309934
0.282652
0.490604
0.0809133
0.871241
0.84008
0.169569
0.958931
0.92532
0.221277
0.265757
0.69744
0.613705
0.226393
0.232921
0.0744847
0.125362
0.984005
0.725606
0.222556
0.891952
0.620462
0.381565
0.0622957
0.803052
0.525928
0.689952
0.222881
0.250752
0.847843
0.317259
0.178636
0.523204
0.266872
0.718289
0.520783
0.539947
0.00963544
0.830471
0.311463
0.106334
0.232286
0.823067
0.499065
0.431766
0.250085
0.419808
0.54703
0.411373
0.174306
0.681773
0.742921
0.168412
0.0262074
0.87896
0.65388
0.443827
0.853215
0.0683641
0.407875
0.617823
0.397415
0.783644
0.878879
0.542451
0.231047
0.649891
0.8638
0.348599
0.187068
0.317272
0.420027
0.722461
0.938556
0.0398307
0.919697
0.609314
0.0740395
0.300306
0.957515
0.934223
0.975227
0.207152
0.960176
0.910975
0.364587
0.596212
0.0407133
0.0271436
0.622758
0.628402
0.319252
0.866303
0.13476
0.895486
0.610523
0.187824
0.314155
0.369017
0.25456
0.690513
0.94533
0.877244
0.54146
0.0191026
0.0641505
0.271776
0.270646
0.392747
0.494024
0.0817601
0.298502
0.967657
0.650065
0.869713
0.378778
0.717792
0.0424709
0.576373
0.829601
0.168681
0.181394
0.845106
0.663735
0.0885486
0.159614
0.524383
0.968981
0.0156227
0.045301
0.848901
0.264772
0.358185
0.590892
0.576032
0.15466
0.516319
0.164512
0.0061511
0.857964
0.525065
0.360568
0.984341
0.997712
0.949082
0.816415
0.961236
0.393308
0.0091804
0.477018
0.720285
0.678266
0.62145
0.880321
0.274331
0.617149
0.39315
0.266351
0.0245056
0.702489
0.436147
0.405006
0.494214
0.490507
0.211684
0.500927
0.904864
0.515259
0.757611
0.955783
0.247
0.452163
0.248789
0.573549
0.551527
0.565633
0.324641
0.729827
0.949842
0.727236
0.769453
0.966329
0.63232
0.31683
0.0521631
0.024534
0.255597
0.956984
0.332313
0.520019
0.527966
0.55461
0.0655074
0.558638
0.722998
0.371687
0.962741
0.35264
0.0247631
0.031269
0.362766
0.740254
0.1058
0.727103
0.880579
0.0649104
0.704541
0.51561
0.7166
0.53119
0.170145
0.32328
0.977376
0.499832
0.248762
0.967355
0.398754
0.238934
0.818671
0.1582
0.273654
0.0387852
0.605014
0.424714
0.412305
0.593447
0.824731
0.673437
0.477562
0.267654
0.263273
0.672115
0.383174
0.185529
0.935628
0.667885
0.923839
0.0602794
0.54972
0.692339
0.501529
0.355981
0.501901
0.299772
0.042367
0.630298
0.908643
0.71689
0.163182
0.81466
0.901198
0.443338
0.938957
0.433392
0.402275
0.489253
0.794602
0.385148
0.784494
0.0982005
0.762851
0.197579
0.984545
0.124354
0.921189
0.594635
0.475922
0.922807
0.699942
0.186199
0.280526
0.138826
0.569146
0.206798
0.328077
0.951603
0.567263
0.543773
0.168239
0.573585
0.22594
0.953014
0.854306
0.644038
0.910194
0.149428
0.395798
0.798256
0.315855
0.216344
0.175829
0.753489
0.289833
0.785683
0.88543
0.665745
0.055636
0.848268
0.768737
0.974564
0.577841
0.847878
0.954359
0.412609
0.594122
0.0802047
0.568083
0.362117
0.619496
0.450379
0.269941
0.25824
0.070093
0.367726
0.430236
0.31871
0.0359623
0.0760407
0.828305
0.0865252
0.341293
0.00562263
0.23639
0.843175
0.186591
0.122876
0.585854
0.859128
0.646448
0.820586
0.477349
0.654817
0.44249
0.30039
0.201613
0.463816
0.729846
0.327818
0.342906
0.0761282
0.0703366
0.219603
0.174825
0.0998109
0.143495
0.402534
0.879272
0.683532
0.643434
0.0917592
0.823002
0.815946
0.60377
0.057523
0.921149
0.244597
0.458128
0.558766
0.975895
0.27711
0.811946
0.127299
0.515621
0.465674
0.183877
0.462084
0.351717
0.676826
0.259415
0.677036
0.0401497
0.422953
0.848133
0.360427
0.467103
0.319767
0.588589
0.299733
0.0510296
0.0947524
0.190396
0.410777
0.982411
0.465637
0.255857
0.105183
0.842916
0.288737
0.69716
0.605161
0.23851
0.525104
0.924728
0.838143
0.8203
0.102854
0.406249
0.187526
0.38503
0.27394
0.498679
0.69868
0.40176
0.938697
0.496289
0.570472
0.466338
0.410982
0.88835
0.353915
0.453912
0.249571
0.48967
0.32561
0.558077
0.639337
0.58864
0.154115
0.119765
0.559748
0.379013
0.251983
0.642917
0.817671
0.0532937
0.449177
0.744084
0.765742
0.723859
0.144479
0.584769
0.302187
0.529164
0.708251
0.972435
0.00452016
0.172782
0.0115267
0.726147
0.932431
0.968454
0.993895
0.845707
0.416266
0.952749
0.296756
0.317612
0.429052
0.926177
0.880588
0.581728
0.59633
0.569974
0.565882
0.806132
0.0432707
0.921685
0.839123
0.159838
0.0853095
0.169186
0.123806
0.155708
0.671306
0.00329037
0.797865
0.349595
0.220776
0.713431
0.467795
0.710233
0.912968
0.869454
0.575229
0.133764
0.909639
0.739225
0.797166
0.151727
0.292901
0.0643752
0.577125
0.0516323
0.735011
0.164259
0.933662
0.440347
0.413499
0.0928365
0.00811569
0.338981
0.185769
0.110055
0.996268
0.589057
0.218155
0.0822788
0.626704
0.637263
0.542278
0.555755
0.0351207
0.405244
0.785489
0.685894
0.237164
0.260994
0.978751
0.885571
0.636467
0.0250389
0.13238
0.864975
0.975729
0.0275183
0.971641
0.0885345
0.441865
0.359774
0.437401
0.602402
0.173903
0.190943
0.984998
0.634854
0.567247
0.917966
0.757757
0.625214
0.916953
0.875971
0.893026
0.0658637
0.924033
0.566222
0.610551
0.180766
0.493235
0.696099
0.835151
0.598047
0.98029
0.991601
0.402686
0.187934
0.0384965
0.0190642
0.223837
0.876432
0.388281
0.102219
0.295235
0.999059
0.624781
0.051058
0.461116
0.222092
0.712802
0.812913
0.453981
0.506231
0.630558
0.201693
0.203028
0.165644
0.941435
0.128414
0.49478
0.445273
0.105058
0.764617
0.693802
0.73535
0.707328
0.593966
0.0812545
0.5903
0.0471805
0.0564047
0.958311
0.161384
0.817315
0.476156
0.514984
0.710821
0.582592
0.987765
0.800104
0.813844
0.405267
0.334121
0.124162
0.0620519
0.951753
0.79428
0.843693
0.698605
0.460044
0.603736
0.94916
0.126542
0.680656
0.918961
0.0879372
0.188221
0.97743
0.153639
0.625525
0.694144
0.79017
0.195094
0.657635
0.923292
0.0899395
0.576253
0.981897
0.523389
0.42926
0.165323
0.61264
0.364486
0.9803
0.828879
0.915546
0.649066
0.887789
0.457711
0.311235
0.578387
0.410069
0.502269
0.785085
0.593755
0.477826
0.782848
0.589082
0.893318
0.0447178
0.966715
0.324184
0.528496
0.0328195
0.685185
0.496081
0.782815
0.630051
0.628704
0.661605
0.411975
0.878095
0.348106
0.38362
0.988486
0.212437
0.423043
0.86336
0.627881
0.336509
0.468367
0.97951
0.315106
0.223902
0.475398
0.363644
0.573331
0.783214
0.588801
0.854543
0.0406459
0.944476
0.454829
0.732952
0.419575
0.359576
0.381174
0.730136
0.649602
0.0434705
0.313062
0.724616
0.770784
0.510928
0.314399
0.858379
0.080652
0.829364
0.35336
0.352563
0.23109
0.954214
0.056023
0.485509
0.553668
0.509953
0.444901
0.708453
0.221366
0.279601
0.0760147
0.264224
0.352915
0.801439
0.328409
0.0595814
0.691701
0.863248
0.354214
0.263391
0.618287
0.81243
0.940884
0.783432
0.479203
0.171374
0.105902
0.743157
0.565104
0.337849
0.0411274
0.702156
0.605674
0.290899
0.327029
0.179577
0.718111
0.899821
0.464552
0.0591616
0.318869
0.375284
0.649906
0.468859
0.566818
0.184625
0.839661
0.580295
0.0203338
0.490495
0.781748
0.0575214
0.490824
0.937519
0.325706
0.898352
0.33161
0.494915
0.207916
0.0466713
0.940507
0.31308
0.318897
0.826731
0.391972
0.631878
0.281862
0.500698
0.337116
0.0227566
0.559051
0.326571
0.065652
0.764895
0.825152
0.00283179
0.401786
0.648959
0.726782
0.101593
0.544219
0.588259
0.769557
0.303773
0.82936
0.492807
0.833701
0.935192
0.0533764
0.0627556
0.230313
0.437699
0.0631491
0.773956
0.571762
0.0725611
0.00652421
0.552097
0.849061
0.963568
0.440959
0.14347
0.0237982
0.638087
0.917694
0.950326
0.0442888
0.84281
0.355096
0.926338
0.768327
0.533659
0.932402
0.495971
0.906195
0.734918
0.380192
0.460807
0.956817
0.325368
0.138529
0.573491
0.16291
0.281235
0.39476
0.870411
0.875996
0.744677
0.362532
0.159694
0.0616178
0.436893
0.74602
0.555971
0.953442
0.852144
0.531121
0.106651
0.479355
0.204402
0.925754
0.231371
0.578654
0.889523
0.172228
0.757331
0.370521
0.225057
0.358798
0.774572
0.321697
0.491699
0.0774481
0.430594
0.186685
0.930894
0.0543039
0.149465
0.00878191
0.392629
0.668726
0.505617
0.144753
0.178726
0.358352
0.942483
0.348891
0.769605
0.643495
0.27544
0.77679
0.414017
0.887909
0.616424
0.628381
0.354711
0.631903
0.733119
0.539647
0.153964
0.430092
0.2599
0.64385
0.144584
0.705657
0.41293
0.74223
0.928887
0.11302
0.968962
0.0598845
0.378335
0.0601931
0.743809
0.0903154
0.519807
0.962222
0.00619872
0.559224
0.304441
0.334138
0.577041
0.101246
0.0474578
0.701295
0.878735
0.86181
0.382743
0.699578
0.11816
0.728462
0.559709
0.960728
0.447799
0.794082
0.756239
0.738174
0.205581
0.0322214
0.199908
0.0621673
0.806515
0.600468
0.887803
0.0570315
0.0362437
0.355113
0.114346
0.387438
0.491432
0.823352
0.723441
0.179981
0.917947
0.778999
0.353134
0.0468765
0.79539
0.726565
0.888396
0.333816
0.944809
0.794539
0.380157
0.931302
0.176399
0.161074
0.091112
0.891261
0.399534
0.684599
0.150286
0.452823
0.0560275
0.407651
0.887362
0.778598
0.927062
0.777386
0.887934
0.158516
0.856674
0.594997
0.406604
0.6961
0.97234
0.641237
0.890544
0.540745
0.335325
0.0409954
0.818862
0.199614
0.909671
0.310834
0.690194
0.376826
0.252111
0.894673
0.66435
0.406977
0.52574
0.569478
0.794664
0.308974
0.12822
0.133966
0.635753
0.839503
0.18127
0.0968436
0.178074
0.525939
0.92038
0.180002
0.532166
0.850044
0.658647
0.0836971
0.221329
0.898615
0.344842
0.460118
0.978681
0.285786
0.552893
0.0737691
0.179532
0.709371
0.296472
0.67887
0.474269
0.323701
0.878432
0.899662
0.228793
0.376686
0.705011
0.358121
0.165309
0.4936
0.035216
0.67894
0.894873
0.695413
0.961853
0.325849
0.91071
0.966242
0.197058
0.15456
0.0525421
0.691706
0.740378
0.68683
0.514769
0.636233
0.750666
0.0721737
0.373578
0.0930158
0.0811836
0.217791
0.178
0.513055
0.805044
0.685591
0.274063
0.0620295
0.7992
0.481304
0.437702
0.840586
0.634914
0.393415
0.384816
0.517364
0.356699
0.881014
0.265811
0.244376
0.284506
0.845897
0.569953
0.774504
0.098973
0.645876
0.300648
0.635068
0.0248812
0.482913
0.967202
0.647036
0.309324
0.104602
0.234464
0.0203043
0.314432
0.0249105
0.539926
0.932565
0.463743
0.661039
0.800644
0.188955
0.281026
0.378541
0.408539
0.193276
0.348449
0.58424
0.728222
0.915873
0.78143
0.948359
0.448838
0.924195
0.429495
0.305788
0.776936
0.173996
0.285288
0.0544922
0.29907
0.840846
0.657507
0.994267
0.352817
0.743075
0.766148
0.180328
0.365958
0.751197
0.648563
0.822535
0.984525
0.246113
0.190563
0.145217
0.073828
0.753923
0.921335
0.611147
0.915664
0.96775
0.750928
0.576196
0.69309
0.334615
0.26365
0.892099
0.27661
0.395085
0.480969
0.969943
0.528654
0.321371
0.851165
0.596268
0.816109
0.14636
0.834229
0.428546
0.784272
0.809272
0.644546
0.673568
0.242838
0.413211
0.309389
0.126892
0.850405
0.179967
0.996693
0.550131
0.547209
0.880427
0.877886
0.40316
0.336889
0.714937
0.395328
0.384197
0.970546
0.071614
0.434539
0.392499
0.157824
0.168901
0.680291
0.508092
0.114515
0.286049
0.221342
0.730518
0.589929
0.82111
0.412938
0.299121
0.990308
0.356712
0.731768
0.054277
0.593289
0.785885
0.963001
0.66985
0.787307
0.170978
0.172727
0.752703
0.527845
0.398174
0.399654
0.0441912
0.663691
0.162428
0.327899
0.622583
0.403989
0.0321226
0.295081
0.103956
0.663906
0.537852
0.560913
0.408709
0.367589
0.738743
0.450793
0.33377
0.552057
0.509215
0.626114
0.527215
0.119256
0.406308
0.392239
0.691471
0.656313
0.418359
0.212818
0.417247
0.816481
0.538233
0.132424
0.22526
0.762819
0.364584
0.307495
0.855118
0.616133
0.512408
0.249501
0.762103
0.571366
0.165863
0.796278
0.852257
0.296677
0.706903
0.559411
0.548035
0.994664
0.349699
0.767704
0.676916
0.59118
0.284342
0.151149
0.893648
0.307492
0.440998
0.463157
0.882277
0.504708
0.36556
0.704873
0.186694
0.521003
0.0124374
0.266095
0.695807
0.185021
0.740398
0.855987
0.236481
0.430434
0.910303
0.0908473
0.910539
0.286078
0.952776
0.842406
0.264333
0.538137
0.0540819
0.683622
0.374621
0.885093
0.187147
0.88691
0.771835
0.673189
0.544676
0.192105
0.466305
0.653031
0.557226
0.888867
0.508891
0.0523017
0.680121
0.960494
0.539566
0.604545
0.726545
0.159016
0.235479
0.397563
0.137641
0.591639
0.565703
0.086861
0.321484
0.112891
0.89046
0.500798
0.604067
0.291641
0.118167
0.650023
0.350318
0.150592
0.213703
0.0760358
0.696421
0.485467
0.0322417
0.778547
0.131338
0.394076
0.341048
0.423043
0.995295
0.774813
0.972184
0.574963
0.728639
0.0601841
0.0541591
0.0327433
0.116103
0.989826
0.889658
0.859342
0.944363
0.167616
0.859504
0.195099
0.966336
0.467093
0.754858
0.391857
0.90093
0.235592
0.880931
0.579366
0.151798
0.130095
0.212138
0.834923
0.560151
0.492985
0.0843732
0.00446095
0.240364
0.376156
0.819232
0.573103
0.298729
0.049133
0.180902
0.798283
0.237647
0.644774
0.833254
0.345382
0.580782
0.166293
0.894353
0.896333
0.626327
0.358535
0.442758
0.0390173
0.0371854
0.388626
0.972254
0.677994
0.140271
0.322168
0.0132469
0.903194
0.861033
0.804315
0.108027
0.613816
0.382878
0.00780689
0.970967
0.399846
0.0933897
0.749082
0.100275
0.37759
0.693804
0.535242
0.989083
0.544993
0.496417
0.224496
0.831154
0.0338191
0.377946
0.535103
0.599156
0.207101
0.12585
0.334337
0.600341
0.616794
0.516238
0.17698
0.970022
0.593726
0.68192
0.943756
0.534052
0.495088
0.498974
0.0960937
0.708143
0.0292613
0.826849
0.126249
0.929737
0.561687
0.0724883
0.642713
0.877144
0.511278
0.355575
0.305346
0.807889
0.931745
0.658313
0.797213
0.827465
0.985195
0.486416
0.01328
0.77685
0.107822
0.274654
0.50878
0.876947
0.94236
0.183262
0.780607
0.230104
0.536717
0.401329
0.506773
0.899358
0.139501
0.0128057
0.479775
0.877491
0.1835
0.135976
0.799743
0.213242
0.285262
0.786239
0.749027
0.979619
0.690946
0.163009
0.174964
0.168822
0.577146
0.713948
0.960824
0.5935
0.493745
0.459201
0.508703
0.468773
0.842832
0.693922
0.137469
0.399024
0.613507
0.89734
0.40159
0.116264
0.83954
0.768704
0.276507
0.830308
0.308985
0.613777
0.852117
0.94605
0.424659
0.74167
0.0898064
0.71211
0.606658
0.524801
0.104366
0.246382
0.739489
0.119227
0.614735
0.090447
0.400142
0.940799
0.940494
0.867406
0.531423
0.474764
0.255274
0.515525
0.177465
0.0721997
0.124369
0.237391
0.610438
0.33899
0.365907
0.110927
0.385459
0.729257
0.223336
0.453349
0.454326
0.634388
0.693234
0.556926
0.399887
0.398199
0.184029
0.861546
0.797851
0.858185
0.513507
0.625528
0.430551
0.159287
0.531809
0.358834
0.0427353
0.478107
0.41178
0.0489988
0.488862
0.79928
0.775134
0.715692
0.690024
0.934418
0.138457
0.72878
0.224036
0.0826112
0.99002
0.366428
0.143149
0.330416
0.229572
0.442297
0.974937
0.167389
0.370135
0.814526
0.778224
0.170737
0.557963
0.528244
0.127923
0.628655
0.443659
0.64037
0.352448
0.322858
0.902747
0.74656
0.466266
0.475145
0.426464
0.722261
0.975411
0.995036
0.796602
0.0384446
0.250738
0.159816
0.503116
0.587218
0.948751
0.481433
0.369263
0.888515
0.76595
0.89098
0.227063
0.192605
0.779439
0.848683
0.245477
0.953102
0.0861789
0.575027
0.303895
0.744971
0.812456
0.378584
0.845936
0.825318
0.405135
0.740211
0.814292
0.936857
0.0114385
0.408519
0.717616
0.814793
0.112782
0.698285
0.507135
0.152719
0.880015
0.375752
0.853166
0.832241
0.088417
0.701385
0.714535
0.312527
0.777327
0.299097
0.525052
0.340765
0.862496
0.721059
0.00247366
0.706102
0.473691
0.631958
0.465488
0.184402
0.952968
0.993309
0.0267327
0.0861825
0.772296
0.719474
0.611271
0.721525
0.60316
0.414967
0.350928
0.328965
0.196269
0.438277
0.297999
0.873481
0.485744
0.397352
0.986281
0.301306
0.843136
0.803028
0.725964
0.106179
0.683332
0.827305
0.0801793
0.892291
0.951783
0.897723
0.481697
0.154472
0.4663
0.429189
0.460575
0.044402
0.401345
0.881736
0.363143
0.134241
0.711676
0.755919
0.254903
0.32381
0.61804
0.31152
0.679939
0.195239
0.384982
0.465309
0.0554451
0.188416
0.115421
0.870632
0.0418777
0.458685
0.746008
0.98344
0.103902
0.612482
0.0775766
0.0840673
0.111727
0.102042
0.950161
0.659321
0.737809
0.974078
0.299596
0.952301
0.662334
0.0352101
0.477154
0.904956
0.505354
0.513538
0.364187
0.741695
0.0105083
0.346117
0.0150191
0.133613
0.860142
0.0949094
0.842074
0.070626
0.732004
0.16811
0.166914
0.879499
0.624693
0.37665
0.3163
0.490963
0.211374
0.00848456
0.119548
0.41924
0.798772
0.00292212
0.548894
0.858119
0.986958
0.479857
0.993751
0.40576
0.868404
0.729074
0.862104
0.634045
0.221757
0.177072
0.421126
0.257824
0.761226
0.336675
0.81166
0.264338
0.0548251
0.497
0.596354
0.350674
0.528565
0.110162
0.625273
0.149
0.633725
0.954893
0.755579
0.32028
0.759384
0.664649
0.87116
0.897316
0.817174
0.452761
0.377345
0.773507
0.415691
0.376032
0.310701
0.86645
0.0874842
0.190404
0.188877
0.126592
0.811993
0.199514
0.29737
0.417825
0.728936
0.878713
0.972938
0.593618
0.311985
0.323089
0.0530509
0.0831254
0.919266
0.158442
0.20812
0.500526
0.603875
0.622587
0.453085
0.00448248
0.395674
0.52652
0.998275
0.561911
0.94945
0.42005
0.551115
0.686532
0.771393
0.10997
0.861961
0.464242
0.663712
0.748782
0.203924
0.854983
0.255488
0.214834
0.949478
0.534527
0.861187
0.883945
0.0315181
0.753061
0.187602
0.872046
0.917398
0.921363
0.469614
0.383744
0.845391
0.111705
0.477138
0.153273
0.344797
0.607744
0.17077
0.809031
0.105881
0.347065
0.693502
0.435853
0.159369
0.38371
0.556414
0.820036
0.256482
0.502216
0.934495
0.475308
0.958777
0.676613
0.478028
0.135062
0.880237
0.24016
0.367043
0.601936
0.249357
0.0010092
0.57061
0.0421742
0.616237
0.141145
0.565138
0.91713
0.308019
0.241267
0.29297
0.141434
0.30209
0.342583
0.318018
0.801824
0.457786
0.713839
0.468228
0.766525
0.533994
0.613621
0.198345
0.970511
0.822641
0.920855
0.0506185
0.361394
0.265057
0.671146
0.459046
0.896166
0.739867
0.115382
0.155974
0.766817
0.382605
0.609915
0.888811
0.966993
0.786263
0.56127
0.353962
0.27261
0.924125
0.461802
0.760855
0.844226
0.57994
0.781849
0.797863
0.836053
0.438054
0.918512
0.409132
0.686436
0.844223
0.655929
0.784432
0.22008
0.389118
0.73094
0.210998
0.587885
0.73821
0.595067
0.3986
0.680098
0.0193367
0.603463
0.710216
0.301225
0.270421
0.529442
0.85566
0.588171
0.25531
0.24941
0.689908
0.131251
0.655098
0.0519131
0.450004
0.576597
0.926241
0.448931
0.317797
0.988957
0.513151
0.0254397
0.530506
0.33106
0.631107
0.528952
0.735173
0.162363
0.748421
0.648096
0.0821801
0.224218
0.177739
0.869169
0.0571129
0.285182
0.17611
0.748015
0.633654
0.219292
0.578123
0.475446
0.516576
0.0095123
0.639694
0.493105
0.769675
0.780677
0.0870527
0.278712
0.807539
0.888637
0.958474
0.97062
0.840924
0.80877
0.818686
0.604833
0.413674
0.319996
0.754333
0.154737
0.914854
0.725896
0.404717
0.0581932
0.378975
0.835657
0.734764
0.426358
0.583237
0.240037
0.217518
0.146291
0.383038
0.810252
0.117551
0.504064
0.869608
0.565499
0.115137
0.535747
0.76059
0.501689
0.948199
0.552703
0.0112458
0.864019
0.0694301
0.951493
0.0561593
0.759794
0.392921
0.457263
0.797856
0.40919
0.505265
0.959093
0.587808
0.690358
0.777977
0.155671
0.546061
0.0712063
0.632658
0.795628
0.286183
0.351197
0.254075
0.712285
0.32244
0.786314
0.127732
0.429639
0.00223182
0.743717
0.655072
0.835245
0.934846
0.863302
0.717963
0.091339
0.180114
0.827066
0.239488
0.754103
0.476931
0.381712
0.564938
0.574932
0.979119
0.939923
0.88391
0.946065
0.29046
0.13784
0.76546
0.622518
0.317227
0.145523
0.672095
0.708648
0.128349
0.695381
0.0343334
0.134034
0.670935
0.764933
0.378535
0.216321
0.131012
0.575452
0.618454
0.467416
0.43901
0.091548
0.541239
0.718703
0.226729
0.69848
0.0610422
0.445919
0.00238505
0.32929
0.409898
0.618597
0.225831
0.731312
0.3608
0.000992966
0.255039
0.0359105
0.279508
0.239771
0.354656
0.347255
0.228702
0.784689
0.249586
0.271219
0.000986249
0.781653
0.328508
0.821918
0.173521
0.0129001
0.625688
0.8382
0.380112
0.482773
0.915671
0.914531
0.941871
0.262283
0.0899328
0.00538687
0.518608
0.878816
0.913334
0.821141
0.402912
0.947406
0.934368
0.621715
0.219461
0.937466
0.433193
0.30033
0.0188746
0.197164
0.639376
0.204964
0.128488
0.200668
0.140013
0.930901
0.808256
0.79808
0.350427
0.00442536
0.0755965
0.131174
0.484086
0.516654
0.403014
0.756474
0.764943
0.0119483
0.163726
0.673417
0.376624
0.839601
0.183752
0.0294633
0.393451
0.179189
0.710951
0.325653
0.0510339
0.0894741
0.277054
0.474897
0.627443
0.183689
0.0793331
0.513747
0.495811
0.240226
0.539011
0.568725
0.862491
0.68161
0.692636
0.901864
0.869874
0.484239
0.253725
0.469111
0.731115
0.061434
0.901415
0.455551
0.580293
0.369508
0.410532
0.0594331
0.0879376
0.474098
0.609435
0.909453
0.677961
0.751825
0.676359
0.424576
0.0483423
0.88629
0.139355
0.255519
0.178393
0.312472
0.232085
0.104442
0.051041
0.482098
0.0358259
0.618153
0.745229
0.408802
0.0931262
0.180681
0.0819554
0.590193
0.790648
0.63728
0.384237
0.0153264
0.238166
0.389297
0.916777
0.902124
0.915392
0.558039
0.771173
0.788918
0.172063
0.336196
0.375639
0.179636
0.0211672
0.885013
0.880627
0.719484
0.0727443
0.722063
0.256082
0.520047
0.178121
0.99258
0.927123
0.595946
0.756507
0.544939
0.843858
0.237045
0.0898361
0.0916746
0.205691
0.0654142
0.371828
0.396974
0.633012
0.107257
0.408631
0.281012
0.317307
0.0412866
0.00734611
0.645108
0.0482265
0.485904
0.175859
0.317208
0.744361
0.916416
0.617665
0.0433702
0.342626
0.162253
0.440194
0.849303
0.519495
0.855488
0.923321
0.0896956
0.991792
0.666305
0.328718
0.331372
0.804108
0.862987
0.262939
0.849363
0.889513
0.179956
0.141432
0.206129
0.188026
0.730416
0.0790865
0.889566
0.127708
0.11211
0.182844
0.853129
0.0891529
0.0561426
0.846634
0.838375
0.290827
0.877854
0.775229
0.895721
0.200656
0.385099
0.309653
0.495166
0.900193
0.508442
0.568323
0.634662
0.320875
0.65892
0.34147
0.641357
0.708573
0.108051
0.961284
0.845425
0.71948
0.990618
0.362643
0.2603
0.446144
0.346577
0.220194
0.891911
0.645671
0.898118
0.413318
0.0554084
0.039972
0.437913
0.701512
0.12427
0.572626
0.158673
0.22358
0.785981
0.285173
0.474604
0.0512789
0.0665193
0.679416
0.349855
0.0142831
0.968019
0.578518
0.934392
0.743231
0.861296
0.665159
0.862361
0.225864
0.293864
0.84149
0.225897
0.202808
0.30793
0.565
0.257838
0.504509
0.903054
0.489126
0.451267
0.544637
0.0610041
0.547226
0.986374
0.486514
0.794521
0.973255
0.70283
0.0146531
0.237819
0.231914
0.903838
0.360692
0.703498
0.539802
0.564434
0.24793
0.535387
0.988959
0.749482
0.501499
0.25359
0.312932
0.447051
0.170722
0.881282
0.265741
0.159568
0.263187
0.753853
0.803811
0.141078
0.187477
0.339236
0.948588
0.882204
0.752848
0.245142
0.381708
0.398644
0.442431
0.692635
0.189145
0.169233
0.931267
0.167522
0.141364
0.582475
0.273041
0.973508
0.655833
0.725062
0.268557
0.351846
0.257611
0.660066
0.182007
0.0487966
0.942756
0.688508
0.212282
0.512145
0.708684
0.917557
0.283261
0.692641
0.592856
0.489124
0.8094
0.946773
0.56665
0.496414
0.605032
0.156981
0.808354
0.241249
0.0690776
0.849377
0.429679
0.520351
0.110571
0.98151
0.54784
0.0230292
0.917294
0.360474
0.492379
0.504647
0.48442
0.710384
0.200332
0.556564
0.463167
0.935406
0.238921
0.361578
0.926786
0.514166
0.726527
0.61257
0.00121052
0.916049
0.51233
0.808189
0.870917
0.845629
0.942955
0.403369
0.0442874
0.6175
0.0179698
0.105482
0.790004
0.715979
0.89511
0.368641
0.759839
0.300864
0.312253
0.280344
0.356668
0.826675
0.149948
0.0912765
0.548944
0.675785
0.527885
0.0893246
0.381795
0.345084
0.106065
0.352748
0.0697837
0.795177
0.187464
0.182874
0.623512
0.140529
0.226029
0.951813
0.402969
0.715234
0.934932
0.888439
0.482602
0.886749
0.0910087
0.674234
0.244401
0.828957
0.460813
0.619672
0.856679
0.388115
0.0473281
0.415293
0.201687
0.450664
0.270653
0.387845
0.262102
0.96347
0.681788
0.836528
0.485443
0.811954
0.216363
0.122243
0.395074
0.259038
0.0765411
0.741029
0.42565
0.678321
0.564263
0.870681
0.795814
0.575588
0.871863
0.912338
0.104229
0.0560537
0.691001
0.862164
0.858362
0.763081
0.115717
0.417943
0.703293
0.965775
0.744143
0.124012
0.0129836
0.615469
0.696286
0.0999335
0.973794
0.267071
0.408384
0.00406954
0.288955
0.976153
0.248407
0.721522
0.929035
0.311422
0.202063
0.215666
0.741507
0.126461
0.85458
0.863079
0.237692
0.757148
0.244288
0.00419949
0.0179682
0.831343
0.767541
0.239648
0.240414
0.291804
0.125658
0.870725
0.926408
0.0516327
0.110796
0.20196
0.524089
0.687437
0.609713
0.00306412
0.757344
0.574585
0.103449
0.0886051
0.805352
0.814274
0.0409131
0.0649833
0.415316
0.321067
0.603767
0.248087
0.458896
0.383874
0.554492
0.569617
0.67981
0.0602359
0.121081
0.940855
0.809024
0.666565
0.497011
0.977432
0.0877642
0.732559
0.130677
0.110605
0.768333
0.744656
0.225171
0.284528
0.170917
0.074044
0.0904284
0.418879
0.747987
0.360334
0.664917
0.183387
0.594639
0.0983386
0.124826
0.515223
0.488451
0.390826
0.844967
0.771642
0.197645
0.48292
0.832248
0.0744847
0.408123
0.34303
0.626177
0.128801
0.520999
0.184916
0.593925
0.00693929
0.985135
0.484658
0.192645
0.259114
0.0247798
0.199658
0.0308455
0.0350262
0.0700804
0.673386
0.705851
0.604029
0.562435
0.09011
0.173653
0.227078
0.142441
0.142953
0.931757
0.386014
0.956751
0.423876
0.164866
0.856007
0.285196
0.217031
0.0926688
0.61647
0.443605
0.686489
0.667625
0.362433
0.924029
0.890113
0.922652
0.838368
0.619576
0.123611
0.840284
0.140747
0.0396211
0.627332
0.948254
0.629886
0.875456
0.403966
0.656654
0.857756
0.169028
0.892768
0.797792
0.705381
0.924966
0.493944
0.624238
0.0425086
0.313188
0.904925
0.0168603
0.727093
0.175122
0.042258
0.328923
0.178629
0.622361
0.946435
0.0277382
0.355128
0.280428
0.582597
0.384984
0.181835
0.545991
0.845356
0.364562
0.573977
0.570915
0.311619
0.267603
0.524001
0.913053
0.348914
0.216524
0.619906
0.246866
0.938606
0.0966826
0.143188
0.118143
0.740851
0.701343
0.857581
0.869472
0.425903
0.757934
0.763581
0.466305
0.47049
0.307749
0.789535
0.913598
0.933705
0.511273
0.805127
0.282322
0.614466
0.0724859
0.405455
0.155799
0.731752
0.626304
0.815262
0.918102
0.799712
0.133587
0.143658
0.643058
0.794661
0.349498
0.584951
0.148259
0.907896
0.0925768
0.780627
0.70941
0.429763
0.935996
0.997139
0.154471
0.347918
0.348708
0.356998
0.704549
0.491574
0.524273
0.189588
0.371142
0.102024
0.480067
0.0504664
0.948093
0.759561
0.242972
0.411539
0.839569
0.64114
0.150593
0.418473
0.793849
0.824964
0.665559
0.649101
0.0417216
0.296882
0.0475749
0.102217
0.694713
0.805343
0.221361
0.654368
0.942164
0.544191
0.788832
0.487026
0.241512
0.213742
0.553496
0.665756
0.633154
0.79633
0.115877
0.643936
0.214277
0.954928
0.492305
0.079162
0.102984
0.684367
0.869838
0.146886
0.745243
0.469846
0.547519
0.517729
0.125677
0.320154
0.467782
0.463797
0.876881
0.653981
0.76674
0.0190849
0.210207
0.124771
0.970808
0.822093
0.0614642
0.301523
0.195661
0.330916
0.330259
0.296313
0.316918
0.0149797
0.0489494
0.362927
0.0293591
0.534501
0.927418
0.59812
0.561606
0.800947
0.174214
0.701793
0.757357
0.970236
0.155788
0.312901
0.468756
0.0100202
0.0683155
0.615639
0.435268
0.28459
0.95359
0.0912655
0.377714
0.295601
0.0399393
0.348995
0.953162
0.0450931
0.191243
0.543328
0.634744
0.821388
0.471751
0.0942907
0.446179
0.115431
0.88849
0.0804393
0.0626259
0.0217421
0.324209
0.251344
0.111563
0.869088
0.874148
0.13322
0.320862
0.265628
0.897408
0.15044
0.603722
0.206411
0.0136333
0.717967
0.44271
0.0368867
0.22036
0.296863
0.59364
0.685804
0.251287
0.931353
0.245831
0.150311
0.0127466
0.570106
0.45639
0.287256
0.464154
0.807673
0.581645
0.459778
0.942695
0.645552
0.815112
0.105114
0.121806
0.174728
0.183236
0.371311
0.924135
0.0895508
0.864253
0.0941165
0.159434
0.65439
0.710086
0.276845
0.920113
0.99101
0.500534
0.542029
0.147692
0.995588
0.339999
0.690008
0.31928
0.488553
0.360625
0.545439
0.272859
0.174743
0.737825
0.106282
0.0424682
0.172401
0.346181
0.428005
0.676448
0.601238
0.601239
0.106052
0.287726
0.701146
0.951081
0.890482
0.371809
0.597612
0.798707
0.450886
0.429479
0.153093
0.807125
0.505314
0.422731
0.182372
0.25093
0.767896
0.395384
0.799208
0.377754
0.770272
0.617061
0.481251
0.423238
0.322186
0.0337141
0.391608
0.507099
0.0312236
0.436783
0.227519
0.662272
0.0875291
0.841098
0.196332
0.948863
0.931751
0.00625962
0.86262
0.375047
0.106508
0.000429085
0.334432
0.640778
0.110488
