0.349432
0.0150774
0.800412
0.534668
0.965554
0.802536
0.642214
0.319264
0.726513
0.858608
0.0628721
0.208794
0.247632
0.9815
0.360145
0.022788
0.95282
0.827827
0.0998878
0.0789344
0.387421
0.44067
0.221144
0.766055
0.188731
0.254291
0.629169
0.619391
0.790835
0.986453
0.39033
0.991214
0.674909
0.146405
0.467451
0.0930662
0.147867
0.145355
0.665401
0.463847
0.493072
0.986918
0.674418
0.542372
0.899296
0.246304
0.341958
0.380344
0.262076
0.495903
0.290463
0.763359
0.176595
0.122872
0.786265
0.194373
0.515241
0.836271
0.371929
0.371931
0.446759
0.940931
0.997283
0.0314235
0.761069
0.397517
0.824678
0.575094
0.829657
0.171131
0.313475
0.671486
0.50159
0.250555
0.370886
0.449142
0.229471
0.892801
0.625722
0.831092
0.808569
0.116198
0.778695
0.450254
0.129979
0.990997
0.687211
0.593606
0.966425
0.950516
0.526467
0.320185
0.656401
0.971588
0.666542
0.509498
0.587191
0.21729
0.86185
0.891262
0.890702
0.920491
0.811309
0.596226
0.575664
0.274439
0.24492
0.429752
0.211537
0.595745
0.430022
0.850095
0.733854
0.411912
0.089306
0.852303
0.954246
0.674231
0.398386
0.584023
0.169343
0.428499
0.891393
0.330387
0.481515
0.752833
0.135503
0.796863
0.872702
0.926787
0.449211
0.904295
0.506077
0.0744011
0.432764
0.787672
0.512619
0.104744
0.364368
0.0486433
0.0149396
0.86893
0.0516589
0.388856
0.244317
0.238643
0.484957
0.639039
0.063482
0.00862892
0.949848
0.544875
0.315615
0.26209
0.398448
0.124397
0.617966
0.368098
0.0589526
0.264338
0.781442
0.423526
0.882129
0.691463
0.229761
0.255365
0.430934
0.596056
0.409999
0.269475
0.886168
0.601159
0.167506
0.515693
0.323093
0.00334761
0.535717
0.336362
0.454926
0.925105
0.432876
0.89978
0.0658003
0.998788
0.206844
0.225488
0.402729
0.178915
0.0855637
0.699793
0.830411
0.456347
0.334955
0.108984
0.238348
0.517348
0.921111
0.224306
0.855826
0.904654
0.583413
0.328388
0.474352
0.206593
0.506438
0.388694
0.573666
0.671507
0.677621
0.443796
0.282786
0.821551
0.559872
0.141534
0.0552511
0.977999
0.302282
0.160058
0.74322
0.364524
0.836083
0.665317
0.244921
0.126893
0.909164
0.117713
0.0673945
0.620413
0.407016
0.955186
0.499901
0.570896
0.270476
0.173373
0.719892
0.200551
0.636048
0.648302
0.185522
0.90906
0.401834
0.934789
0.86865
0.85525
0.717348
0.832198
0.294143
0.45924
0.8979
0.412569
0.463289
0.480416
0.282652
0.755835
0.498414
0.650872
0.422489
0.860445
0.217465
0.927415
0.488643
0.826709
0.526127
0.796193
0.208212
0.54125
0.42454
0.634291
0.758813
0.248196
0.162913
0.156015
0.678049
0.766969
0.312745
0.564765
0.982203
0.364935
0.947631
0.331361
0.349257
0.210665
0.427259
0.61434
0.780334
0.661232
0.678104
0.339351
0.210228
0.378378
0.768552
0.647502
0.80151
0.134512
0.0319233
0.154612
0.953188
0.412412
0.538675
0.603372
0.0289181
0.786525
0.93245
0.354945
0.0677289
0.756183
0.506781
0.855039
0.85656
0.146525
0.871347
0.844263
0.453381
0.331386
0.292745
0.803366
0.977374
0.882909
0.54114
0.437237
0.755168
0.760084
0.131271
0.677134
0.523048
0.509257
0.615723
0.438202
0.174095
0.25455
0.675509
0.269962
0.886338
0.309674
0.988246
0.538836
0.715738
0.209206
0.442992
0.695512
0.705607
0.289782
0.713501
0.466148
0.579246
0.279526
0.285037
0.74336
0.169176
0.122599
0.750659
0.865475
0.389287
0.422826
0.681003
0.102183
0.570051
0.303447
0.663622
0.0358286
0.310173
0.139508
0.267076
0.369567
0.395769
0.151838
0.811863
0.396753
0.0153268
0.283959
0.0405799
0.291749
0.131293
0.208197
0.290683
0.365324
0.0107372
0.310172
0.170017
0.390079
0.0996659
0.861087
0.985615
0.160187
0.63697
0.925579
0.0285553
0.852362
0.563055
0.667946
0.366229
0.298522
0.577955
0.662978
0.179992
0.388484
0.690561
0.0218383
0.984164
0.765023
0.44737
0.343475
0.570259
0.974484
0.889527
0.287855
0.888014
0.261737
0.738268
0.198851
0.669102
0.462671
0.559052
0.0383998
0.256402
0.299187
0.606746
0.727126
0.563961
0.0245177
0.596865
0.881884
0.14456
0.728837
0.816716
0.832722
0.75105
0.230759
0.312619
0.689264
0.923925
0.0558358
0.103415
0.225215
0.609319
0.849666
0.424291
0.594619
0.57058
0.430515
0.506567
0.776343
0.762557
0.937276
0.378364
0.794608
0.184857
0.497793
0.88934
0.174353
0.717779
0.261987
0.121444
0.930603
0.559446
0.983891
0.119463
0.235933
0.544409
0.171404
0.610423
0.160534
0.597337
0.585886
0.928349
0.683541
0.333094
0.415596
0.367193
0.591452
0.623309
0.733932
0.743598
0.597336
0.272339
0.536923
0.705901
0.966556
0.728125
0.834821
0.134615
0.732619
0.475786
0.551827
0.394807
0.348147
0.567661
0.546971
0.0360041
0.0654747
0.522687
0.240686
0.397867
0.0900299
0.515163
0.603155
0.590089
0.525847
0.801507
0.0366943
0.176445
0.53608
0.224361
0.627776
0.314901
0.418482
0.28911
0.977612
0.587052
0.760642
0.686594
0.78546
0.65388
0.400434
0.363429
0.136902
0.0734484
0.0617576
0.653248
0.66994
0.726245
0.685861
0.425421
0.638997
0.23676
0.294069
0.550926
0.438633
0.521293
0.148846
0.749026
0.720761
0.404241
0.148169
0.05225
0.966037
0.916411
0.146687
0.138284
0.66439
0.620983
0.250616
0.0183824
0.639196
0.98445
0.841898
0.778159
0.443483
0.775844
0.208859
0.87253
0.437774
0.784106
0.138427
0.00891403
0.671395
0.595713
0.997157
0.961826
0.0146092
0.682378
0.863769
0.560671
0.0257071
0.730062
0.742183
0.373506
0.739631
0.93389
0.636139
0.481146
0.567618
0.789778
0.509413
0.5415
0.592793
0.545474
0.408202
0.442164
0.0408252
0.641101
0.399678
0.606861
0.154875
0.265899
0.687103
0.790874
0.878102
0.850024
0.228549
0.691636
0.967895
0.0162389
0.00788089
0.171894
0.935259
0.676678
0.210148
0.575346
0.66846
0.974191
0.274042
0.60953
0.495741
0.470622
0.815301
0.538616
0.280372
0.113428
0.80869
0.229629
0.904762
0.673075
0.987819
0.641071
0.929958
0.0585055
0.920247
0.815808
0.610037
0.457104
0.574578
0.160206
0.44094
0.779553
0.326301
0.0377023
0.897425
0.223433
0.910452
0.197292
0.307908
0.342859
0.51455
0.633108
0.389946
0.0556896
0.207877
0.852287
0.202455
0.29225
0.101953
0.748321
0.0450835
0.0433307
0.593308
0.026993
0.789971
0.524962
0.898744
0.12606
0.856011
0.783246
0.0412448
0.0353324
0.725117
0.477968
0.33664
0.339619
0.984428
0.88624
0.981181
0.780308
0.166071
0.650708
0.970206
0.319085
0.71169
0.706146
0.345714
0.5552
0.583803
0.630426
0.717859
0.132279
0.400776
0.402306
0.16012
0.821807
0.436776
0.939645
0.746447
0.0503404
0.796605
0.103996
0.387203
0.301989
0.251786
0.133738
0.529169
0.393933
0.322136
0.658826
0.207547
0.330292
0.873751
0.764774
0.0442284
0.271022
0.92344
0.0640877
0.222098
0.989064
0.177864
0.133104
0.780752
0.010006
0.560496
0.422327
0.869448
0.709785
0.167876
0.0659719
0.690347
0.869792
0.838345
0.268041
0.145922
0.384846
0.209823
0.697072
0.49838
0.943591
0.562386
0.618007
0.977142
0.518448
0.0155189
0.274439
0.52104
0.395702
0.539365
0.509759
0.303678
0.906395
0.719962
0.0520145
0.676013
0.311991
0.73007
0.94675
0.414917
0.326351
0.270391
0.367132
0.994459
0.461724
0.835455
0.937377
0.685911
0.978677
0.392133
0.776993
0.382559
0.329362
0.732558
0.58188
0.47753
0.127392
0.305401
0.220585
0.630222
0.187488
0.924171
0.288922
0.770238
0.926829
0.141455
0.97764
0.240587
0.712335
0.161211
0.86171
0.0965435
0.550237
0.982028
0.958464
0.480213
0.49965
0.599457
0.0840082
0.424711
0.346333
0.309592
0.731292
0.879469
0.484132
0.661643
0.184481
0.0541722
0.669576
0.413949
0.568969
0.0595735
0.110317
0.703893
0.387577
0.291179
0.0875717
0.0698045
0.4558
0.0612539
0.604166
0.588441
0.367723
0.304793
0.481677
0.776865
0.251979
0.112344
0.311605
0.365831
0.548826
0.921299
0.434154
0.788491
0.888917
0.229126
0.879476
0.852633
0.78393
0.132575
0.488695
0.227387
0.712072
0.240356
0.310479
0.312219
0.924421
0.874723
0.790816
0.0648462
0.205773
0.669929
0.618981
0.837787
0.97047
0.452408
0.795397
0.21897
0.80221
0.177146
0.038393
0.275525
0.935254
0.165775
0.465847
0.897378
0.801282
0.083305
0.230295
0.217402
0.804433
0.524119
0.0518212
0.296182
0.363398
0.660262
0.258787
0.842125
0.241957
0.62191
0.386364
0.805617
0.300136
0.516565
0.327914
0.210723
0.192046
0.0363881
0.219032
0.031148
0.605989
0.281385
0.706527
0.642212
0.944207
0.16128
0.712627
0.743592
0.0673228
0.924608
0.670178
0.0406906
0.459568
0.833442
0.788154
0.200142
0.458315
0.620269
0.766333
0.955389
0.788319
0.592191
0.279331
0.433606
0.888113
0.156311
0.42004
0.862993
0.170218
0.598135
0.322536
0.776327
0.69021
0.246757
0.0114523
0.816142
0.0676798
0.573356
0.0873391
0.989323
0.315089
0.15645
0.075396
0.964679
0.186394
0.275808
0.00982412
0.888254
0.639524
0.277969
0.911165
0.799219
0.492629
0.704922
0.999641
0.118513
0.464927
0.837071
0.45016
0.00916892
0.393754
0.442001
0.883435
0.0362208
0.448352
0.744746
0.208133
0.842055
0.134471
0.855224
0.222085
0.447554
0.852275
0.495357
0.886298
0.625772
0.94877
0.129579
0.799067
0.9036
0.242895
0.464422
0.967696
0.930212
0.136418
0.448611
0.914953
0.962897
0.952443
0.998799
0.982689
0.478617
0.122281
0.324048
0.0507554
0.997257
0.492516
0.622412
0.173103
0.562952
0.399416
0.0769624
0.775896
0.891452
0.507241
0.324858
0.172714
0.0207219
0.0998972
0.789019
0.831999
0.548497
0.494725
0.953102
0.218694
0.984511
0.861203
0.652517
0.171115
0.564499
0.811447
0.892958
0.857628
0.263224
0.56733
0.94217
0.318301
0.103279
0.247975
0.358547
0.961665
0.174876
0.362503
0.147702
0.0971783
0.485075
0.633089
0.837752
0.206541
0.954204
0.689365
0.650512
0.614377
0.385397
0.312211
0.565082
0.751324
0.924461
0.660726
0.81868
0.011003
0.757008
0.134242
0.56558
0.755377
0.0705989
0.279662
0.142329
0.94589
0.0524942
0.89183
0.851343
0.531375
0.903935
0.256769
0.266475
0.560211
0.0835115
0.730098
0.40875
0.394623
0.983952
0.0495702
0.128835
0.214509
0.706471
0.678735
0.551118
0.178888
0.036985
0.968467
0.0253503
0.341603
0.135139
0.0375599
0.57532
0.425887
0.732115
0.685689
0.117028
0.311445
0.695988
0.568771
0.76098
0.0137813
0.206958
0.314539
0.660269
0.0387553
0.892145
0.52094
0.274861
0.837794
0.299909
0.521217
0.217451
0.796041
0.816289
0.564708
0.987893
0.907274
0.161375
0.418943
0.285656
0.678756
0.94669
0.814223
0.112186
0.52243
0.186915
0.777769
0.935598
0.857333
0.145458
0.7348
0.313702
0.0483764
0.374298
0.905302
0.308068
0.192403
0.370898
0.843391
0.858931
0.639236
0.80075
0.433006
0.989049
0.844846
0.364734
0.767003
0.581372
0.526498
0.877083
0.843253
0.76717
0.924327
0.940209
0.920642
0.246043
0.185663
0.790395
0.731195
0.893084
0.389403
0.378035
0.287342
0.392924
0.245378
0.434176
0.312156
0.760229
0.0860809
0.631019
0.63654
0.636621
0.532141
0.0979121
0.916167
0.467158
0.977836
0.985905
0.681431
0.966673
0.353083
0.403322
0.423229
0.694753
0.120632
0.391672
0.230947
0.97304
0.836409
0.428881
0.0993418
0.0896944
0.901995
0.456474
0.273711
0.92198
0.78545
0.960016
0.262053
0.877173
0.376088
0.261216
0.142981
0.662543
0.019664
0.200515
0.893786
0.317952
0.46356
0.31792
0.776326
0.499246
0.358213
0.593739
0.864922
0.0635693
0.593638
0.85115
0.102066
0.873998
0.186396
0.181136
0.302888
0.152428
0.401412
0.184549
0.217887
0.00125305
0.820759
0.982354
0.447502
0.221112
0.73003
0.0355148
0.690595
0.283244
0.747086
0.741132
0.405742
0.872837
0.646841
0.43288
0.499267
0.00579689
0.820866
0.675349
0.873939
0.610228
0.56664
0.474589
0.876012
0.566526
0.456528
0.683255
0.0827076
0.926494
0.234969
0.517588
0.198178
0.810232
0.925345
0.322208
0.694159
0.691975
0.263667
0.704401
0.133038
0.997508
0.0860805
0.844134
0.594712
0.223555
0.750366
0.871239
0.679831
0.155561
0.930094
0.891771
0.522175
0.729802
0.370062
0.686603
0.506207
0.0396566
0.125272
0.286997
0.0696017
0.180735
0.724753
0.904097
0.592933
0.24533
0.669629
0.904375
0.205467
0.432629
0.798382
0.185086
0.399712
0.231354
0.853944
0.00975696
0.10362
0.404371
0.434739
0.0428561
0.233244
0.752264
0.445698
0.268911
0.326408
0.719964
0.461266
0.804762
0.0463908
0.878882
0.486248
0.00824623
0.36291
0.486514
0.43196
0.474575
0.76898
0.535626
0.40458
0.706088
0.204708
0.901405
0.883744
0.843757
0.941448
0.455263
0.0838321
0.235822
0.219134
0.438879
0.221156
0.51706
0.831488
0.522893
0.48701
0.911689
0.0951665
0.350587
0.298402
0.160318
0.571542
0.683438
0.0877639
0.445366
0.999569
0.695578
0.557916
0.891549
0.460417
0.455302
0.69211
0.524911
0.149796
0.839437
0.891363
0.434697
0.842997
0.738762
0.747451
0.229171
0.0775887
0.972239
0.50229
0.95557
0.354577
0.354019
0.843006
0.171423
0.432602
0.745248
0.67536
0.829593
0.497117
0.04881
0.966575
0.2966
0.31667
0.94171
0.91303
0.898801
0.325771
0.422586
0.454216
0.249125
0.366453
0.447091
0.617471
0.574958
0.398672
0.119427
0.172592
0.83059
0.703226
0.247045
0.348447
0.389085
0.967899
0.982636
0.225197
0.61933
0.944062
0.0940591
0.144807
0.0138077
0.578615
0.596799
0.499181
0.44444
0.171616
0.81603
0.210217
0.278037
0.536615
0.28192
0.304603
0.132219
0.231001
0.65624
0.691676
0.974941
0.104069
0.413253
0.456129
0.808821
0.56094
0.727361
0.596974
0.356193
0.548582
0.786235
0.357407
0.773741
0.735288
0.950404
0.913767
0.333696
0.247684
0.943037
0.582222
0.646068
0.765326
0.171894
0.325086
0.388132
0.391736
0.591925
0.545913
0.703084
0.278137
0.928358
0.833503
0.589713
0.0753108
0.210396
0.747957
0.628948
0.537192
0.113558
0.871848
0.845324
0.272133
0.782297
0.030025
0.420988
0.370464
0.720283
0.829068
0.559768
0.370273
0.449003
0.48075
0.232179
0.168037
0.248456
0.903516
0.567699
0.202727
0.823707
0.9431
0.310054
0.775786
0.870663
0.707468
0.943884
0.437248
0.306814
0.659183
0.525692
0.527716
0.952751
0.529651
0.83221
0.447177
0.208288
0.44329
0.300728
0.239206
0.0745914
0.485888
0.41491
0.22752
0.116902
0.902097
0.143848
0.231167
0.0814684
0.614087
0.861414
0.738586
0.0483426
0.278232
0.203608
0.171556
0.640226
0.168233
0.596317
0.528738
0.474303
0.831716
0.899121
0.842023
0.171096
0.936063
0.794982
0.45219
0.0796225
0.292143
0.47906
0.872392
0.948926
0.976889
0.931608
0.417728
0.864038
0.810238
0.538486
0.77439
0.134825
0.18348
0.786091
0.23211
0.332588
0.482972
0.564222
0.54489
0.410164
0.605115
0.796877
0.988949
0.861285
0.107971
0.752872
0.202859
0.334922
0.684543
0.0454296
0.782173
0.487251
0.392487
0.0193494
0.499644
0.047593
0.808104
0.835614
0.633312
0.780181
0.806006
0.685936
0.688188
0.308629
0.899802
0.580652
0.616787
0.53056
0.126938
0.441454
0.876276
0.279626
0.876072
0.355745
0.763822
0.368577
0.156887
0.393907
0.0311753
0.242847
0.213799
0.58652
0.544701
0.812586
0.646084
0.869089
0.053936
0.792603
0.163885
0.903911
0.618431
0.151863
0.537144
0.945397
0.224295
0.173854
0.415495
0.245981
0.696032
0.993197
0.240192
0.531354
0.327149
0.0943798
0.539017
0.950767
0.280386
0.847806
0.117136
0.048188
0.0767543
0.855992
0.733022
0.686595
0.984169
0.981979
0.647928
0.405098
0.896293
0.162798
0.065626
0.754566
0.818997
0.358664
0.0424483
0.709605
0.486434
0.506634
0.846145
0.159065
0.219451
0.215872
0.263943
0.808448
0.790005
0.693117
0.500299
0.513654
0.779853
0.598802
0.575842
0.426867
0.0127165
0.032213
0.561576
0.195237
0.519668
0.81774
0.484853
0.842652
0.281584
0.0359297
0.99604
0.627766
0.960554
0.863768
0.361938
0.178162
0.718248
0.787016
0.0943463
0.798306
0.353065
0.552448
0.167817
0.171438
0.243523
0.588253
0.223865
0.824923
0.765114
0.612698
0.228271
0.0806264
0.968379
0.411237
0.967943
0.566486
0.58321
0.0525911
0.256875
0.797177
0.171915
0.34986
0.367867
0.427811
0.546772
0.366606
0.622059
0.939357
0.650071
0.204898
0.748588
0.901008
0.94739
0.913688
0.251926
0.918053
0.359601
0.33224
0.212832
0.515393
0.236334
0.0429373
0.742828
0.441627
0.378403
0.961897
0.170405
0.905664
0.606877
0.350316
0.601772
0.55046
0.570329
0.195303
0.207833
0.969513
0.218645
0.198181
0.0569074
0.298693
0.104476
0.599004
0.323597
0.669076
0.476391
0.462177
0.906548
0.968251
0.364751
0.772696
0.088057
0.907429
0.676239
0.54615
0.213911
0.768378
0.17564
0.405367
0.589148
0.827441
0.656978
0.343916
0.426991
0.440373
0.144044
0.453141
0.696657
0.43484
0.156674
0.907285
0.5069
0.0155104
0.640523
0.896453
0.862169
0.101208
0.975897
0.577371
0.0727206
0.956912
0.895535
0.302593
0.55544
0.798979
0.590473
0.222459
0.0547761
0.440603
0.0972953
0.0985781
0.446918
0.320028
0.912964
0.137624
0.366159
0.110275
0.0234773
0.339119
0.967929
0.261355
0.142187
0.816104
0.864582
0.633179
0.159454
0.0558168
0.385013
0.613298
0.00457709
0.00340886
0.00374889
0.0158432
0.352409
0.52778
0.147808
0.796722
0.236118
0.115648
0.995341
0.155799
0.276533
0.534592
0.185815
0.368406
0.943457
0.928298
0.084265
0.153817
0.0682105
0.286757
0.780873
0.499384
0.216891
0.923639
0.816391
0.646423
0.701339
0.586044
0.625543
0.391591
0.726539
0.355408
0.230329
0.469557
0.286371
0.376698
0.747797
0.509018
0.115442
0.995791
0.0637813
0.919192
0.838606
0.870319
0.7203
0.123763
0.883722
0.939825
0.646546
0.497656
0.597001
0.302527
0.506331
0.0331792
0.608932
0.0499552
0.563317
0.499204
0.110319
0.754235
0.718973
0.329271
0.904697
0.493512
0.135584
0.206375
0.495855
0.983958
0.842701
0.539071
0.158207
0.130415
0.765662
0.854876
0.141633
0.178421
0.163717
0.474229
0.998896
0.249796
0.729545
0.619358
0.854289
0.583569
0.244566
0.825121
0.694323
0.675237
0.772747
0.540518
0.419994
0.799919
0.441905
0.922254
0.866451
0.618975
0.282958
0.755844
0.871877
0.207231
0.682925
0.214382
0.0410525
0.858378
0.522565
0.54934
0.383746
0.591908
0.624159
0.180642
0.936512
0.968569
0.72534
0.710718
0.562035
0.180637
0.383154
0.544862
0.697197
0.83092
0.655066
0.628963
0.0977601
0.675417
0.860092
0.749674
0.212273
0.112684
0.122914
0.514399
0.860157
0.322824
0.281762
0.979129
0.441249
0.931911
0.0232536
0.323033
0.651287
0.505966
0.676371
0.29025
0.840186
0.703955
0.162424
0.38855
0.403524
0.526069
0.623554
0.858528
0.815451
0.345715
0.59179
0.390673
0.223571
0.481171
0.269539
0.80272
0.0370964
0.340002
0.604448
0.663477
0.877751
0.427231
0.658527
0.469271
0.830942
0.0351266
0.834038
0.31019
0.676842
0.654914
0.614225
0.794532
0.770914
0.684905
0.960245
0.0187193
0.32125
0.504124
0.658481
0.079279
0.509091
0.222123
0.473256
0.0910182
0.405988
0.489151
0.828755
0.662135
0.819812
0.309358
0.100838
0.370158
0.820663
0.187512
0.945178
0.246719
0.793899
0.0382901
0.961416
0.798677
0.778588
0.167431
0.577932
0.400738
0.62736
0.219872
0.402157
0.742497
0.860654
0.55414
0.319091
0.900798
0.69035
0.201621
0.0560812
0.776278
0.0287491
0.266616
0.46794
0.372279
0.300244
0.365992
0.902729
0.0406709
0.921613
0.32381
0.848049
0.549756
0.603255
0.0316663
0.0957066
0.546982
0.947305
0.322787
0.199847
0.362727
0.494886
0.0879864
0.745385
0.215773
0.155316
0.641146
0.0881904
0.232985
0.992629
0.22141
0.487149
0.111261
0.561109
0.400851
0.220304
0.0138778
0.102324
0.579264
0.990793
0.908212
0.681345
0.814752
0.617535
0.745051
0.878843
0.639079
0.0648721
0.826552
0.693527
0.165589
0.871274
0.965313
0.321214
0.430311
0.641613
0.569716
0.149601
0.416374
0.386076
0.644537
0.56208
0.818855
0.0256745
0.690227
0.843063
0.355125
0.0707209
0.957053
0.488453
0.905176
0.158915
0.0353491
0.245792
0.461884
0.835368
0.0112453
0.106228
0.871006
0.0985853
0.388322
0.250898
0.112476
0.164459
0.460936
0.543103
0.323899
0.685274
0.444495
0.611326
0.312431
0.0812198
0.772899
0.548311
0.364919
0.133708
0.278584
0.957963
0.771867
0.203667
0.495529
0.146236
0.153656
0.558869
0.00735781
0.118163
0.698407
0.911963
0.441315
0.806144
0.528084
0.557218
0.869982
0.865656
0.209649
0.102109
0.527541
0.967416
0.241399
0.930687
0.744279
0.294691
0.73462
0.464624
0.757187
0.994265
0.385208
0.0310066
0.0412417
0.585016
0.389168
0.971189
0.527368
0.788244
0.772262
0.239592
0.454974
0.502899
0.558807
0.555276
0.57599
0.670309
0.435255
0.255689
0.954095
0.923383
0.0622906
0.027723
0.596934
0.902005
0.370388
0.0789399
0.278704
0.463482
0.199411
0.901313
0.0799545
0.448315
0.113844
0.814304
0.148325
0.476105
0.533079
0.152507
0.0840387
0.398475
0.714272
0.989663
0.920924
0.695354
0.657054
0.164508
0.00170229
0.662406
0.649965
0.728298
0.238121
0.143728
0.531846
0.145395
0.785346
0.608666
0.0347741
0.172204
0.368651
0.935479
0.479305
0.741461
0.0425455
0.250001
0.097385
0.249663
0.275851
0.571566
0.685528
0.491951
0.0132178
0.231413
0.933632
0.664113
0.500471
0.488126
0.448601
0.917257
0.156113
0.56176
0.484037
0.789881
0.954874
0.0379959
0.978904
0.788759
0.983864
0.563346
0.259501
0.754756
0.110971
0.350682
0.901704
0.497581
0.421688
0.669311
0.186799
0.633662
0.406349
0.557195
0.215253
0.49018
0.689681
0.875769
0.51791
0.541812
0.227212
0.965183
0.906366
0.94478
0.170976
0.945908
0.670844
0.449655
0.25658
0.230865
0.163294
0.527944
0.814846
0.771436
0.26421
0.362604
0.335093
0.855204
0.435366
0.447736
0.806037
0.00252267
0.650726
0.325798
0.284489
0.782314
0.169412
0.633617
0.294579
0.907899
0.978382
0.391773
0.398094
0.771662
0.649948
0.357262
0.558868
0.688903
0.0593613
0.24665
0.21345
0.292235
0.246176
0.0105547
0.415864
0.364891
0.65384
0.544236
0.774064
0.391928
0.912175
0.841215
0.482181
0.183389
0.215978
0.349861
0.541988
0.079875
0.732855
0.79362
0.462387
0.425371
0.808206
0.692895
0.0816107
0.619355
0.430725
0.274993
0.893366
0.517823
0.460405
0.890997
0.322626
0.974847
0.840593
0.0498171
0.216397
0.893696
0.843443
0.954325
0.669645
0.729916
0.8806
0.170354
0.286746
0.972075
0.619802
0.27596
0.813281
0.79582
0.621031
0.849964
0.293586
0.303321
0.149645
0.665774
0.223408
0.477886
0.877348
0.272382
0.378887
0.136659
0.7521
0.291123
0.995931
0.363968
0.943829
0.19218
0.370334
0.21768
0.0293385
0.20503
0.294899
0.795578
0.351751
0.802984
0.937946
0.0589145
0.0678731
0.660725
0.180579
0.495988
0.605132
0.399259
0.739276
0.300275
0.833002
0.820256
0.841861
0.985767
0.666201
0.553549
0.259293
0.736181
0.679432
0.236471
0.222883
0.624949
0.172013
0.116734
0.64274
0.529851
0.389984
0.443304
0.875738
0.634496
0.193763
0.0862014
0.308501
0.906009
0.365867
0.307898
0.63235
0.382595
0.585531
0.533303
0.536512
0.229136
0.308557
0.340942
0.689509
0.172367
0.41997
0.121309
0.246289
0.639841
0.414016
0.351307
0.829446
0.341954
0.637083
0.287441
0.736309
0.595247
0.566823
0.194757
0.540433
0.468586
0.18072
0.404341
0.516878
0.552099
0.372744
0.202234
0.927182
0.438742
0.0275359
0.255242
0.632422
0.0702557
0.638829
0.899254
0.326888
0.35255
0.782423
0.59909
0.797393
0.298132
0.465074
0.833229
0.9892
0.773197
0.977543
0.793799
0.38083
0.767757
0.420676
0.599791
0.429213
0.929917
0.140635
0.259696
0.932131
0.85969
0.568275
0.744778
0.0747288
0.949893
0.695409
0.0101434
0.946876
0.661441
0.228077
0.179841
0.464691
0.63602
0.190997
0.207949
0.50677
0.1341
0.162328
0.431093
0.707168
0.382403
0.725457
0.297335
0.497744
0.448856
0.3284
0.148981
0.511307
0.914708
0.915303
0.987258
0.489015
0.734033
0.787676
0.0725037
0.0485012
0.875179
0.49124
0.347366
0.587014
0.364436
0.86856
0.678367
0.555321
0.33564
0.301373
0.621517
0.467213
0.768881
0.091482
0.142133
0.232292
0.255396
0.0393614
0.963378
0.0854356
0.302344
0.420107
0.453324
0.545479
0.803295
0.875463
0.768066
0.399352
0.777126
0.903615
0.367158
0.669532
0.132478
0.403382
0.124683
0.496554
0.694239
0.498336
0.239199
0.538594
0.738179
0.5607
0.838509
0.462087
0.63124
0.0411755
0.0530304
0.659804
0.57587
0.439259
0.00891287
0.843369
0.126867
0.235875
0.335541
0.143188
0.89506
0.350447
0.00986893
0.470734
0.265942
0.44065
0.630731
0.404128
0.896481
0.188724
0.644818
0.080799
0.736941
0.00192678
0.0888972
0.27108
0.708643
0.0259069
0.879998
0.280395
0.535879
0.136122
0.320556
0.656717
0.0151031
0.947642
0.176188
0.897371
0.325191
0.210207
0.636721
0.998812
0.397756
0.972029
0.994252
0.630205
0.0882725
0.696349
0.128261
0.393958
0.273924
0.603083
0.285038
0.701353
0.222918
0.420696
0.154185
0.710974
0.588665
0.911595
0.518739
0.83799
0.518076
0.423515
0.122061
0.615409
0.864155
0.276782
0.0462772
0.334054
0.18086
0.72075
0.958111
0.0874033
0.510951
0.321439
0.338485
0.651987
0.610421
0.640657
0.726898
0.444115
0.566916
0.80554
0.103659
0.876588
0.0405651
0.968493
0.555326
0.840682
0.773097
0.625643
0.587818
0.966458
0.926676
0.444284
0.185765
0.448851
0.981365
0.333128
0.193696
0.0767393
0.556673
0.966104
0.561418
0.469709
0.263583
0.728597
0.46494
0.224741
0.190245
0.851459
0.706997
0.607489
0.343024
0.0896009
0.276964
0.474908
0.359304
0.283005
0.393505
0.108225
0.737416
0.786814
0.556247
0.682437
0.672738
0.0352843
0.713335
0.925192
0.920013
0.274293
0.666785
0.762622
0.992823
0.145801
0.4454
0.93134
0.0864841
0.334742
0.217916
0.458736
0.279652
0.753392
0.753775
0.876292
0.222639
0.612955
0.0219663
0.404977
0.298889
0.887245
0.219607
0.148732
0.308864
0.588994
0.52452
0.740362
0.515352
0.161261
0.79878
0.728081
0.979567
0.557995
0.497757
0.850591
0.298882
0.0513545
0.513048
0.968885
0.236794
0.54052
0.554011
0.612883
0.583229
0.207033
0.678467
0.69078
0.080911
0.130793
0.229908
0.717411
0.439388
0.533538
0.929395
0.76741
0.775119
0.363345
0.428358
0.581589
0.309193
0.396926
0.883246
0.0457653
0.362153
0.17984
0.690887
0.303353
0.838326
0.539238
0.170071
0.90631
0.889359
0.0343022
0.379412
0.840292
0.958953
0.985452
0.636082
0.447611
0.229944
0.294237
0.769784
0.0814775
0.977264
0.00316324
0.690218
0.0744917
0.48214
0.528698
0.0421554
0.738911
0.46949
0.0326533
0.818856
0.860863
0.526905
0.151334
0.657289
0.589102
0.285201
0.984612
0.366337
0.1396
0.6101
0.0999533
0.907674
0.447194
0.262512
0.637712
0.14331
0.409003
0.870382
0.138989
0.822107
0.75302
0.850772
0.432777
0.975373
0.0515621
0.800229
0.917603
0.707553
0.760116
0.377672
0.0840263
0.613337
0.201888
0.633217
0.816893
0.952335
0.892589
0.746477
0.0667472
0.602791
0.287103
0.496858
0.262135
0.519047
0.915804
0.917563
0.381386
0.918706
0.174192
0.564975
0.660895
0.886517
0.405648
0.844735
0.71435
0.245961
0.745239
0.273415
0.625112
0.553642
0.626325
0.0398089
0.856132
0.767213
0.49501
0.565481
0.065188
0.715639
0.559257
0.957203
0.0372022
0.369128
0.0516153
0.384905
0.991759
0.641024
0.512872
0.697999
0.296162
0.343127
0.8816
0.675532
0.989552
0.735817
0.227887
0.766814
0.647396
0.812319
0.207325
0.1564
0.859212
0.757386
0.796125
0.722404
0.470093
0.884619
0.607228
0.306624
0.568378
0.717533
0.937113
0.0178034
0.288308
0.576072
0.932023
0.350546
0.554354
0.796524
0.778023
0.837007
0.911195
0.441359
0.722029
0.993218
0.417138
0.442329
0.203965
0.244843
0.209708
0.120899
0.7805
0.985417
0.489678
0.70469
0.222777
0.295658
0.487858
0.205792
0.842928
0.258379
0.665367
0.839879
0.417917
0.200238
0.829989
0.20854
0.331886
0.384001
0.147696
0.961906
0.635687
0.310095
0.919993
0.0489376
0.295608
0.505433
0.126949
0.759375
0.969071
0.045395
0.833827
0.165335
0.157639
0.993852
0.561892
0.241555
0.793963
0.557671
0.977049
0.86436
0.783951
0.811864
0.459687
0.428552
0.606276
0.136359
0.786886
0.193752
0.0126313
0.66194
0.710264
0.553072
0.00595601
0.92749
0.44074
0.280048
0.219964
0.24747
0.785862
0.538823
0.882373
0.7537
0.332795
0.399354
0.0910234
0.183151
0.627542
0.370668
0.722687
0.452418
0.474276
0.403324
0.0519409
0.44026
0.943176
0.378454
0.845092
0.888367
0.024011
0.162045
0.120591
0.552502
0.111548
0.998441
0.850179
0.0512952
0.920658
0.966893
0.961694
0.782516
0.353287
0.269523
0.681799
0.961448
0.0324824
0.581914
0.438808
0.821326
0.0857917
0.375208
0.534246
0.211679
0.727898
0.0564022
0.784296
0.805472
0.692652
0.445846
0.256875
0.579384
0.71269
0.790968
0.378151
0.148467
0.566864
0.994303
0.804017
0.814338
0.0266897
0.400133
0.571599
0.609617
0.258303
0.401365
0.44142
0.908139
0.17328
0.622645
0.346155
0.304972
0.139319
0.0767304
0.952562
0.224178
0.269689
0.277428
0.927799
0.400057
0.959249
0.652037
0.34558
0.34352
0.940014
0.271396
0.812902
0.777934
0.923122
0.0395757
0.552858
0.0497204
0.4873
0.624307
0.716182
0.800851
0.178116
0.875252
0.771667
0.371018
0.452646
0.820165
0.935921
0.182036
0.242725
0.511126
0.230009
0.423827
0.68889
0.0820892
0.263137
0.55444
0.967522
0.995675
0.232296
0.869542
0.678214
0.508203
0.524653
0.590657
0.606822
0.976867
0.34052
0.207193
0.707005
0.330073
0.232643
0.688323
0.180828
0.422362
0.924059
0.826505
0.0564675
0.513146
0.562846
0.917764
0.446881
0.266312
0.100325
0.265265
0.853248
0.791059
0.480812
0.426325
0.770018
0.390877
0.395331
0.190194
0.844223
0.840556
0.82939
0.735762
0.523605
0.773064
0.486828
0.990067
0.752163
0.502299
0.412123
0.903522
0.783711
0.386673
0.315108
0.715114
0.561907
0.168573
0.762821
0.103587
0.132154
0.397761
0.311417
0.415928
0.560801
0.37634
0.511501
0.253471
0.192112
0.671251
0.208182
0.259479
0.205943
0.668391
0.424734
0.63953
0.612785
0.812666
0.465492
0.977967
0.9819
0.400042
0.883288
0.211864
0.0210734
0.92355
0.82666
0.269702
0.634647
0.568409
0.5986
0.255543
0.985811
0.794145
0.705841
0.0208716
0.404527
0.195035
0.273024
0.810599
0.635527
0.347223
0.69131
0.2075
0.661254
0.0288715
0.136009
0.887872
0.771865
0.215539
0.541516
0.350306
0.214925
0.809175
0.61724
0.442113
0.422557
0.882163
0.963797
0.718274
0.297624
0.194628
0.778932
0.881662
0.49625
0.0324409
0.827446
0.502774
0.178042
0.21256
0.944843
0.0797532
0.603186
0.535386
0.934063
0.721313
0.212473
0.996359
0.11184
0.280993
0.469283
0.541402
0.484301
0.521197
0.823291
0.998987
0.282293
0.0602635
0.897281
0.116989
0.267253
0.995715
0.323398
0.383387
0.564399
0.107936
0.792302
0.938535
0.856219
0.196451
0.152241
0.448413
0.784734
0.948448
0.096935
0.887363
0.578052
0.82047
0.94963
0.347875
0.284822
0.897081
0.89754
0.859142
0.950385
0.376668
0.220231
0.888676
0.285661
0.399776
0.195318
0.812816
0.257902
0.651177
0.284522
0.325343
0.945068
0.0609321
0.698003
0.574151
0.428049
0.243694
0.64828
0.645143
0.298041
0.436866
0.339992
0.607185
0.434333
0.0123058
0.635895
0.0486109
0.170484
0.134079
0.22771
0.455696
0.990904
0.558666
0.0954693
0.763324
0.224126
0.27689
0.817673
0.908836
0.584768
0.249743
0.768934
0.733635
0.0588932
0.508192
0.445018
0.0952534
0.824974
0.626321
0.241976
0.677809
0.543787
0.0351925
0.224459
0.80955
0.168674
0.967939
0.876663
0.16091
0.467631
0.839588
0.120161
0.17006
0.73284
0.978991
0.56771
0.795912
0.218227
0.419655
0.633809
0.108577
0.895563
0.452174
0.284185
0.354316
0.342665
0.901957
0.333111
0.708658
0.176238
0.665352
0.588899
0.0521474
0.0111891
0.509591
0.442665
0.367251
0.936121
0.743427
0.625031
0.784459
0.304927
0.931631
0.878064
0.817443
0.891292
0.318806
0.641682
0.289441
0.620319
0.575207
0.998924
0.955864
0.353965
0.173551
0.499227
0.819099
0.953724
0.71654
0.0902593
0.812696
0.0183353
0.317417
0.632929
0.778764
0.194949
0.203895
0.41599
0.255415
0.769935
0.656633
0.787116
0.581737
0.23077
0.433749
0.227061
0.736128
0.0150289
0.193644
0.738989
0.438088
0.0239553
0.652599
0.148228
0.146414
0.978733
0.830233
0.572295
0.698614
0.0397702
0.262559
0.221911
0.150932
0.210898
0.209737
0.888856
0.00294412
0.927151
0.777374
0.394072
0.0778278
0.505562
0.483937
0.348878
0.755638
0.342307
0.0212663
0.186313
0.236144
0.656903
0.0606757
0.921838
0.564831
0.249706
0.568231
0.406561
0.0287913
0.104785
0.857226
0.466759
0.974989
0.957709
0.670869
0.432072
0.82763
0.598168
0.717851
0.519044
0.435024
0.192215
0.945098
0.161929
0.249861
0.736276
0.352929
0.114147
0.552572
0.460745
0.431297
0.880671
0.843862
0.355032
0.230705
0.883938
0.0973258
0.135033
0.392688
0.225167
0.129436
0.445808
0.358414
0.755953
0.563154
0.393739
0.808065
0.0118212
0.947914
0.908173
0.309609
0.666631
0.0134544
0.876091
0.540495
0.374723
0.575236
0.325773
0.108128
0.614872
0.00395017
0.90235
0.572352
0.653606
0.414836
0.0885563
0.0423984
0.901595
0.21022
0.5251
0.0179643
0.0165812
0.666656
0.232894
0.678114
0.942363
0.999886
0.416487
0.869282
0.572599
0.411929
0.0238912
0.389019
0.718946
0.175418
0.96348
0.826775
0.459327
0.373506
0.937365
0.89772
0.120478
0.512952
0.384247
0.948358
0.366083
0.218954
0.749333
0.572319
0.78585
0.671956
0.0833862
0.787579
0.52571
0.921335
0.427166
0.343976
0.600702
0.747392
0.394789
0.283831
0.682703
0.657472
0.361973
0.0338468
0.519692
0.717786
0.3577
0.699671
0.568557
0.250365
0.41637
0.448534
0.72946
0.388032
0.293131
0.474144
0.543557
0.672702
0.780984
0.344165
0.466399
0.948829
0.787517
0.553707
0.0683228
0.617144
0.763244
0.873388
0.39507
0.171217
0.86983
0.116952
0.639078
0.686347
0.608653
0.178872
0.109783
0.350475
0.942119
0.864814
0.229352
0.346456
0.392871
0.722794
0.170382
0.913879
0.548527
0.304191
0.142342
0.377794
0.260861
0.648708
0.745366
0.0985553
0.487519
0.463344
0.88453
0.633592
0.817826
0.0206118
0.235299
0.799282
0.843442
0.970498
0.832488
0.66726
0.233996
0.438716
0.374766
0.992653
0.709353
0.727457
0.831331
0.384265
0.154696
0.819973
0.382177
0.118798
0.154231
0.574873
0.19104
0.0775519
0.451788
0.896005
0.105641
0.317242
0.900061
0.377183
0.760093
0.917345
0.684406
0.612457
0.891723
0.679233
0.688061
0.124779
0.0099707
0.200588
0.437071
0.057898
0.105633
0.618475
0.991754
0.543839
0.301604
0.0352613
0.991938
0.348577
0.740653
0.092576
0.655146
0.95824
0.731772
0.482859
0.101431
0.193223
0.287982
0.0473651
0.762624
0.71226
0.323893
0.686198
0.439919
0.430707
0.0996701
0.439238
0.274661
0.478188
0.741711
0.972159
0.320353
0.312446
0.128425
0.0837513
0.859221
0.176039
0.680343
0.774467
0.791958
0.870724
0.891124
0.171175
0.0594552
0.536634
0.504583
0.900391
0.827217
0.925513
0.742376
0.01293
0.778918
0.728088
0.134471
0.319682
0.927576
0.738073
0.0762349
0.258463
0.572262
0.536224
0.0177367
0.181946
0.867612
0.0962381
0.887879
0.616766
0.997571
0.248377
0.428025
0.107302
0.730899
0.0496704
0.410127
0.902663
0.766678
0.587485
0.587098
0.0197966
0.843161
0.421159
0.937327
0.904023
0.396079
0.725754
0.408188
0.0886484
0.94025
0.229462
0.731657
0.535419
0.708133
0.293102
0.243666
0.993954
0.0187054
0.294245
0.71955
0.660909
0.341829
0.895625
0.791355
0.818664
0.948418
0.803722
0.618649
0.347495
0.712544
0.48743
0.190423
0.566248
0.443007
0.756457
0.542048
0.655731
0.580433
0.47174
0.838048
0.668715
0.915259
0.236985
0.386353
0.731327
0.36745
0.0460242
0.913067
0.240663
0.636875
0.737443
0.911063
0.34503
0.86705
0.39915
0.768483
0.207213
0.321475
0.901526
0.231386
0.675074
0.251286
0.731523
0.159107
0.316398
0.475955
0.366257
0.787655
0.310045
0.890244
0.892484
0.310658
0.698115
0.30311
0.597611
0.799955
0.268486
0.347293
0.128446
0.406658
0.127184
0.419511
0.956702
0.666647
0.136201
0.368019
0.0850318
0.712724
0.17082
0.113938
0.053818
0.41187
0.841563
0.554768
0.448669
0.271656
0.0636078
0.946346
0.669798
0.403435
0.407623
0.221364
0.552482
0.192884
0.655446
0.0113582
0.224401
0.311542
0.0491697
0.00417925
0.0796872
0.202086
0.629493
0.766768
0.181554
0.995964
0.43233
0.350775
0.931773
0.495227
0.564033
0.331412
0.943677
0.910554
0.538236
0.282344
0.388749
0.639083
0.0135881
0.634304
0.734607
0.33995
0.396435
0.0758707
0.860927
0.914736
0.684704
0.788198
0.929566
0.593059
0.692036
0.826066
0.312973
0.250303
0.45195
0.356225
0.788034
0.0531177
0.843217
0.716035
0.793343
0.78561
0.475796
0.423354
0.935928
0.652442
0.255361
0.91538
0.125611
0.198942
0.821185
0.884103
0.799903
0.350105
0.0451906
0.320028
0.339543
0.264782
0.979115
0.419153
0.69628
0.968952
0.108907
0.567424
0.375491
0.940727
0.291782
0.463537
0.489658
0.986456
0.885805
0.367845
0.861839
0.806331
0.358688
0.986498
0.346738
0.825909
0.525687
0.73351
0.150284
0.547722
0.924414
0.897677
0.923457
0.737974
0.418293
0.731753
0.186727
0.291939
0.549541
0.0927358
0.581377
0.369363
0.0287999
0.207337
0.786678
0.207013
0.170809
0.939791
0.711624
0.622946
0.747605
0.214833
0.743112
0.365483
0.470236
0.218814
0.781674
0.950518
0.219982
0.429566
0.62364
0.060782
0.785516
0.671581
0.0367339
0.56182
0.374189
0.394563
0.85609
0.768275
0.351794
0.751649
0.664738
0.70462
0.959172
0.871498
0.2118
0.392403
0.714298
0.58754
0.463658
0.579166
0.0135054
0.17354
0.430897
0.491952
0.053801
0.807359
0.311788
0.0843131
0.636752
0.0574946
0.507065
0.740242
0.102178
0.499832
0.643848
0.994681
0.151439
0.209994
0.313171
0.116864
0.139262
0.753048
0.200577
0.798289
0.175948
0.953772
0.833338
0.480334
0.181359
0.866846
0.425995
0.0640672
0.652357
0.209447
0.997233
0.294076
0.621553
0.208833
0.319834
0.683977
0.110915
0.590324
0.705656
0.498976
0.749123
0.657732
0.724841
0.907839
0.910162
0.481209
0.344691
0.218353
0.802209
0.510339
0.588767
0.00774661
0.0991921
0.717733
0.181901
0.222525
0.177323
0.0978149
0.761546
0.507231
0.977166
0.218212
0.985815
0.414346
0.375831
0.892327
0.469407
0.17106
0.603583
0.482456
0.183324
0.5768
0.879903
0.353331
0.651819
0.264885
0.921055
0.716497
0.500741
0.585055
0.932253
0.809528
0.0215877
0.592795
0.933962
0.547676
0.608834
0.600702
0.0300119
0.0690108
0.233324
0.967786
0.388157
0.46046
0.778276
0.0547642
0.60167
0.108018
0.10529
0.102603
0.48083
0.791455
0.680696
0.967544
0.661147
0.154271
0.48794
0.726449
0.284351
0.395584
0.701542
0.249461
0.64892
0.168669
0.425829
0.22369
0.939493
0.804867
0.573973
0.861718
0.859505
0.519622
0.696481
0.602208
0.385627
0.533719
0.333353
0.0107661
0.855168
0.963949
0.702303
0.711312
0.940175
0.768694
0.73027
0.302555
0.372211
0.212901
0.585259
0.665064
0.838505
0.597321
0.281189
0.568963
0.0555225
0.636356
0.810931
0.385709
0.967826
0.507707
0.539528
0.963555
0.0458929
0.884978
0.421778
0.0267008
0.518727
0.295241
0.974775
0.380315
0.236668
0.0427252
0.865205
0.930777
0.920281
0.636164
0.72504
0.41444
0.871264
0.762741
0.571677
0.672774
0.0996954
0.787287
0.870565
0.386869
0.514625
0.121901
0.864089
0.866823
0.383531
0.173665
0.354995
0.801268
0.550632
0.155625
0.477227
0.246655
0.447656
0.178202
0.957666
0.00414314
0.576406
0.262769
0.68691
0.465899
0.869457
0.162875
0.72942
0.0125384
0.0909747
0.0353199
0.84627
0.0771259
0.791589
0.781993
0.581608
0.239864
0.0421916
0.537853
0.0475145
0.541809
0.587646
0.298804
0.369477
0.494777
0.455121
0.709723
0.294399
0.372483
0.780909
0.13851
0.166495
0.489762
0.167511
0.356945
0.963717
0.537459
0.799985
0.652361
0.93815
0.14499
0.0511454
0.210871
0.360454
0.506123
0.931216
0.828506
0.20532
0.76381
0.536344
0.327636
0.384346
0.452134
0.184073
0.544499
0.0972812
0.21918
0.0933605
0.705718
0.280253
0.694607
0.371935
0.0835513
0.687891
0.0964039
0.642344
0.79941
0.473403
0.366506
0.800027
0.739332
0.806086
0.716839
0.0580234
0.603082
0.878976
0.942975
0.763815
0.767103
0.981678
0.7101
0.0302658
0.839042
0.888947
0.467011
0.0543801
0.398723
0.784588
0.450553
0.997514
0.630136
0.872372
0.190276
0.183386
0.63869
0.23704
0.0403468
0.0177646
0.226495
0.343981
0.651905
0.366315
0.00722021
0.229071
0.999323
0.0822144
0.0552308
0.0806869
0.72205
0.11184
0.25778
0.470552
0.677474
0.276238
0.190295
0.836695
0.508779
0.538803
0.295635
0.429859
0.331801
0.477339
0.517835
0.197259
0.38918
0.328368
0.713635
0.903452
0.271131
0.986847
0.559877
0.349338
0.506092
0.0164241
0.156051
0.112607
0.784192
0.203247
0.176883
0.527389
0.021449
0.373236
0.925644
0.851599
0.635502
0.0172099
0.951067
0.158701
0.260832
0.714135
0.2552
0.950153
0.000380149
0.761196
0.954583
0.569295
0.998716
0.38643
0.975749
0.678665
0.694316
0.945357
0.154418
0.0417749
0.950114
0.923313
0.24608
0.678953
0.619287
0.885382
0.970479
0.887095
0.703084
0.189748
0.114057
0.712036
0.595013
0.659967
0.26294
0.884622
0.13363
0.913574
0.0152404
0.183603
0.715434
0.765622
0.70303
0.163578
0.448695
0.699156
0.825606
0.362087
0.0453758
0.435611
0.518261
0.844525
0.361614
0.776667
0.344536
0.204689
0.812781
0.869313
0.158508
0.349225
0.679075
0.531996
0.913819
0.39568
0.447232
0.102798
0.841823
0.941976
0.612368
0.613881
0.183214
0.253548
0.979408
0.175997
0.943684
0.246067
0.26456
0.536136
0.280421
0.132198
0.216048
0.485912
0.360961
0.194135
0.539701
0.378556
0.00985706
0.795567
0.494816
0.116762
0.401367
0.420382
0.0816296
0.486083
0.00593936
0.37417
0.838031
0.983325
0.315802
0.492648
0.270118
0.388867
0.00263894
0.709805
0.208581
0.413635
0.478009
0.959368
0.694519
0.0364999
0.266886
0.873793
0.725114
0.708255
0.0816375
0.418947
0.432815
0.763023
0.7865
0.658714
0.201228
0.0332596
0.0314467
0.661933
0.472738
0.676815
0.071152
0.353495
0.0270225
0.790541
0.903066
0.963804
0.772883
0.582937
0.817685
0.676894
0.0419817
0.459168
0.261293
0.550868
0.721831
0.579845
0.928766
0.707763
0.182743
0.365635
0.163011
0.264964
0.106649
0.755827
0.5467
0.565407
0.741548
0.722783
0.21172
0.142906
0.47921
0.925957
0.657404
0.419017
0.966829
0.578747
0.516223
0.714742
0.333812
0.328689
0.860123
0.211706
0.683622
0.178998
0.311718
0.281197
0.842773
0.995721
0.840087
0.210098
0.664732
0.985152
0.130472
0.644584
0.488844
0.47213
0.295109
0.656707
0.775582
0.661844
0.558308
0.238169
0.13924
0.283024
0.318394
0.972938
0.433105
0.0468287
0.676767
0.806026
0.919966
0.214976
0.966991
0.95227
0.095801
0.591332
0.930202
0.316328
0.997011
0.580906
0.633247
0.000632193
0.326133
0.963058
0.61496
0.596298
0.336721
0.229343
0.846138
0.0779654
0.373681
0.0473005
0.0222283
0.192939
0.579878
0.491317
0.358298
0.199682
0.00333559
0.0629493
0.143901
0.224148
0.141835
0.729784
0.738265
0.540888
0.436305
0.44151
0.471453
0.943037
0.667913
0.456165
0.451889
0.420424
0.530836
0.149664
0.569472
0.538278
0.447767
0.269454
0.398512
0.543263
0.545028
0.0766044
0.764297
0.130362
0.0286654
0.814836
0.153056
0.101214
0.141821
0.317246
0.822433
0.739003
0.387185
0.401457
0.426789
0.261006
0.0453719
0.995693
0.0592887
0.42822
0.602286
0.0603698
0.425342
0.376924
0.683786
0.403607
0.438295
0.490269
0.0994093
0.351436
0.788309
0.891468
0.299194
0.69306
0.615418
0.92638
0.424888
0.849782
0.461553
0.574982
0.05066
0.557122
0.615172
0.751297
0.596391
0.109301
0.804983
0.741463
0.694101
0.544202
0.330549
0.792047
0.259374
0.0831488
0.637338
0.744758
0.135885
0.738228
0.952183
0.591044
0.154431
0.373504
0.702497
0.943067
0.800847
0.750632
0.698392
0.927884
0.55273
0.693486
0.750304
0.738681
0.850606
0.675377
0.480139
0.959936
0.443408
0.861356
0.405729
0.373219
0.0829356
0.914269
0.513257
0.939712
0.391243
0.404566
0.595891
0.539692
0.715437
0.975735
0.12195
0.218663
0.551298
0.345836
0.630997
0.7954
0.410599
0.372417
0.483525
0.553107
0.585094
0.804156
0.587387
0.313071
0.923725
0.722142
0.165061
0.634196
0.171406
0.235862
0.706162
0.999557
0.514706
0.790606
0.227377
0.122483
0.82011
0.588675
0.259219
0.688727
0.599474
0.268553
0.358817
0.290187
0.852256
0.969712
0.578451
0.250313
0.844278
0.771644
0.225543
0.864303
0.036074
0.483691
0.422984
0.789648
0.00487456
0.621119
0.565857
0.758805
0.597765
0.336055
0.203169
0.198885
0.507633
0.155269
0.112576
0.917735
0.120015
0.50738
0.376088
0.826265
0.219513
0.666635
0.208876
0.772992
0.183318
0.46146
0.0424104
0.737354
0.133044
0.959386
0.415617
0.58304
0.383919
0.981193
0.164056
0.90819
0.177193
0.0780657
0.42112
0.144964
0.109461
0.194589
0.58433
0.549949
0.5207
0.327411
0.835115
0.527926
0.823847
0.629192
0.225753
0.159972
0.0193718
0.955139
0.10681
0.270216
0.294656
0.654182
0.305813
0.77797
0.491001
0.707302
0.69064
0.790738
0.262802
0.416228
0.859905
0.527949
0.619625
0.582532
0.10122
0.58797
0.430467
0.260949
0.772575
0.0271741
0.735142
0.955657
0.655997
0.612837
0.340537
0.201762
0.243547
0.280079
0.627603
0.432556
0.324967
0.551263
0.598542
0.460401
0.329442
0.0344868
0.313464
0.464729
0.808216
0.404399
0.698854
0.406432
0.817885
0.586205
0.426387
0.0723006
0.862789
0.910678
0.83083
0.350167
0.612127
0.43088
0.302072
0.534333
0.321213
0.745605
0.114789
0.238925
0.265196
0.240642
0.244032
0.688281
0.391997
0.100327
0.772351
0.224717
0.0281912
0.556674
0.905688
0.713874
0.97822
0.694091
0.489142
0.659635
0.31841
0.357882
0.385271
0.541382
0.806509
0.427715
0.591506
0.77381
0.0599759
0.84792
0.273989
0.752771
0.539957
0.359584
0.477173
0.00326
0.697287
0.158944
0.0598543
0.0275384
0.509499
0.785801
0.994867
0.897203
0.16435
0.165135
0.966398
0.48472
0.796302
0.0635346
0.679083
0.264295
0.362771
0.0541147
0.110368
0.867886
0.766381
0.942807
0.626438
0.706772
0.487018
0.426865
0.316365
0.230017
0.616651
0.0412973
0.993829
0.253069
0.813616
0.312052
0.385706
0.377691
0.490615
0.702482
0.201009
0.941353
0.366896
0.765774
0.738081
0.365788
0.625109
0.462371
0.587244
0.0235336
0.723371
0.724532
0.147478
0.543775
0.354327
0.794609
0.881479
0.864759
0.0727809
0.670659
0.493318
0.504123
0.468887
0.505342
0.703057
0.254053
0.552845
0.665899
0.0547027
0.177188
0.444807
0.814205
0.0498992
0.474965
0.127632
0.0445894
0.277192
0.871751
0.58164
0.747452
0.926685
0.6813
0.0505701
0.833717
0.845759
0.961244
0.340242
0.0513559
0.132661
0.29538
0.748789
0.0223648
0.0607285
0.738779
0.938523
0.829366
0.938733
0.303799
0.744533
0.496595
0.0609992
0.863886
0.760051
0.945906
0.0766646
0.171449
0.463802
0.140977
0.636432
0.354115
0.831408
0.905529
0.605814
0.0412643
0.918635
0.000899776
0.485167
0.630174
0.550771
0.790132
0.257978
0.769167
0.447917
0.793636
0.0590136
0.737193
0.900049
0.887659
0.939648
0.447477
0.781749
0.638674
0.822956
0.164759
0.376924
0.66486
0.132765
0.815551
0.703443
0.450838
0.502702
0.00264824
0.912839
0.435584
0.145686
0.992003
0.875853
0.431585
0.960644
0.245666
0.280493
0.680628
0.314489
0.695581
0.174355
0.181928
0.774139
0.973711
0.849251
0.79014
0.633817
0.1569
0.0956776
0.403677
0.0229919
0.697923
0.652496
0.648613
0.440165
0.841453
0.23658
0.6556
0.488259
0.358774
0.0632739
0.0494419
0.484077
0.449989
0.146791
0.184686
0.852416
0.228903
0.742659
0.630706
0.863463
0.204159
0.369199
0.793339
0.284777
0.180738
0.816984
0.14524
0.142597
0.724303
0.550065
0.943625
0.941507
0.351361
0.299949
0.978276
0.967783
0.745627
0.569466
0.763339
0.238078
0.797669
0.569358
0.357871
0.663898
0.832389
0.584974
0.43264
0.814867
0.826183
0.35419
0.0997813
0.227827
0.490013
0.712336
0.681863
0.491272
0.52007
0.600229
0.694117
0.501548
0.0491291
0.302803
0.911788
0.339638
0.214281
0.0485822
0.547662
0.998947
0.0762677
0.22944
0.645961
0.508088
0.0359972
0.068672
0.357117
0.886899
0.453495
0.848172
0.598736
0.167341
0.618296
0.834152
0.708361
0.189418
0.398832
0.614356
0.407646
0.485359
0.103358
0.908187
0.57198
0.0366185
0.0227818
0.75336
0.604306
0.624368
0.743495
0.551224
0.199676
0.910345
0.225047
0.893582
0.997482
0.667785
0.279089
0.529319
0.0665176
0.977837
0.915307
0.847151
0.219071
0.683209
0.360791
0.814339
0.521843
0.856181
0.686822
0.656521
0.452785
0.717978
0.780882
0.465581
0.588066
0.860266
0.847723
0.509008
0.0914691
0.788029
0.950823
0.00692463
0.0723053
0.546101
0.648093
0.494223
0.909676
0.384383
0.990322
0.209925
0.132374
0.00673294
0.842113
0.879549
0.25804
0.82097
0.819919
0.56192
0.448533
0.415339
0.212401
0.991382
0.883103
0.881994
0.792364
0.681614
0.332466
0.189557
0.0132825
0.0156551
0.0978325
0.74089
0.492881
0.279506
0.0697782
0.0512056
0.351486
0.00695113
0.777764
0.791977
0.644623
0.178589
0.218082
0.329103
0.275936
0.888688
0.625728
0.339235
0.663258
0.164628
0.91611
0.876947
0.398243
0.859037
0.450247
0.0993853
0.82138
0.37087
0.41342
0.477307
0.814837
0.915167
0.855957
0.466496
0.845369
0.102659
0.373768
0.116619
0.798819
0.627507
0.973153
0.854715
0.156456
0.552963
0.694719
0.765694
0.959122
0.321933
0.693343
0.137602
0.184941
0.973288
0.976021
0.615836
0.878505
0.487355
0.1634
0.440559
0.429799
0.271897
0.554812
0.256773
0.0345502
0.930844
0.87484
0.121193
0.39805
0.716136
0.955608
0.0551399
0.988128
0.17642
0.922392
0.178191
0.253082
0.602749
0.0661556
0.509494
0.625541
0.472552
0.722116
0.594659
0.763195
0.286342
0.986401
0.0918508
0.797517
0.206076
0.496678
0.0138674
0.696012
0.89841
0.360884
0.755928
0.633826
0.398256
0.455799
0.60782
0.278274
0.473027
0.571207
0.00839885
0.792353
0.00787299
0.940163
0.25009
0.705612
0.0346896
0.437231
0.316353
0.15957
0.226894
0.295978
0.00900873
0.782689
0.837586
0.234513
0.665464
0.339561
0.139605
0.361396
0.206551
0.481748
0.701925
0.615935
0.556603
0.324959
0.897323
0.0957879
0.370283
0.429518
0.353404
0.745861
0.770091
0.0817861
0.595325
0.177234
0.55212
0.759528
0.629802
0.971682
0.538978
0.195102
0.592383
0.135986
0.77083
0.185091
0.560128
0.730877
0.408067
0.916992
0.730045
0.781387
0.851675
0.302655
0.541375
0.872772
0.268358
0.051344
0.165923
0.586013
0.0378104
0.957405
0.791898
0.38647
0.801156
0.228184
0.943437
0.934246
0.16023
0.0560195
0.939806
0.714554
0.457777
0.190752
0.709163
0.643431
0.480604
0.207371
0.828794
0.391657
0.717697
0.111551
0.944486
0.545726
0.272723
0.454905
0.202765
0.880857
0.554828
0.400043
0.439725
0.973185
0.113299
0.336846
0.00372391
0.0918744
0.118257
0.646703
0.616676
0.170923
0.205594
0.572149
0.140899
0.284948
0.172255
0.221083
0.933656
0.118326
0.70366
0.88771
0.0375291
0.93906
0.374631
0.2202
0.411851
0.0563069
0.41784
0.427614
0.178861
0.699382
0.5362
0.379514
0.652722
0.175753
0.976321
0.260408
0.509674
0.730239
0.10164
0.134335
0.847263
0.186627
0.752399
0.533442
0.418688
0.723573
0.828521
0.236042
0.323175
0.450943
0.562231
0.602913
0.251018
0.666172
0.969177
0.436707
0.8217
0.666542
0.977413
0.531251
0.895004
0.740275
0.272761
0.315059
0.765152
0.925535
0.33101
0.593052
0.915296
0.067586
0.64202
0.0328224
0.00356408
0.475416
0.541392
0.0516312
0.581077
0.166066
0.109215
0.40283
0.959068
0.388069
0.507736
0.16121
0.305725
0.886542
0.761583
0.579908
0.80118
0.99879
0.0258721
0.740498
0.717091
0.223719
0.241011
0.21278
0.583281
0.712536
0.572422
0.10163
0.183714
0.973259
0.736753
0.269026
0.49006
0.312538
0.618496
0.417123
0.0417415
0.256642
0.286034
0.520601
0.582902
0.807424
0.999769
0.458085
0.0298613
0.172582
0.945307
0.110666
0.0914186
0.761591
0.182127
0.826688
0.969446
0.189257
0.810499
0.421996
0.444209
0.266244
0.543874
0.598194
0.766915
0.662801
0.609637
0.588325
0.263743
0.627953
0.310773
0.217428
0.032054
0.49707
0.140729
0.980065
0.489923
0.276068
0.610522
0.331365
0.617446
0.787248
0.197538
0.117028
0.86527
0.795447
0.910417
0.967364
0.653929
0.533535
0.510338
0.914312
0.844056
0.472827
0.0348272
0.951155
0.432345
0.699413
0.266207
0.471051
0.654163
0.207371
0.846479
0.231803
0.36616
0.432849
0.75683
0.475156
0.0424016
0.417727
0.0801914
0.041598
0.391243
0.403208
0.751698
0.812264
0.105741
0.249319
0.701381
0.391419
0.961074
0.874443
0.703546
0.501157
0.659373
0.345895
0.663877
0.464457
0.261733
0.713551
0.462216
0.428914
0.321394
0.355355
0.859807
0.27096
0.597717
0.386234
0.449244
0.997007
0.490477
0.356599
0.837339
0.559017
0.113721
0.864906
0.134882
0.664257
0.839122
0.342839
0.980059
0.858261
0.424983
0.674818
0.999746
0.11102
0.709942
0.546765
0.798394
0.873618
0.112471
0.12129
0.00616852
0.314677
0.0649674
0.165678
0.137174
0.634701
0.879467
0.172389
0.899062
0.260114
0.474641
0.674097
0.694682
0.984284
0.433056
0.901645
0.176207
0.112453
0.46671
0.718737
0.654851
0.845006
0.794714
0.342544
0.0180099
0.996918
0.154175
0.670221
0.850191
0.669075
0.461827
0.375725
0.0178864
0.0950875
0.171446
0.0234253
0.625837
0.293954
0.201144
0.743993
0.394641
0.139635
0.32957
0.841737
0.799618
0.199848
0.515757
0.318559
0.619901
0.281191
0.999922
0.208335
0.789189
0.706937
0.863033
0.940886
0.20383
0.988147
0.332716
0.553737
0.0131062
0.72168
0.217851
0.388557
0.104846
0.268675
0.256424
0.113019
0.458049
0.693418
0.993703
0.675475
0.613459
0.469007
0.296258
0.587301
0.678779
0.684497
0.328219
0.838088
0.771567
0.666642
0.626761
0.722981
0.1952
0.990977
0.781596
0.696007
0.00756741
0.340143
0.866179
0.0918532
0.637629
0.660812
0.428584
0.710877
0.90186
0.856901
0.749826
0.823604
0.795125
0.26076
0.310247
0.486664
0.985444
0.667058
0.952839
0.394657
0.485457
0.856548
0.250516
0.675952
0.0443587
0.404553
0.517102
0.849834
0.81451
0.293269
0.0666764
0.443691
0.433161
0.933769
0.262134
0.894334
0.13854
0.577426
0.266491
0.41768
0.686949
0.779179
0.697826
0.759535
0.0341972
0.654567
0.198752
0.281416
0.693922
0.0747177
0.287754
0.150043
0.0152856
0.0223353
0.783733
0.86458
0.457633
0.747284
0.728811
0.498306
0.812655
0.83141
0.760233
0.731589
0.671887
0.573312
0.954895
0.50916
0.100397
0.122528
0.497254
0.39443
0.57235
0.149624
0.588842
0.47365
0.541299
0.782699
0.219331
0.275992
0.245886
0.519543
0.653251
0.466282
0.617046
0.259432
0.394235
0.94244
0.0923116
0.579906
0.364647
0.512996
0.74425
0.31628
0.00388055
0.765235
0.828935
0.301373
0.277892
0.414081
0.0905685
0.483053
0.259355
0.216298
0.855586
0.985913
0.40785
0.800567
0.204926
0.00534085
0.21838
0.159422
0.222251
0.993329
0.470623
0.597273
0.118312
0.153798
0.0238143
0.85894
0.88193
0.349405
0.605127
0.64699
0.34519
0.414474
0.61341
0.0184529
0.421262
0.344237
0.970468
0.846833
0.579283
0.282029
0.423442
0.36646
0.744468
0.845707
0.027096
0.643923
0.803202
0.59549
0.00751514
0.546789
0.187827
0.859073
0.801339
0.0286994
0.320592
0.753191
0.575893
0.132271
0.730756
0.922454
0.657063
0.689177
0.653517
0.788114
0.329233
0.58986
0.579015
0.885946
0.704188
0.561517
0.958478
0.893236
0.658277
0.778783
0.846586
0.176534
0.614755
0.912537
0.388953
0.328533
0.806772
0.514029
0.188428
0.713955
0.35582
0.623411
0.411388
0.0846609
0.45366
0.822898
0.833914
0.888916
0.996159
0.200524
0.807153
0.91494
0.281873
0.728101
0.0895453
0.883421
0.880537
0.949722
0.799759
0.42428
0.187343
0.829936
0.857011
0.865924
0.170238
0.693552
0.738423
0.763584
0.631177
0.742021
0.399253
0.0261029
0.597442
0.674956
0.211143
0.942641
0.417004
0.795459
0.707055
0.00297282
0.453116
0.255923
0.511424
0.174891
0.693741
0.579563
0.828397
0.997171
0.539969
0.184852
0.355482
0.21403
0.967625
0.897475
0.921065
0.0135022
0.144374
0.288679
0.185261
0.341563
0.265117
0.39106
0.99493
0.164856
0.383375
0.560619
0.157056
0.00459714
0.87726
0.53178
0.3487
0.430173
0.163452
0.434344
0.0337607
0.515918
0.0481988
0.1554
0.0602452
0.498057
0.866084
0.840776
0.149468
0.67192
0.849891
0.431443
0.242518
0.916351
0.245848
0.209003
0.116364
0.020144
0.699648
0.867379
0.685681
0.473764
0.797576
0.594128
0.581903
0.59978
0.0110981
0.49747
0.00446114
0.150009
0.452937
0.60515
0.675366
0.0154759
0.132123
0.955415
0.974058
0.754529
0.72361
0.602824
0.354735
0.153183
0.380936
0.566818
0.692515
0.788488
0.629796
0.48864
0.759572
0.982378
0.444997
0.422744
0.560724
0.785962
0.97267
0.654432
0.43638
0.190836
0.291674
0.800647
0.627363
0.542842
0.830538
0.35119
0.114263
0.620216
0.368269
0.360136
0.512371
0.82479
0.748505
0.217841
0.834986
0.800692
0.349048
0.342828
0.159111
0.956341
0.281839
0.293345
0.405467
0.163922
0.590593
0.841075
0.581704
0.37111
0.14166
0.507336
0.189227
0.435931
0.967294
0.651288
0.61408
0.751226
0.839467
0.741557
0.530898
0.268249
0.924523
0.929499
0.752695
0.53735
0.153373
0.819354
0.071821
0.0390565
0.0354647
0.606495
0.992812
0.168553
0.810217
0.494234
0.70653
0.811624
0.0142887
0.955254
0.514694
0.871843
0.970344
0.102656
0.579584
0.0884717
0.47033
0.901875
0.176986
0.831581
0.733378
0.417271
0.135039
0.8705
0.872646
0.596664
0.930511
0.196623
0.632645
0.520295
0.929228
0.255482
0.507736
0.0381034
0.0394919
0.679772
0.475564
0.678167
0.284871
0.703293
0.786173
0.210157
0.374467
0.000382986
0.832222
0.86821
0.0452057
0.364012
0.226299
0.849238
0.902441
0.847306
0.09699
0.613949
0.721934
0.526663
0.589244
0.397756
0.686437
0.114765
0.241321
0.44021
0.875838
0.373476
0.771278
0.614838
0.147062
0.383377
0.210853
0.878096
0.172435
0.780264
0.364499
0.391442
0.128451
0.338909
0.598495
0.474181
0.547337
0.892773
0.485123
0.133425
0.383199
0.834448
0.921379
0.755484
0.432675
0.0489509
0.843507
0.14012
0.444464
0.757429
0.76218
0.381716
0.998608
0.437648
0.184833
0.886273
0.539866
0.7301
0.944975
0.421204
0.960503
0.0274409
0.717739
0.768455
0.381405
0.967576
0.844619
0.0700391
0.306694
0.972171
0.148611
0.0569156
0.488033
0.0399417
0.189511
0.873755
0.447591
0.950887
0.222179
0.221388
0.088481
0.592901
0.578972
0.807335
0.781472
0.0397258
0.184484
0.674251
0.169486
0.529954
0.515499
0.123173
0.746723
0.972991
0.892274
0.141689
0.0690614
0.42115
0.188921
0.680118
0.0143112
0.68285
0.376227
0.35576
0.260465
0.143992
0.294255
0.572982
0.950429
0.645801
0.419908
0.23472
0.0623414
0.983678
0.201446
0.524471
0.0640834
0.821967
0.818888
0.987647
0.551026
0.487288
0.585341
0.160729
0.207751
0.174603
0.963702
0.00939064
0.647017
0.105639
0.749316
0.766045
0.8435
0.140399
0.471638
0.0661551
0.0149752
0.709742
0.814282
0.802634
0.228724
0.322834
0.240992
0.735753
0.566826
0.399926
0.37216
0.127722
0.32218
0.623222
0.631742
0.192705
0.259842
0.467151
0.013532
0.303299
0.141408
0.582889
0.693957
0.202823
0.784336
0.332667
0.590066
0.995363
0.483881
0.464715
0.999702
0.664686
0.631083
0.849272
0.0682176
0.471727
0.570253
0.051894
0.0120931
0.110512
0.224188
0.694266
0.961603
0.909262
0.596978
0.484254
0.373533
0.356418
0.259328
0.581489
0.164532
0.703471
0.115034
0.214611
0.475389
0.0666428
0.076876
0.575233
0.553095
0.276591
0.850826
0.330216
0.549691
0.0891321
0.607359
0.847789
0.0304256
0.0239718
0.5711
0.146378
0.673437
0.444802
0.861544
0.828995
0.653344
0.310246
0.187581
0.281341
0.0616007
0.647816
0.394331
0.720655
0.279871
0.870711
0.255945
0.0476218
0.187079
0.996274
0.248407
0.0663978
0.133925
0.667664
0.169711
0.537193
0.442449
0.575992
0.715144
0.264783
0.94568
0.43859
0.434687
0.854976
0.723945
0.744316
0.640762
0.13834
0.861277
0.105211
0.475787
0.674964
0.0850266
0.237495
0.93263
0.310691
0.601586
0.444902
0.39377
0.220418
0.165653
0.524905
0.947878
0.366345
0.244912
0.911668
0.617542
0.961438
0.819843
0.450001
0.257022
0.333353
0.462036
0.788131
0.99
0.741811
0.569879
0.688576
0.610386
0.793042
0.220962
0.0918206
0.691003
0.22774
0.0131018
0.592016
0.33296
0.0962099
0.532421
0.248331
0.222273
0.0831631
0.387974
0.0958978
0.864716
0.737145
0.673976
0.125706
0.227677
0.989829
0.773299
0.994637
0.668447
0.0860733
0.277715
0.878416
0.693406
0.60509
0.154724
0.169416
0.785132
0.526384
0.560858
0.344079
0.335494
0.338901
0.308576
0.678859
0.849846
0.940654
0.215987
0.765745
0.425072
0.0587749
0.386216
0.659359
0.0264381
0.549262
0.0823348
0.403421
0.0352202
0.65264
0.292999
0.756938
0.977874
0.444002
0.401916
0.483945
0.846364
0.40213
0.921975
0.712232
0.477984
0.646927
0.479953
0.579659
0.276633
0.7732
0.145998
0.65361
0.322283
0.244456
0.946166
0.552181
0.377835
0.0417102
0.701613
0.0977718
0.760259
0.100016
0.463969
0.117068
0.391403
0.324512
0.650273
0.924066
0.739335
0.287468
0.190679
0.0706074
0.258729
0.826481
0.686324
0.723035
0.791382
0.64128
0.391663
0.420436
0.191499
0.669933
0.181491
0.621343
0.79379
0.128146
0.498877
0.259073
0.940707
0.363983
0.174401
0.86483
0.461653
0.471393
0.510891
0.973005
0.257254
0.0286958
0.505455
0.00950368
0.838089
0.612423
0.229343
0.401307
0.0456151
0.911139
0.0263559
0.612775
0.700259
0.467702
0.0281715
0.81264
0.160364
0.912237
0.0552571
0.605317
0.20155
0.806205
0.9402
0.482825
0.50739
0.0264212
0.266657
0.28842
0.591476
0.327048
0.757227
0.933377
0.0405948
0.419983
0.455769
0.420439
0.974056
0.717722
0.909592
0.541032
0.998676
0.0169428
0.064825
0.71143
0.592153
0.982993
0.336036
0.588931
0.679137
0.249165
0.107968
0.956986
0.22368
0.700355
0.299518
0.776708
0.0386705
0.209308
0.710922
0.750675
0.114949
0.551847
0.670813
0.833646
0.747015
0.03767
0.0748643
0.832939
0.698118
0.0149111
0.277831
0.75099
0.231868
0.0642587
0.223287
0.208669
0.704008
0.937158
0.212661
0.608407
0.950739
0.32105
0.798497
0.38758
0.252952
0.732028
0.834635
0.108586
0.0352041
0.445309
0.702547
0.0365032
0.101981
0.481099
0.235276
0.750344
0.75607
0.34803
0.978344
0.0925357
0.299047
0.471722
0.89463
0.753082
0.343947
0.0183465
0.424391
0.136496
0.807518
0.958624
0.809851
0.718712
0.0400912
0.317623
0.531036
0.426036
0.568094
0.957259
0.772176
0.313207
0.867394
0.990697
0.752334
0.566924
0.980457
0.935357
0.377741
0.855819
0.818346
0.629432
0.0946266
0.289329
0.0490005
0.487699
0.171874
0.254139
0.363479
0.545242
0.546178
0.688715
0.538208
0.0181831
0.495307
0.536187
0.191208
0.0830639
0.902049
0.0537158
0.184506
0.566576
0.041606
0.123726
0.854286
0.0970857
0.980453
0.838426
0.337839
0.835091
0.624447
0.630381
0.0919738
0.352653
0.713602
0.278013
0.409926
0.326995
0.272017
0.82901
0.668122
0.099895
0.587305
0.291177
0.96085
0.297634
0.41913
0.765512
0.456106
0.637984
0.831958
0.288805
0.574503
0.69741
0.498916
0.953738
0.922843
0.984829
0.44668
0.652135
0.15604
0.880042
0.064851
0.330118
0.971438
0.273039
0.233703
0.0429587
0.939134
0.454361
0.156696
0.283607
0.557491
0.946192
0.767586
0.255168
0.688301
0.52684
0.673244
0.19944
0.0103926
0.0392903
0.331706
0.693654
0.54059
0.0003178
0.172007
0.706332
0.183997
0.4702
0.873081
0.305561
0.154402
0.0574813
0.138604
0.712681
0.911683
0.879039
0.443449
0.991411
0.713025
0.383687
0.542559
0.152017
0.830109
0.888797
0.189461
0.392839
0.356552
0.186741
0.365193
0.863599
0.868787
0.695532
0.840886
0.181397
0.126849
0.323572
0.122548
0.475012
0.630302
0.765095
0.378299
0.638582
0.902561
0.945153
0.733943
0.950486
0.0735205
0.966297
0.512771
0.493569
0.265184
0.207993
0.573245
0.324637
0.496274
0.948273
0.579661
0.0389458
0.872128
0.800806
0.0317931
0.979608
0.279365
0.843042
0.777137
0.391382
0.643058
0.070972
0.361335
0.686425
0.163483
0.395965
0.0802665
0.963453
0.482176
0.287279
0.837159
0.234832
0.279534
0.328936
0.682684
0.492163
0.807387
0.17358
0.66745
0.713488
0.963747
0.812462
0.270257
0.87215
0.765773
0.172397
0.12047
0.295008
0.558351
0.119589
0.250899
0.162788
0.065784
0.320008
0.41284
0.910222
0.799757
0.939218
0.79587
0.186681
0.392399
0.46335
0.558446
0.220055
0.827411
0.567351
0.454777
0.648793
0.18202
0.369042
0.389117
0.495003
0.307105
0.230001
0.0130893
0.0823589
0.27263
0.748471
0.479338
0.020567
0.276181
0.859053
0.956049
0.819141
0.213259
0.0925871
0.590049
0.708771
0.682289
0.00912083
0.743657
0.553401
0.148749
0.662407
0.736221
0.085963
0.17379
0.609592
0.29657
0.214222
0.413773
0.0309487
0.784336
0.685515
0.558725
0.376875
0.408095
0.0660526
0.04242
0.161231
0.247554
0.202054
0.264091
0.485156
0.201582
0.113489
0.526618
0.907109
0.530101
0.501272
0.428147
0.787855
0.906622
0.74395
0.860562
0.360271
0.0183324
0.651633
0.99353
0.652203
0.851771
0.0320041
0.520234
0.779949
0.569977
0.886148
0.438296
0.95395
0.211092
0.179305
0.973072
0.0644016
0.578342
0.658469
0.123607
0.192093
0.966529
0.74124
0.501298
0.596231
0.190658
0.696193
0.411425
0.0734597
0.72635
0.691237
0.998719
0.539815
0.585011
0.810573
0.642379
0.777681
0.8389
0.0260558
0.34046
0.135214
0.782242
0.477476
0.131959
0.116229
0.203291
0.681101
0.487385
0.26225
0.586806
0.154674
0.76023
0.0109159
0.179998
0.258373
0.773784
0.520076
0.955419
0.918007
0.447499
0.72107
0.357284
0.44458
0.000138052
0.532139
0.456104
0.38226
0.930477
0.194223
0.388338
0.965343
0.41217
0.800751
0.185258
0.338517
0.735551
0.394223
0.645013
0.353235
0.347998
0.402298
0.379436
0.950744
0.0785736
0.35354
0.252993
