0.165325
0.438068
0.0948976
0.0539176
0.0423367
0.454974
0.297513
0.921506
0.358221
0.257877
0.12171
0.735921
0.381599
0.648056
0.305698
0.164002
0.745987
0.725751
0.571458
0.847811
0.71424
0.548633
0.00416354
0.924806
0.48121
0.725015
0.0863438
0.864417
0.646244
0.491192
0.5903
0.239658
0.0646122
0.488828
0.92124
0.403687
0.744875
0.165207
0.279092
0.408895
0.427728
0.300535
0.645433
0.391139
0.233202
0.905344
0.560618
0.24782
0.826246
0.154231
0.948576
0.993838
0.527169
0.383182
0.350755
0.116653
0.148922
0.281028
0.178751
0.351926
0.379167
0.529904
0.318393
0.565664
0.664659
0.754145
0.759209
0.846987
0.70675
0.778339
0.175265
0.815936
0.400609
0.320678
0.063705
0.791699
0.817651
0.953486
0.496533
0.0267714
0.882259
0.967873
0.479667
0.0814068
0.250434
0.175662
0.929498
0.580037
0.845992
0.639986
0.656946
0.627192
0.86713
0.0691294
0.722982
0.92028
0.94397
0.350884
0.692403
0.707094
0.264474
0.810979
0.504384
0.987186
0.191151
0.674176
0.239668
0.491263
0.407268
0.841321
0.75087
0.677352
0.48727
0.312305
0.182503
0.0416116
0.68814
0.452738
0.882054
0.206133
0.986405
0.0720459
0.933818
0.714428
0.600229
0.834333
0.81014
0.0497735
0.545167
0.340354
0.148987
0.334397
0.662659
0.694501
0.465488
0.649433
0.25406
0.41078
0.987315
0.204881
0.16539
0.338242
0.978322
0.705519
0.029388
0.211612
0.684992
0.545245
0.601705
0.956601
0.503332
0.687142
0.687599
0.0205603
0.132066
0.476841
0.841056
0.0938181
0.111766
0.282603
0.210793
0.22742
0.791732
0.0895007
0.294971
0.0956648
0.789358
0.955541
0.0207977
0.0992704
0.621465
0.153691
0.575907
0.118861
0.0171304
0.853092
0.830587
0.788613
0.554199
0.107534
0.68155
0.0456111
0.468698
0.746964
0.588083
0.514977
0.592291
0.678231
0.971756
0.791024
0.0251013
0.0497484
0.923135
0.0528008
0.391462
0.543717
0.861667
0.127942
0.0755152
0.0898784
0.382447
0.907255
0.314119
0.511369
0.813454
0.975747
0.495934
0.323773
0.0252557
0.079282
0.39411
0.19647
0.56164
0.228528
0.156577
0.243119
0.264902
0.914437
0.505379
0.575445
0.150639
0.678394
0.556973
0.32586
0.495905
0.15934
0.117128
0.234648
0.510688
0.286677
0.608255
0.408326
0.947402
0.85972
0.976466
0.915465
0.493379
0.417623
0.238436
0.0738146
0.640865
0.225994
0.588617
0.528991
0.76933
0.134541
0.0990728
0.700958
0.359673
0.216549
0.68359
0.760858
0.561815
0.242769
0.0699843
0.38903
0.13487
0.371463
0.420546
0.937546
0.398738
0.139211
0.0646365
0.172954
0.146784
0.764384
0.074463
0.370824
0.0647547
0.862025
0.973109
0.422059
0.118594
0.0753124
0.989251
0.325305
0.680744
0.791806
0.0775249
0.662616
0.311297
0.354743
0.203958
0.117281
0.980183
0.0678785
0.0783285
0.30732
0.231776
0.786861
0.171926
0.16867
0.00398095
0.232103
0.367643
0.75043
0.993487
0.729889
0.52532
0.699327
0.299712
0.286581
0.748458
0.538706
0.696522
0.664436
0.758746
0.600118
0.946908
0.464757
0.814588
0.293132
0.159665
0.654302
0.231046
0.482043
0.711202
0.00878769
0.452541
0.570383
0.392312
0.739229
0.356306
0.0641081
0.624621
0.618427
0.502948
0.397864
0.538288
0.896858
0.731528
0.244941
0.843682
0.826427
0.20703
0.435741
0.312558
0.465404
0.331225
0.584852
0.634125
0.692863
0.375659
0.475194
0.579563
0.94425
0.183971
0.283785
0.581637
0.535393
0.511144
0.939224
0.489176
0.242605
0.357023
0.0949767
0.944995
0.753397
0.227546
0.648336
0.431719
0.31405
0.747652
0.219744
0.781019
0.605531
0.43882
0.453609
0.545962
0.790449
0.543836
0.956021
0.313312
0.346216
0.946788
0.744694
0.309297
0.561067
0.280434
0.543612
0.702092
0.591756
0.432372
0.890098
0.662906
0.879258
0.504571
0.500596
0.560373
0.453836
0.263498
0.59807
0.934964
0.639904
0.401125
0.937251
0.0164587
0.58775
0.944271
0.329942
0.326351
0.139763
0.963661
0.819254
0.793301
0.708254
0.564159
0.662189
0.573427
0.524652
0.311609
0.404556
0.304408
0.313876
0.257307
0.643178
0.184582
0.893481
0.963606
0.867445
0.811951
0.0613733
0.225953
0.267305
0.204651
0.360464
0.312507
0.000845536
0.488781
0.0497523
0.18581
0.354348
0.4286
0.973551
0.464917
0.98532
0.553359
0.339287
0.319505
0.63397
0.842386
0.302565
0.894221
0.922652
0.731356
0.131843
0.0788223
0.93399
0.611423
0.438893
0.179355
0.535213
0.154466
0.685942
0.363724
0.714716
0.950676
0.995161
0.721289
0.166289
0.0161689
0.380018
0.910538
0.322889
0.905172
0.152636
0.516584
0.333407
0.703767
0.476629
0.970683
0.0244362
0.558978
0.643806
0.417596
0.607156
0.219708
0.332253
0.726212
0.691184
0.445453
0.675132
0.540876
0.793557
0.793858
0.349509
0.979789
0.588848
0.590559
0.0740649
0.336514
0.511618
0.40654
0.676899
0.749307
0.169988
0.703299
0.908517
0.478082
0.00770175
0.181879
0.682003
0.411761
0.88118
0.612341
0.829178
0.827186
0.749842
0.0735397
0.558249
0.893551
0.016669
0.161825
0.487103
0.229234
0.971708
0.759572
0.482372
0.997364
0.847941
0.570155
0.322038
0.953698
0.388957
0.154866
0.247835
0.753863
0.779834
0.356843
0.614787
0.710245
0.524971
0.443624
0.307323
0.0320154
0.524901
0.636132
0.188986
0.654295
0.0533686
0.156397
0.252467
0.590242
0.486996
0.580037
0.143356
0.591552
0.631677
0.916649
0.645322
0.108897
0.242003
0.158364
0.275603
0.401252
0.707151
0.769483
0.322327
0.705933
0.497934
0.4619
0.417707
0.173184
0.932275
0.376853
0.749417
0.655991
0.53158
0.463521
0.910123
0.554344
0.00185154
0.87492
0.563627
0.230512
0.344973
0.916726
0.0866305
0.77139
0.0824853
0.861395
0.414736
0.792537
0.477594
0.111662
0.658763
0.267391
0.891295
0.210012
0.456858
0.613736
0.567153
0.492781
0.132791
0.354847
0.290502
0.646815
0.537186
0.608951
0.541399
0.2641
0.975505
0.33512
0.197002
0.494936
0.870695
0.26972
0.921379
0.434458
0.836746
0.941444
0.716827
0.678552
0.593608
0.680667
0.385339
0.396988
0.935954
0.564865
0.227631
0.560574
0.854247
0.473665
0.738539
0.663068
0.758713
0.145892
0.577289
0.919963
0.975659
0.661979
0.504509
0.0948088
0.800776
0.594007
0.946661
0.704888
0.910818
0.118078
0.612716
0.338894
0.373209
0.130554
0.454237
0.712818
0.075415
0.767533
0.260101
0.310586
0.463885
0.460145
0.869194
0.458602
0.28595
0.123355
0.0273275
0.558827
0.990361
0.991739
0.0373531
0.274379
0.0787424
0.651629
0.484167
0.462287
0.494221
0.728715
0.592653
0.692377
0.663076
0.636127
0.945523
0.493406
0.3943
0.607097
0.821665
0.764266
0.790185
0.623548
0.796936
0.763808
0.950655
0.229568
0.451185
0.406044
0.172543
0.679039
0.60571
0.0151809
0.432572
0.504554
0.59451
0.212695
0.701771
0.13956
0.980709
0.213225
0.746049
0.582103
0.531548
0.575228
0.570549
0.129185
0.697229
0.0515059
0.410403
0.635234
0.998833
0.630331
0.993822
0.372284
0.197281
0.926885
0.429325
0.505049
0.215074
0.220911
0.779113
0.206178
0.317776
0.857032
0.333892
0.795256
0.928162
0.293242
0.656204
0.120486
0.873929
0.871286
0.374899
0.622488
0.91685
0.353026
0.746447
0.588228
0.694926
0.686721
0.831179
0.25706
0.530511
0.432619
0.470589
0.620869
0.599923
0.540774
0.708844
0.856637
0.996626
0.298565
0.306907
0.8953
0.385327
0.196877
0.691436
0.394773
0.311633
0.580182
0.861213
0.539291
0.76123
0.853488
0.406125
0.898178
0.436482
0.120901
0.687573
0.841809
0.270483
0.590226
0.642113
0.989389
0.998711
0.406986
0.108705
0.723066
0.444523
0.672074
0.859131
0.691247
0.239972
0.138888
0.873706
0.180996
0.609133
0.358049
0.974682
0.248046
0.965262
0.732974
0.571463
0.862225
0.73984
0.998814
0.371001
0.888953
0.776059
0.585532
0.108535
0.850673
0.518305
0.690932
0.915226
0.247359
0.330757
0.61372
0.295679
0.37008
0.959828
0.329976
0.207947
0.653819
0.510023
0.993165
0.464646
0.113103
0.0256716
0.50026
0.528193
0.344846
0.972812
0.104845
0.235296
0.944952
0.0836881
0.423707
0.0111103
0.661868
0.860502
0.411685
0.773715
0.238239
0.775062
0.102117
0.394513
0.689386
0.217959
0.0196934
0.697554
0.642496
0.850536
0.676096
0.0175206
0.886401
0.12919
0.71804
0.209881
0.977148
4.67611e-05
0.375666
0.689734
0.176326
0.0665341
0.534876
0.725104
0.47085
0.602013
0.757121
0.623655
0.216581
0.0335262
0.316736
0.810295
0.132599
0.224451
0.312342
0.101395
0.561478
0.284556
0.0709087
0.202295
0.0387651
0.935059
0.576079
0.633471
0.927885
0.0696266
0.549897
0.0966654
0.384479
0.686233
0.58562
0.764517
0.0457326
0.430107
0.0214993
0.241938
0.149073
0.631091
0.535533
0.308649
0.0699377
0.226597
0.937898
0.206585
0.546326
0.72858
0.0511445
0.941118
0.855385
0.273129
0.729063
0.607926
0.523533
0.203626
0.723259
0.264692
0.143416
0.525652
0.186195
0.139117
0.165816
0.48477
0.610555
0.890028
0.999018
0.134465
0.139576
0.661416
0.594671
0.171726
0.630207
0.815697
0.845082
0.0962843
0.103316
0.841615
0.185041
0.0424839
0.220802
0.845231
0.137606
0.423638
0.210254
0.701551
0.4484
0.715532
0.696913
0.635893
0.713753
0.822304
0.978065
0.689793
0.637768
0.931982
0.472978
0.544206
0.700101
0.873087
0.587296
0.971132
0.152182
0.667284
0.355946
0.67872
0.52515
0.435216
0.243067
0.658824
0.00732265
0.109234
0.965253
0.74474
0.185336
0.99744
0.928871
0.738327
0.504251
0.396273
0.657908
0.265956
0.712515
0.105813
0.932266
0.844301
0.718362
0.687636
0.264422
0.193278
0.392117
0.947569
0.260447
0.120733
0.973118
0.427737
0.728993
0.109767
0.687624
0.778024
0.136995
0.826926
0.852697
0.84664
0.407491
0.461431
0.058435
0.54744
0.268785
0.0984054
0.935991
0.421821
0.224388
0.482727
0.126665
0.0874556
0.804517
0.622954
0.756491
0.958783
0.861678
0.249835
0.762778
0.399676
0.526895
0.350049
0.137941
0.494917
0.495151
0.246277
0.250687
0.355754
0.800593
0.995461
0.0778793
0.960552
0.513915
0.889258
0.392801
0.720632
0.256033
0.841353
0.0647621
0.140823
0.137373
0.0217016
0.253095
0.573529
0.299839
0.2406
0.638278
0.889296
0.0350192
0.567781
0.178353
0.282886
0.0848634
0.694045
0.157299
0.608574
0.52114
0.796187
0.808073
0.425976
0.346397
0.0922373
0.338662
0.84239
0.472015
0.149803
0.107463
0.775342
0.652153
0.96417
0.338265
0.748019
0.0314773
0.427981
0.881192
0.980539
0.204192
0.610681
0.61617
0.856177
0.79627
0.516294
0.639715
0.82549
0.564011
0.167227
0.233559
0.198784
0.903344
0.0599066
0.0135211
0.573705
0.649535
0.0684817
0.102956
0.328794
0.678094
0.811174
0.863527
0.733454
0.247669
0.557811
0.937272
0.392193
0.685741
0.993588
0.124054
0.475897
0.0670506
0.584699
0.214559
0.382452
0.893408
0.163922
0.199133
0.898482
0.575088
0.983114
0.3641
0.844714
0.658701
0.919256
0.465531
0.768942
0.742121
0.434171
0.804629
0.754971
0.881124
0.455427
0.924463
0.133071
0.477582
0.67679
0.412709
0.840657
0.480623
0.433005
0.0887712
0.620241
0.0379808
0.24056
0.782382
0.161118
0.107416
0.624562
0.289749
0.222301
0.307985
0.395017
0.671689
0.243835
0.450298
0.480184
0.906467
0.653552
0.125606
0.629475
0.0784269
0.949917
0.829464
0.830881
0.182741
0.00397489
0.320596
0.275173
0.63039
0.458523
0.0994207
0.290089
0.195359
0.177787
0.6059
0.750441
0.805906
0.378362
0.85978
0.203649
0.147728
0.73851
0.574149
0.976786
0.0924294
0.608386
0.0379102
0.537052
0.784823
0.664411
0.322752
0.0940388
0.0971449
0.36352
0.775587
0.542822
0.566654
0.877556
0.0959515
0.358546
0.808079
0.585162
0.506518
0.449588
0.787736
0.546979
0.292015
0.838211
0.670771
0.0989288
0.41233
0.5172
0.690103
0.583794
0.114631
0.0718227
0.285995
0.10341
0.930116
0.458042
0.299729
0.763036
0.304333
0.312651
0.448384
0.782014
0.395075
0.738019
0.640215
0.179919
0.496861
0.718486
0.57895
0.998512
0.922514
0.140174
0.531394
0.585891
0.0919237
0.0980431
0.720322
0.350663
0.521653
0.671565
0.0405092
0.69763
0.328187
0.297055
0.717467
0.466681
0.439434
0.490292
0.163657
0.604693
0.970325
0.0548925
0.295105
0.707288
0.721938
0.0097144
0.302695
0.360945
0.585892
0.15277
0.76379
0.0467619
0.0407867
0.144433
0.977724
0.0233805
0.53516
0.446904
0.502212
0.624555
0.863086
0.167018
0.958448
0.565386
0.33234
0.797416
0.87312
0.945222
0.41563
0.824771
0.733987
0.725781
0.619426
0.712149
0.991255
0.564434
0.266301
0.456218
0.754938
0.144589
0.809109
0.459686
0.68799
0.970212
0.585157
0.0226802
0.39605
0.0729218
0.21899
0.205649
0.34345
0.930888
0.815803
0.254582
0.366729
0.11815
0.625586
0.273618
0.746251
0.359318
0.801519
0.923107
0.0470055
0.00386732
0.53103
0.64666
0.307291
0.53795
0.259251
0.25316
0.583548
0.444278
0.190484
0.859012
0.380418
0.181087
0.105928
0.620002
0.974408
0.186658
0.39171
0.871917
0.880187
0.217887
0.577474
0.0351851
0.669577
0.851988
0.739367
0.010094
0.964771
0.726954
0.32474
0.851852
0.113458
0.0767667
0.703696
0.0862737
0.922393
0.774104
0.935135
0.92859
0.840286
0.143365
0.599523
0.685071
0.767082
0.551022
0.228603
0.484064
0.244103
0.958422
0.887192
0.337246
0.95373
0.234596
0.107827
0.114451
0.550257
0.393007
0.755927
0.395483
0.815813
0.918894
0.880959
0.487302
0.0801368
0.613684
0.908358
0.650134
0.927908
0.204023
0.164644
0.290377
0.551164
0.676304
0.140483
0.0677698
0.572864
0.692263
0.562281
0.890006
0.6962
0.743989
0.593497
0.782124
0.952131
0.0128159
0.531641
0.616669
0.150627
0.850201
0.685886
0.435891
0.0660938
0.500548
0.0248846
0.350255
0.473757
0.0168674
0.508997
0.594189
0.666783
0.754791
0.67496
0.443234
0.0502052
0.0876793
0.772159
0.144326
0.471385
0.459435
0.616732
0.457432
0.0841816
0.619125
0.0391594
0.942374
0.298081
0.872537
0.730826
0.466198
0.154913
0.774359
0.703801
0.717016
0.189148
0.306129
0.779092
0.520811
0.0614194
0.980153
0.553889
0.506908
0.87423
0.492756
0.88391
0.611779
0.937822
0.998476
0.341373
0.64931
0.703437
0.155713
0.275491
0.708193
0.670378
0.821347
0.939542
0.489557
0.44334
0.181
0.882772
0.87044
0.599437
0.93553
0.660492
0.289211
0.585772
0.0707012
0.918487
0.24086
0.550273
0.596163
0.567999
0.540514
0.571692
0.569917
0.939129
0.399596
0.598272
0.168784
0.193106
0.30911
0.202469
0.24434
0.53142
0.424956
0.751701
0.209577
0.917039
0.685493
0.270145
0.441193
0.144197
0.0392233
0.952013
0.249417
0.16739
0.19967
0.341855
0.959433
0.247362
0.249288
0.940907
0.885071
0.500228
0.319552
0.65404
0.161973
0.442109
0.139932
0.549125
0.356779
0.777694
0.484868
0.943358
0.746605
0.648624
0.715077
0.0183556
0.846803
0.703992
0.335149
0.6907
0.84983
0.423004
0.514837
0.155536
0.243564
0.913466
0.799519
0.243331
0.329966
0.617604
0.22492
0.430131
0.666252
0.54012
0.806886
0.473881
0.600251
0.236549
0.484721
0.677254
0.329232
0.593022
0.279837
0.6545
0.369291
0.771756
0.127465
0.705766
0.0626975
0.755011
0.715578
0.220274
0.704002
0.297314
0.243592
0.952414
0.282511
0.643108
0.998443
0.649898
0.394096
0.19202
0.90943
0.836465
0.658239
0.896399
0.118147
0.547891
0.311628
0.100747
0.0694961
0.710477
0.962396
0.725807
0.368522
0.736229
0.937348
0.321526
0.579386
0.940541
0.0502401
0.23094
0.961579
0.232091
0.301617
0.760003
0.284325
0.260338
0.39584
0.263778
0.419868
0.862143
0.517988
0.0111784
0.670799
0.525594
0.97126
0.850874
0.98209
0.959245
0.643054
0.236866
0.745521
0.155281
0.787838
0.540417
0.792187
0.60967
0.837109
0.760563
0.00320981
0.922478
0.209787
0.570719
0.297471
0.997365
0.422471
0.52527
0.978529
0.428199
0.48463
0.18999
0.683668
0.267242
0.65072
0.475157
0.928908
0.675635
0.296989
0.643335
0.221755
0.326254
0.393093
0.676427
0.42712
0.090984
0.538121
0.390455
0.575972
0.972163
0.675346
0.291411
0.610465
0.418209
0.556161
0.00401815
0.427983
0.727724
0.404242
0.964851
0.739583
0.556753
0.512794
0.109468
0.853891
0.732384
0.621188
0.333733
0.0180832
0.425222
0.92729
0.935464
0.388114
0.582637
0.85456
0.817577
0.294717
0.993351
0.327391
0.231618
0.0294816
0.693585
0.721154
0.741788
0.0992575
0.0486214
0.0137994
0.792857
0.202752
0.187379
0.174508
0.257711
0.275183
0.592519
0.892223
0.833287
0.849381
0.168949
0.901378
0.198302
0.536054
0.0590401
0.884825
0.647416
0.768638
0.201826
0.914546
0.851345
0.337109
0.982282
0.491172
0.187979
0.741987
0.986566
0.617247
0.810165
0.589327
0.898326
0.315654
0.760515
0.70967
0.616456
0.888378
0.401586
0.041797
0.397968
0.382798
0.979578
0.609717
0.0799625
0.183296
0.461023
0.828788
0.914508
0.159561
0.660101
0.11812
0.771014
0.763522
0.0921444
0.33479
0.159247
0.909017
0.186913
0.270186
0.0389897
0.796369
0.796843
0.922209
0.614391
0.483012
0.533858
0.633233
0.86156
0.678219
0.0505318
0.251686
0.0941303
0.279404
0.663095
0.844564
0.0299975
0.338785
0.806122
0.64633
0.215289
0.408005
0.820209
0.413843
0.444917
0.855991
0.544889
0.387237
0.332104
0.442166
0.194673
0.885814
0.606672
0.850447
0.960762
0.149271
0.375638
0.756037
0.967129
0.77217
0.73653
0.879517
0.695096
0.365052
0.661273
0.183914
0.979447
0.65596
0.94862
0.0434519
0.198759
0.425767
0.947591
0.968014
0.868112
0.282597
0.270034
0.569642
0.0765371
0.370116
0.227946
0.476125
0.579387
0.894165
0.220457
0.0567992
0.761845
0.560401
0.672938
0.72165
0.237834
0.179096
0.0443039
0.186414
0.452846
0.107477
0.931314
0.792771
0.155044
0.682916
0.0586703
0.556465
0.318743
0.114651
0.228695
0.193339
0.134478
0.821693
0.650177
0.755625
0.741236
0.6999
0.739388
0.403219
0.629503
0.953838
0.274372
0.376911
0.0623991
0.340827
0.145111
0.263028
0.0886912
0.182467
0.719401
0.381874
0.86364
0.943243
0.528053
0.121031
0.671735
0.557932
0.891572
0.05687
0.727918
0.447848
0.324578
0.550847
0.217179
0.990802
0.210323
0.0164815
0.0334521
0.224066
0.726754
0.392855
0.722019
0.0318757
0.646181
0.610668
0.98382
0.827614
0.481026
0.488886
0.976665
0.566788
0.544703
0.645329
0.663336
0.601091
0.721808
0.0846523
0.593699
0.51895
0.12292
0.574506
0.0849241
0.258116
0.878668
0.139775
0.403267
0.980786
0.473779
0.403022
0.669338
0.496131
0.594746
0.0220961
0.828651
0.680695
0.281845
0.671777
0.492059
0.258123
0.723698
0.0534061
0.44488
0.269879
0.264792
0.359236
0.368404
0.282992
0.751549
0.504662
0.751593
0.617769
0.812837
0.899306
0.914545
0.026881
0.689544
0.958492
0.219309
0.787585
0.979205
0.0667531
0.856818
0.639884
0.962966
0.58982
0.459979
0.793611
0.714394
0.280173
0.575653
0.969908
0.698081
0.630251
0.0207401
0.947633
0.382068
0.950112
0.356403
0.366699
0.044121
0.858628
0.635377
0.0853528
0.768697
0.1832
0.253563
0.835551
0.0472565
0.176924
0.498831
0.712381
0.00806455
0.201845
0.553085
0.520758
0.0427008
0.78353
0.708981
0.691625
0.0273301
0.43686
0.651064
0.604793
0.52748
0.0662387
0.767193
0.648077
0.0656832
0.788929
0.426664
0.134617
0.592573
0.331336
0.97969
0.177715
0.966797
0.665375
0.248196
0.0577899
0.355858
0.126845
0.106112
0.821834
0.282931
0.118273
0.813143
0.0965521
0.628447
0.504396
0.416213
0.278992
0.646051
0.960004
0.195208
0.43422
0.392101
0.414524
0.055171
0.550838
0.288615
0.0526166
0.748939
0.552841
0.781103
0.487608
0.406639
0.614276
0.770855
0.910064
0.571757
0.879554
0.732522
0.879111
0.284531
0.296262
0.79872
0.62997
0.188718
0.202601
0.751227
0.929051
0.0198491
0.255467
0.0273236
0.662683
0.582075
0.219562
0.249686
0.10582
0.566929
0.135743
0.358799
0.616658
0.34076
0.625066
0.0422943
0.469196
0.511736
0.824717
0.125433
0.600752
0.619828
0.465208
0.55122
0.2486
0.97951
0.98495
0.955351
0.864778
0.519583
0.658972
0.930209
0.24393
0.950469
0.701263
0.835848
0.0191127
0.399611
0.0602602
0.596577
0.41842
0.524536
0.877993
0.100888
0.104943
0.00949898
0.177228
0.695138
0.985807
0.807599
0.0617388
0.642973
0.766669
0.752213
0.928035
0.339736
0.929328
0.754691
0.616155
0.333614
0.202771
0.385187
0.156948
0.00790429
0.35946
0.801566
0.556356
0.239921
0.959378
0.688055
0.816031
0.895087
0.574416
0.615802
0.565394
0.375338
0.808354
0.0473385
0.867617
0.866506
0.427737
0.296522
0.595587
0.855155
0.357102
0.225879
0.622984
0.919205
0.60044
0.0704878
0.817654
0.751884
0.581691
0.259999
0.965373
0.695781
0.66716
0.691986
0.90566
0.509726
0.435608
0.179523
0.690668
0.254868
0.985695
0.873184
0.376657
0.0418597
0.797589
0.109771
0.917909
0.619546
0.865932
0.709752
0.775832
0.560037
0.467733
0.768239
0.270338
0.820147
0.477224
0.0380772
0.837209
0.291256
0.72198
0.202814
0.307976
0.197436
0.420536
0.183529
0.952451
0.929845
0.462122
0.291317
0.701616
0.586578
0.61104
0.307664
0.985308
0.928311
0.312824
0.00344902
0.210404
0.18718
0.760848
0.629898
0.896113
0.66571
0.566925
0.296666
0.49126
0.777632
0.0447971
0.661647
0.247313
0.850003
0.570971
0.609353
0.104303
0.440152
0.468612
0.727516
0.789862
0.0935984
0.0427848
0.463802
0.197662
0.769939
0.0997586
0.157966
0.0398472
0.901292
0.229786
0.171771
0.89262
0.403242
0.516386
0.0244075
0.411402
0.577164
0.466231
0.0384384
0.566766
0.905439
0.733186
0.596442
0.964267
0.199632
0.482972
0.422748
0.0715623
0.0990378
0.872908
0.313746
0.708186
0.918342
0.584727
0.353223
0.268688
0.0371347
0.0342345
0.412484
0.455953
0.48979
0.357912
0.550173
0.761284
0.729253
0.120436
0.585766
0.416728
0.989575
0.782974
0.356598
0.0894589
0.354678
0.605603
0.549617
0.0609509
0.244267
0.119519
0.305884
0.638548
0.0261991
0.188841
0.714892
0.244667
0.688422
0.419707
0.619859
0.75539
0.248057
0.0820278
0.0563169
0.828076
0.452606
0.441329
0.217045
0.587898
0.630902
0.69991
0.235326
0.231144
0.314911
0.556919
0.687433
0.237579
0.979716
0.164611
0.707258
0.13852
0.128147
0.658962
0.438111
0.13224
0.155718
0.299576
0.618485
0.405951
0.156543
0.125922
0.500114
0.929169
0.594286
0.0489359
0.620529
0.476553
0.693373
0.932596
0.951775
0.531035
0.0124152
0.601169
0.652392
0.00205402
0.538192
0.665041
0.134117
0.774234
0.974012
0.293072
0.512078
0.648157
0.211012
0.318154
0.358671
0.0629987
0.1193
0.616333
0.0510006
0.675979
0.756962
0.488883
0.593703
0.0323179
0.300085
0.376874
0.533966
0.736566
0.977711
0.505361
0.705529
0.64217
0.566857
0.0948837
0.350718
0.0926482
0.99583
0.447699
0.0355574
0.0904497
0.994728
0.710035
0.639445
0.900138
0.645291
0.680752
0.392556
0.807066
0.414792
0.392409
0.962635
0.449166
0.934051
0.527158
0.695584
0.0846148
0.297829
0.899899
0.868501
0.179388
0.229293
0.455813
0.590929
0.493349
0.901868
0.706965
0.777915
0.685994
0.309322
0.216138
0.327242
0.76271
0.879589
0.433854
0.709061
0.110037
0.892164
0.549788
0.0891285
0.870667
0.0501903
0.897894
0.566058
0.595984
0.863315
0.100881
0.0571138
0.480853
0.562239
0.975377
0.881565
0.350336
0.0483924
0.420611
0.718789
0.967605
0.882917
0.993682
0.740132
0.571763
0.7086
0.844774
0.380649
0.891622
0.0299027
0.646356
0.898692
0.5918
0.83739
0.848992
0.471903
0.0957432
0.670511
0.596852
0.707451
0.561738
0.0587276
0.110063
0.944168
0.0309121
0.827444
0.506186
0.498164
0.0981475
0.623603
0.0671059
0.888351
0.440633
0.0755793
0.22896
0.0149784
0.290846
0.526755
0.37579
0.0975355
0.491902
0.34851
0.787145
0.323844
0.0157799
0.307633
0.77923
0.499747
0.829618
0.142338
0.284829
0.767787
0.0244186
0.563092
0.491331
0.199317
0.806725
0.0398164
0.883521
0.0630445
0.86801
0.198222
0.330459
0.0354765
0.147637
0.591833
0.520977
0.226288
0.521703
0.49573
0.856488
0.145984
0.432778
0.820886
0.212261
0.551495
0.868591
0.729309
0.594715
0.229042
0.53522
0.264308
0.654986
0.631218
0.214061
0.530219
0.831457
0.925584
0.0617543
0.164416
0.979341
0.0430476
0.118596
0.607009
0.99084
0.5879
0.794772
0.258364
0.982282
0.514835
0.245155
0.523628
0.615842
0.0140448
0.113705
0.882173
0.80832
0.604965
0.130321
0.557973
0.416075
0.913797
0.137004
0.764848
0.473457
0.372081
0.845748
0.584131
0.157166
0.310995
0.614935
0.743135
0.146965
0.938841
0.317945
0.858161
0.897773
0.487935
0.11802
0.473018
0.976448
0.820933
0.837122
0.487686
0.608613
0.415792
0.306494
0.911285
0.970466
0.619299
0.940951
0.0759831
0.494679
0.980859
0.726955
0.624681
0.576813
0.560308
0.036144
0.629098
0.976067
0.612966
0.775218
0.736186
0.692094
0.545644
0.856574
0.874135
0.0560465
0.725422
0.852397
0.597734
0.0521654
0.0644767
0.777366
0.566195
0.268936
0.199942
0.755411
0.0163572
0.00198165
0.966699
0.0600426
0.643409
0.373662
0.13148
0.365933
0.4384
0.69749
0.0536216
0.0765197
0.0541256
0.857888
0.714617
0.330145
0.651866
0.836968
0.976593
0.266227
0.208201
0.351338
0.0469756
0.372343
0.35894
0.946192
0.231202
0.914925
0.5904
0.521278
0.223402
0.429204
0.694808
0.510391
0.00812709
0.776073
0.866466
0.943797
0.142758
0.207662
0.819022
0.703323
0.538443
0.308122
0.559344
0.783838
0.924128
0.927976
0.755323
0.247495
0.498296
0.414742
0.339092
0.357903
0.301932
0.939032
0.80053
0.447992
0.576045
0.364319
0.481894
0.73364
0.498302
0.543605
0.63248
0.0405816
0.840366
0.553547
0.628206
0.290906
0.23807
0.406311
0.299817
0.583569
0.585835
0.607481
0.934905
0.409223
0.636365
0.477928
0.753466
0.44024
0.295257
0.42446
0.268775
0.454708
0.00751552
0.783377
0.710857
0.943521
0.117547
0.952937
0.223384
0.737894
0.202119
0.409077
0.949961
0.754944
0.20971
0.18093
0.545625
0.303122
0.296501
0.846238
0.547147
0.45893
0.773062
0.825858
0.671559
0.147687
0.956372
0.606818
0.484245
0.460814
0.216985
0.536818
0.290521
0.995085
0.828422
0.628945
0.238136
0.749572
0.921442
0.519242
0.610894
0.597958
0.979318
0.810167
0.109182
0.471726
0.385335
0.764284
0.855566
0.899823
0.146285
0.287824
0.441309
0.588748
0.860381
0.0734941
0.466546
0.942186
0.879763
0.764432
0.233375
0.345096
0.145396
0.220518
0.885508
0.93194
0.316307
0.0440489
0.391936
0.415859
0.392246
0.551762
0.685656
0.650256
0.964692
0.477662
0.233556
0.747765
0.328147
0.690943
0.257751
0.0879473
0.315703
0.482901
0.951745
0.14728
0.820661
0.837106
0.945427
0.138895
0.710244
0.156039
0.321313
0.863539
0.794581
0.991986
0.930233
0.670622
0.470237
0.531862
0.510946
0.894235
0.729708
0.55499
0.254185
0.412701
0.347804
0.63891
0.439976
0.520623
0.339286
0.689704
0.54625
0.721823
0.0901963
0.653235
0.716276
0.166152
0.255516
0.347246
0.0504024
0.646684
0.222718
0.491099
0.17163
0.435607
0.236363
0.960969
0.319108
0.58168
0.457405
0.93485
0.405053
0.28436
0.0480308
0.293404
0.214117
0.806526
0.418474
0.784245
0.623143
0.792729
0.357598
0.571651
0.0492595
0.968823
0.527235
0.751598
0.00862363
0.0392913
0.22021
0.854277
0.381918
0.353373
0.667929
0.313152
0.247982
0.571417
0.383708
0.337485
0.572484
0.942688
0.547172
0.126291
0.954484
0.469604
0.414345
0.218848
0.637643
0.467753
0.182312
0.0930009
0.0673671
0.520492
0.686748
0.00199272
0.243688
0.714096
0.711712
0.659283
0.0755231
0.0114019
0.861554
0.271585
0.149795
0.636855
0.0023683
0.507245
0.869942
0.643111
0.520223
0.614571
0.759674
0.96041
0.0343055
0.855906
0.432875
0.599285
0.0306427
0.651482
0.226023
0.338669
0.535764
0.455706
0.0548634
0.920631
0.00702404
0.529249
0.353071
0.867454
0.000631971
0.440105
0.314059
0.431633
0.59808
0.0321335
0.834137
0.249603
0.663293
0.339539
0.866269
0.524082
0.166816
0.617228
0.0292349
0.591485
0.791915
0.310998
0.0959126
0.920584
0.0757981
0.927511
0.877356
0.262426
0.898909
0.630389
0.169596
0.0291365
0.146113
0.878507
0.000757294
0.0253531
0.167793
0.673186
0.505254
0.975041
0.2125
0.735313
0.7389
0.255142
0.633264
0.156583
0.0760497
0.692076
0.878245
0.14051
0.477018
0.827495
0.892794
0.345265
0.437669
0.490297
0.0930208
0.0165552
0.36657
0.423949
0.139431
0.180801
0.299582
0.405509
0.460682
0.325136
0.534439
0.0271664
0.563043
0.939842
0.159248
0.649084
0.370249
0.669148
0.918848
0.114553
0.576011
0.38713
0.89725
0.468909
0.686439
0.451061
0.1955
0.48697
0.492004
0.0426603
0.266302
0.285227
0.939043
0.427406
0.711823
0.180166
0.501449
0.993774
0.279406
0.781192
0.762764
0.226457
0.936204
0.882682
0.349768
0.320768
0.164965
0.805793
0.903533
0.125347
0.860734
0.323588
0.989204
0.738783
0.925448
0.800547
0.450217
0.0562582
0.601209
0.393252
0.180612
0.305045
0.923695
0.429629
0.258454
0.815726
0.594649
0.669247
0.515771
0.663769
0.056434
0.482977
0.240939
0.405706
0.556348
0.478054
0.138364
0.0498584
0.0869166
0.292528
0.689086
0.219312
0.0874066
0.575761
0.758202
0.249894
0.386179
0.26384
0.227851
0.168385
0.607481
0.783721
0.710198
0.325085
0.527208
0.851723
0.7179
0.148344
0.726748
0.367702
0.880246
0.0277087
0.935621
0.0340171
0.323984
0.706307
0.067172
0.782175
0.997358
0.309326
0.979743
0.81456
0.752933
0.521641
0.628282
0.482604
0.488893
0.313973
0.182706
0.513014
0.0777908
0.326764
0.500574
0.885363
0.745033
0.380331
0.210756
0.745179
0.236451
0.761504
0.987168
0.34356
0.628805
0.17303
0.760247
0.531567
0.608746
0.961277
0.311633
0.171359
0.232033
0.348299
0.883746
0.902151
0.333322
0.486026
0.375817
0.697201
0.417703
0.117731
0.153874
0.698159
0.192248
0.88054
0.874372
0.693666
0.665004
0.579235
0.641515
0.663302
0.18855
0.300619
0.853428
0.392203
0.198411
0.201201
0.581597
0.784351
0.676197
0.2521
0.819261
0.547262
0.353879
0.215738
0.837551
0.286662
0.604878
0.723175
0.648163
0.844865
0.869262
0.928027
0.239247
0.569293
0.118904
0.565991
0.367067
0.396811
0.476254
0.799385
0.389143
0.737
0.263523
0.00964252
0.439915
0.549899
0.0384882
0.679152
0.283338
0.765444
0.183557
0.475293
0.0432406
0.581648
0.802023
0.0606558
0.0778378
0.467017
0.21415
0.0678592
0.0375726
0.618975
0.667794
0.13589
0.6288
0.212759
0.218063
0.190258
0.672368
0.772626
0.82048
0.0241092
0.516268
0.0275087
0.997162
0.754454
0.349373
0.458869
0.662225
0.0402419
0.997055
0.515258
0.68085
0.463034
0.187106
0.545479
0.160748
0.77621
0.0772672
0.547252
0.270483
0.805968
0.594049
0.337005
0.335325
0.133101
0.628375
0.469296
0.204344
0.260589
0.576401
0.0358798
0.996056
0.159444
0.196606
0.429038
0.213138
0.808722
0.972426
0.271625
0.231618
0.142109
0.533722
0.764139
0.0606241
0.252639
0.93526
0.0862875
0.697847
0.634211
0.751386
0.521404
0.498154
0.975042
0.940831
0.0896506
0.169039
0.721445
0.232502
0.29565
0.785158
0.466355
0.744994
0.184701
0.896849
0.918749
0.564342
0.126194
0.687377
0.947447
0.784496
0.339173
0.835745
0.706471
0.958533
0.519882
0.940887
0.57762
0.989297
0.82447
0.763473
0.937203
0.344514
0.0237216
0.22985
0.715829
0.366723
0.171065
0.513396
0.0746455
0.0404399
0.107033
0.402872
0.639418
0.688756
0.713287
0.0911573
0.000970652
0.811494
0.81645
0.503178
0.850235
0.253407
0.363819
0.297325
0.0504531
0.164845
0.424175
0.0753916
0.457509
0.0933948
0.882758
0.912541
0.23832
0.784355
0.231732
0.131319
0.205819
0.629337
0.0967101
0.572491
0.679528
0.588186
0.110489
0.958534
0.844059
0.0925643
0.923458
0.0991686
0.409645
0.381584
0.461065
0.355097
0.267166
0.541862
0.716417
0.950739
0.520684
0.717928
0.817219
0.462627
0.945263
0.634658
0.861696
0.443297
0.962149
0.808704
0.452543
0.652931
0.959713
0.67949
0.474931
0.833024
0.0181272
0.352727
0.484351
0.724982
0.961588
0.173357
0.72336
0.735711
0.0210167
0.601331
0.789831
0.533946
0.935472
0.347561
0.366278
0.209188
0.0130562
0.679203
0.645324
0.672126
0.605742
0.0874776
0.615117
0.808188
0.451811
0.438386
0.674473
0.928332
0.042268
0.887179
0.00580639
0.731057
0.199886
0.28612
0.259308
0.798301
0.817608
0.0737757
0.627341
0.0984851
0.840725
0.26258
0.628788
0.318755
0.945452
0.43043
0.90596
0.0825166
0.428678
0.517398
0.932733
0.837681
0.842991
0.0666107
0.566626
0.572708
0.914143
0.357936
0.425041
0.989416
0.00243301
0.496319
0.419393
0.45954
0.792559
0.95695
0.734627
0.0222398
0.0160465
0.0392574
0.273877
0.989739
0.0644614
0.567761
0.0491125
0.512784
0.528134
0.474651
0.66629
0.0202894
0.468433
0.0405438
0.174069
0.80945
0.981543
0.8531
0.267648
0.56596
0.268855
0.569483
0.980925
0.767434
0.971171
0.681269
0.669009
0.634129
0.679768
0.734713
0.841622
0.852406
0.0676695
0.127548
0.630906
0.721577
0.0203075
0.341442
0.9711
0.749427
0.25514
0.744702
0.798269
0.927716
0.508603
0.297566
0.554664
0.0939765
0.439341
0.484534
0.373952
0.821241
0.653523
0.0324001
0.176027
0.697053
0.0280329
0.0445741
0.840877
0.39703
0.822663
0.19724
0.513434
0.475452
0.279699
0.31657
0.782443
0.416377
0.012253
0.224269
0.893186
0.587627
0.441444
0.964425
0.642417
0.662467
0.043688
0.514522
0.809442
0.529188
0.553478
0.954157
0.15891
0.584488
0.669843
0.549755
0.458634
0.723905
0.569757
0.909955
0.608956
0.746414
0.788739
0.183133
0.840795
0.195752
0.0253109
0.858823
0.204519
0.158103
0.367819
0.417501
0.690424
0.221908
0.933245
0.842558
0.170113
0.582833
0.940679
0.871929
0.481871
0.141043
0.815622
0.175387
0.351419
0.541612
0.258698
0.0450925
0.320876
0.230841
0.7318
0.540865
0.821693
0.615104
0.970326
0.385944
0.0473426
0.588965
0.574564
0.393861
0.100076
0.224269
0.297944
0.665405
0.583464
0.331649
0.223094
0.0902746
0.747446
0.470657
0.88538
0.0933871
0.61584
0.685824
0.832678
0.19811
0.312341
0.87025
0.238376
0.825194
0.334729
0.413132
0.771568
0.126891
0.291063
0.0828003
0.288636
0.806633
0.690901
0.00089414
0.722309
0.677645
0.872271
0.0518138
0.144355
0.869107
0.772385
0.778804
0.585448
0.671704
0.835903
0.420479
0.802092
0.724498
0.742874
0.89229
0.0492232
0.316828
0.282738
0.833136
0.15789
0.79266
0.0396399
0.568492
0.317259
0.91743
0.55986
0.587873
0.768031
0.161381
0.36132
0.211059
0.165034
0.965893
0.515195
0.343671
0.120354
0.382901
0.30305
0.106277
0.29915
0.881685
0.675957
0.943723
0.0606492
0.126807
0.611094
0.719403
0.899535
0.660558
0.0375762
0.0108466
0.495502
0.625127
0.616489
0.216803
0.613644
0.683083
0.393807
0.734827
0.614426
0.698932
0.461476
0.0340846
0.691101
0.666524
0.535262
0.921575
0.895643
0.604204
0.00275969
0.853135
0.00908241
0.753943
0.40375
0.947352
0.329784
0.801182
0.367671
0.994387
0.913739
0.957686
0.0628452
0.41615
0.230341
0.230965
0.00703406
0.891365
0.570917
0.512983
0.465111
0.990258
0.0242678
0.0170978
0.56311
0.506912
0.28443
0.474884
0.859031
0.811703
0.0836313
0.164954
0.47533
0.501973
0.841952
0.0167616
0.0280631
0.407486
0.0764017
0.166427
0.177969
0.580591
0.815763
0.712495
0.248458
0.646377
0.992249
0.645718
0.907532
0.450036
0.195427
0.353869
0.994051
0.881556
0.886854
0.632526
0.612232
0.308565
0.702133
0.520826
0.0435953
0.986565
0.983626
0.494354
0.770624
0.12808
0.170721
0.335378
0.484999
0.948968
0.945571
0.158873
0.249357
0.923988
0.454845
0.274413
0.844216
0.631682
0.516028
0.880409
0.81067
0.807914
0.233917
0.897953
0.230221
0.146016
0.508925
0.790207
0.299773
0.461005
0.00470825
0.74349
0.0360485
0.562114
0.0520003
0.0207153
0.23718
0.701764
0.287097
0.361649
0.370526
0.471743
0.969665
0.745388
0.545232
0.317931
0.758505
0.117877
0.503583
0.205799
0.178688
0.470906
0.778899
0.250481
0.649819
0.0504145
0.202407
0.75191
0.0635355
0.401262
0.304756
0.937922
0.114203
0.500619
0.724496
0.514353
0.230189
0.660488
0.188918
0.622986
0.154608
0.73929
0.259362
0.182292
0.510762
0.755404
0.337948
0.172207
0.704168
0.609663
0.839337
0.57978
0.489074
0.837679
0.225605
0.759701
0.733283
0.539195
0.189267
0.383094
0.50368
0.648241
0.696921
0.299193
0.478378
0.892899
0.365876
0.511559
0.258389
0.498902
0.185964
0.289206
0.395102
0.990758
0.027068
0.312401
0.355213
0.106902
0.227004
0.692754
0.133744
0.289223
0.504038
0.384879
0.758733
0.956945
0.053758
0.550814
0.924456
0.586573
0.961355
0.143328
0.682341
0.65258
0.727491
0.955301
0.892443
0.28605
0.450638
0.523135
0.0345557
0.115518
0.582412
0.607497
0.0215366
0.267678
0.181894
0.769322
0.0718175
0.93402
0.0640564
0.658915
0.102249
0.428635
0.496907
0.862459
0.499246
0.45937
0.096703
0.323916
0.619278
0.158984
0.892458
0.0165848
0.109836
0.178844
0.294747
0.460392
0.35912
0.141647
0.122185
0.467657
0.58477
0.833868
0.397128
0.543643
0.204678
0.203889
0.692094
0.114545
0.0849001
0.914242
0.720699
0.780557
0.847693
0.34963
0.242876
0.870935
0.772504
0.562281
0.539322
0.898291
0.952488
0.594689
0.631223
0.618723
0.202671
0.529151
0.295679
0.932708
0.0441048
0.691621
0.572394
0.214811
0.953802
0.429846
0.308085
0.32996
0.69163
0.855722
0.524069
0.577863
0.12558
0.223908
0.72865
0.995221
0.452926
0.727038
0.620073
0.562846
0.955244
0.444966
0.583301
0.44711
0.373996
0.832528
0.739486
0.892279
0.287608
0.108077
0.82295
0.441666
0.604425
0.797489
0.262146
0.801153
0.788149
0.113109
0.504495
0.02603
0.949912
0.964472
0.622022
0.563392
0.0601088
0.892041
0.369212
0.639583
0.919168
0.57319
0.129366
0.196843
0.0941576
0.0795657
0.755136
0.133757
0.857253
0.0448025
0.333929
0.477185
0.842737
0.562768
0.0436894
0.0712196
0.900964
0.0713597
0.966595
0.546676
0.475558
0.295648
0.936399
0.010781
0.32174
0.143452
0.277079
0.802497
0.944073
0.562751
0.596651
0.695592
0.0324348
0.119834
0.973678
0.955588
0.550533
0.0235438
0.0991163
0.810101
0.198645
0.777961
0.780784
0.737872
0.841493
0.0225387
0.527006
0.692505
0.965626
0.697062
0.85211
0.378819
0.181655
0.854687
0.0327882
0.207915
0.632767
0.753794
0.578393
0.794239
0.307265
0.639361
0.49581
0.829749
0.00841104
0.278278
0.182613
0.983188
0.392289
0.0191942
0.674081
0.478735
0.921341
0.416879
0.23989
0.522236
0.108083
0.985333
0.211421
0.911207
0.240326
0.698272
0.984742
0.58429
0.70589
0.176217
0.380405
0.504562
0.172027
0.212316
0.494598
0.565072
0.312616
0.890456
0.104338
0.553808
0.152586
0.031686
0.736175
0.556783
0.65424
0.997415
0.437536
0.596808
0.262708
0.00841079
0.767514
0.776565
0.916312
0.504508
0.561238
0.138245
0.109194
0.266267
0.347048
0.751905
0.281577
0.21644
0.595654
0.279581
0.653615
0.639259
0.601524
0.603563
0.448227
0.848993
0.418613
0.824237
0.139051
0.25813
0.479913
0.271421
0.563043
0.00469756
0.628615
0.440737
0.859764
0.859886
0.55812
0.774217
0.110721
0.622304
0.369196
0.0566453
0.0540694
0.984703
0.39966
0.625731
0.197883
0.736727
0.132884
0.442376
0.936719
0.351507
0.828798
0.0400091
0.0245145
0.120009
0.00366782
0.13365
0.968732
0.476963
0.168809
0.239855
0.238189
0.0766912
0.207102
0.881652
0.350715
0.576505
0.561999
0.924501
0.503115
0.553893
0.897335
0.620479
0.240482
0.447545
0.288811
0.577296
0.318486
0.967635
0.0422576
0.477416
0.640151
0.545245
0.597122
0.124811
0.685706
0.382478
0.884234
0.362234
0.811394
0.368941
0.773458
0.531419
0.765067
0.068262
0.567022
0.0234362
0.34751
0.523439
0.791037
0.719305
0.748867
0.225833
0.15791
0.238919
0.057513
0.774927
0.0897463
0.530847
0.678919
0.454857
0.69515
0.918348
0.273006
0.0158406
0.879067
0.898402
0.984923
0.924749
0.951629
0.149395
0.820893
0.148239
0.519673
0.555803
0.981255
0.213161
0.21733
0.621822
0.673841
0.652006
0.259308
0.899851
0.567121
0.221818
0.556411
0.861905
0.363144
0.140966
0.24661
0.686258
0.0698255
0.798407
0.388561
0.476503
0.85481
0.105746
0.488645
0.777115
0.0469822
0.712391
0.203665
0.113347
0.78934
0.336608
0.786826
0.0264393
0.383779
0.902766
0.553665
0.827566
0.787715
0.893085
0.530883
0.583942
0.71282
0.872157
0.0675863
0.865619
0.117438
0.983662
0.812334
0.851911
0.895432
0.311752
0.345286
0.175473
0.737705
0.536854
0.672519
0.355633
0.00702056
0.676461
0.106033
0.671164
0.465221
0.657412
0.691041
0.539532
0.498525
0.826356
0.0168252
0.877483
0.965298
0.59072
0.446301
0.919376
0.430344
0.775264
0.0713273
0.0419376
0.0145223
0.678776
0.488928
0.508872
0.247125
0.722524
0.921155
0.484908
0.832395
0.856525
0.281261
0.4263
0.0235994
0.18574
0.524505
0.797026
0.0674417
0.41836
0.712508
0.0769254
0.582674
0.865491
0.674378
0.904183
0.635491
0.264569
0.0792424
0.232791
0.67381
0.720317
0.905113
0.671567
0.492252
0.0634205
0.669671
0.271435
0.328911
0.0874487
0.818953
0.28748
0.880012
0.150861
0.207523
0.75044
0.347414
0.0954913
0.43217
0.616722
0.0764993
0.180305
0.865022
0.794629
0.614513
0.873282
0.977558
0.565094
0.381314
0.634368
0.801678
0.854802
0.667959
0.815466
0.521292
0.799075
0.591416
0.627946
0.146125
0.255168
0.164722
0.325198
0.413611
0.275388
0.106904
0.209308
0.118475
0.972087
0.47519
0.478943
0.93592
0.63315
0.800079
0.371144
0.400474
0.196835
0.465634
0.777935
0.504113
0.485042
0.790889
0.217207
0.346598
0.542758
0.897646
0.735535
0.664354
0.58037
0.357933
0.745797
0.0780441
0.316966
0.210675
0.0105973
0.263799
0.514477
0.938541
0.315332
0.182704
0.509378
0.860264
0.0645977
0.0317492
0.409794
0.179295
0.297559
0.231909
0.279798
0.930526
0.209894
0.353883
0.880678
0.0872048
0.652415
0.372062
0.436578
0.857596
0.416743
0.0153891
0.496054
0.194457
0.845457
0.13735
0.0842663
0.0931138
0.503263
0.867629
0.674736
0.784694
0.807564
0.22388
0.323888
0.950151
0.389337
0.633505
0.228215
0.257979
0.67363
0.921031
0.578463
0.971947
0.424912
0.245831
0.148894
0.12572
0.167787
0.644227
0.849228
0.302685
0.25114
0.148627
0.751877
0.850603
0.0486288
0.329395
0.530607
0.794645
0.0278741
0.456853
0.783298
0.837757
0.217479
0.740759
0.461119
0.0464322
0.341793
0.0730624
0.77889
0.280409
0.759945
0.0146408
0.157584
0.150298
0.595595
0.947996
0.569412
0.494096
0.881912
0.0671792
0.817236
0.743122
0.836228
0.643184
0.438604
0.79353
0.639275
0.513018
0.0747969
0.160778
0.0929183
0.691896
0.837936
0.820212
0.122467
0.831153
0.656788
0.265676
0.00937562
0.655476
0.0344058
0.593222
0.924107
0.328855
0.102697
0.879258
0.935008
0.922336
0.0250131
0.741115
0.957968
0.356756
0.259679
0.660543
0.467995
0.376747
0.201443
0.35483
0.327009
0.947399
0.797675
0.187005
0.863028
0.458677
0.933171
0.409244
0.339207
0.209446
0.574998
0.0539653
0.216675
0.409613
0.661436
0.673794
0.730916
0.408459
0.0971315
0.972451
0.664732
0.731991
0.386175
0.00758175
0.480403
0.246133
0.899133
0.0786887
0.684105
0.125547
0.0669576
0.586288
0.984287
0.221879
0.378366
0.472747
0.899385
0.00843187
0.300776
0.508356
0.298479
0.637768
0.566267
0.739269
0.0618673
0.343309
0.0143004
0.26799
0.76399
0.578843
0.927068
0.261279
0.675708
0.749089
0.255144
0.345919
0.162156
0.764315
0.492636
0.648753
0.73593
0.566738
0.266007
0.592685
0.614433
0.464004
0.480164
0.699204
0.803215
0.495538
0.174369
0.875045
0.160913
0.864734
0.113574
0.773834
0.185537
0.13754
0.331401
0.659917
0.271196
0.529069
0.318563
0.230963
0.919863
0.545274
0.393216
0.791671
0.544345
0.9997
0.288068
0.876635
0.93531
0.8546
0.268954
0.417603
0.914705
0.107756
0.846373
0.749121
0.597263
0.34741
0.572468
0.38458
0.380432
0.451344
0.844033
0.577596
0.288794
0.437732
0.609091
0.721178
0.430166
0.899664
0.753929
0.385719
0.942179
0.0024752
0.346053
0.703846
0.911881
0.816775
0.894753
0.0559479
0.738221
0.379125
0.0376355
0.231582
0.923132
0.311201
0.887394
0.287176
0.261962
0.68022
0.785116
0.0319622
0.185795
0.434321
0.553329
0.0551726
0.28219
0.746645
0.987225
0.229025
0.734714
0.888862
0.447244
0.24212
0.430297
0.435985
0.409892
0.395767
0.421058
0.710724
0.509455
0.737995
0.559652
0.891987
0.525011
0.315475
0.75476
0.719136
0.0265157
0.486142
0.193475
0.664917
0.251625
0.534879
0.037485
0.723782
0.848319
0.220227
0.877502
0.816673
0.191134
0.773927
0.78899
0.524633
0.417225
0.922556
0.117096
0.917259
0.339543
0.882713
0.933203
0.115592
0.805002
0.0905867
0.982613
0.142388
0.192369
0.735567
0.606008
0.760369
0.398101
0.138543
0.605862
0.283579
0.36887
0.985605
0.169248
0.61124
0.957118
0.843374
0.261922
0.046675
0.607325
0.165987
0.0619883
0.799523
0.569667
0.466149
0.366039
0.266425
0.556959
0.658236
0.871356
0.277955
0.41377
0.394004
0.275721
0.869285
0.441686
0.238654
0.382863
0.665118
0.00843262
0.884557
0.577415
0.710395
0.338035
0.943309
0.348491
0.685205
0.290187
0.658346
0.407827
0.790665
0.0283795
0.761851
0.1799
0.0548662
0.745276
0.721909
0.83689
0.456996
0.510723
0.194105
0.771414
0.0080982
0.812018
0.745529
0.760719
0.239827
0.631744
0.52053
0.3943
0.996244
0.942128
0.697482
0.969595
0.958031
0.0537144
0.920599
0.0153436
0.683281
0.0525314
0.830444
0.778217
0.168575
0.510847
0.524261
0.737743
0.199715
0.884063
0.0409742
0.155967
0.267031
0.807739
0.0516516
0.362802
0.431367
0.836495
0.143151
0.437943
0.655015
0.643029
0.564762
0.532429
0.383245
0.360025
0.359936
0.552132
0.531484
0.0789707
0.604749
0.402508
0.700235
0.429408
0.895976
0.0116297
0.955032
0.580844
0.675744
0.81526
0.0296954
0.112885
0.036676
0.580797
0.393928
0.924335
0.716991
0.155584
0.613506
0.53611
0.553302
0.937706
0.0141399
0.0419356
0.40316
0.969762
0.616453
0.700753
0.439642
0.947746
0.777159
0.361223
0.609204
0.156769
0.149889
0.604634
0.468617
0.25782
0.233861
0.548877
0.725362
0.532801
0.365004
0.614596
0.609259
0.0908887
0.284791
0.232159
0.409784
0.904758
0.300271
0.291825
0.582994
0.196523
0.147681
0.710634
0.384362
0.627083
0.387062
0.516313
0.363447
0.0434929
0.268151
0.17935
0.53489
0.137501
0.315538
0.263282
0.418402
0.573166
0.991438
0.0820353
0.101637
0.619639
0.101995
0.384475
0.945855
0.989712
0.668404
0.343706
0.641037
0.273841
0.897311
0.284842
0.490972
0.474774
0.749026
0.438186
0.719674
0.623463
0.640183
0.166022
0.271947
0.804686
0.180722
0.175471
0.917312
0.503263
0.489812
0.517607
0.859623
0.434189
0.894808
0.548863
0.330396
0.125047
0.515207
0.135641
0.915692
0.147904
0.803689
0.671902
0.303152
0.0031648
0.764142
0.484446
0.302149
0.150631
0.24645
0.111367
0.337057
0.535077
0.906894
0.399271
0.104573
0.102266
0.128842
0.760754
0.667863
0.3563
0.487145
0.444727
0.832428
0.408292
0.357086
0.705823
0.845625
0.343042
0.851384
0.758047
0.0132974
0.765063
0.348698
0.892719
0.193696
0.335085
0.953257
0.784346
0.460133
0.603226
0.37306
0.344916
0.14114
0.180246
0.0263057
0.388688
0.787566
0.426069
0.955677
0.225949
0.83748
0.990911
0.160625
0.949324
0.319541
0.972848
0.96314
0.203578
0.174164
0.541429
0.932471
0.00634465
0.461399
0.399967
0.160792
0.335434
0.869014
0.511617
0.0956064
0.86021
0.577785
0.377594
0.0124408
0.132926
0.372139
0.264286
0.516156
0.824212
0.551385
0.527217
0.812922
0.506097
0.0291957
0.382974
0.658323
0.765825
0.192776
0.490115
0.400917
0.350335
0.986653
0.707374
0.395163
0.582193
0.332177
0.6865
0.53576
0.409418
0.0783349
0.924779
0.453119
0.0732922
0.136032
0.943148
0.489814
0.459333
0.630757
0.297476
0.478048
0.730834
0.857789
0.728629
0.320984
0.176303
0.462259
0.57568
0.655875
0.193061
0.385135
0.697317
0.249805
0.520646
0.400221
0.461109
0.873566
0.957693
0.61108
0.959879
0.958501
0.341658
0.434985
0.518731
0.937885
0.863822
0.306624
0.206199
0.479198
0.417136
0.857002
0.24696
0.868899
0.779308
0.915349
0.900069
0.814372
0.47572
0.744605
0.191477
0.16099
0.411404
0.518402
0.41496
0.239352
0.890887
0.313691
0.938182
0.519437
0.949934
0.221374
0.321681
0.162446
0.536117
0.914573
0.618059
0.6285
0.502823
0.545537
0.728515
0.79333
0.454069
0.952745
0.614507
0.248216
0.707444
0.62391
0.698919
0.238645
0.534442
0.802514
0.599064
0.950962
0.0778371
0.479651
0.198093
0.400798
0.588031
0.980461
0.261521
0.742143
0.539929
0.716121
0.280656
0.803627
0.274951
0.0359117
0.674639
0.0875206
0.383281
0.0658438
0.0649842
0.446702
0.885744
0.296826
0.441657
0.112667
0.955925
0.961349
0.703481
0.0616292
0.763394
0.0548489
0.435788
0.78005
0.733137
0.354329
0.0527119
0.12013
0.947401
0.237892
0.753141
0.111488
0.905431
0.586112
0.398278
0.226483
0.968372
0.655674
0.080036
0.620798
0.414036
0.592123
0.480227
0.109639
0.236863
0.143818
0.550325
0.664296
0.762096
0.740309
0.633371
0.920871
0.113959
0.967517
0.914392
0.66178
0.82083
0.351291
0.554399
0.944102
0.756145
0.595519
0.221979
0.186333
0.248592
0.135324
0.328137
0.463441
0.838542
0.534324
0.697838
0.595628
0.0400184
0.814009
0.0546508
0.508548
0.286103
0.523788
0.156881
0.113184
0.792311
0.918223
0.871457
0.358263
0.940056
0.63018
0.370432
0.997073
0.364827
0.287534
0.129555
0.100881
0.0192788
0.447603
0.677188
0.257063
0.864327
0.601867
0.938363
0.341375
0.558028
0.29748
0.054408
0.681272
0.648678
0.446379
0.463358
0.446464
0.397351
0.125064
0.561996
0.378509
0.980463
0.392842
0.640276
0.0795941
0.719877
0.438263
0.185484
0.947459
0.15706
0.935779
0.105498
0.741209
0.344644
0.35303
0.331678
0.727181
0.179763
0.114934
0.951759
0.0608731
0.605615
0.103645
0.164366
0.690369
0.0290337
0.470684
0.697939
0.0443172
0.576384
0.96344
0.51143
0.458753
0.430018
0.554622
0.758174
0.253122
0.319689
0.814147
0.388845
0.773151
0.798462
0.150562
0.486024
0.0773718
0.43596
0.770941
0.606845
0.389448
0.558241
0.373336
0.860345
0.716528
0.439864
0.476955
0.0742124
0.0962153
0.960475
0.566531
0.216916
0.981817
0.776846
0.83574
0.560408
0.549616
0.177494
0.386637
0.441875
0.839275
0.112817
0.23831
0.368607
0.23794
0.0524728
0.350833
0.183714
0.185047
0.762476
0.811306
0.63535
0.626824
0.274856
0.119658
0.155447
0.62393
0.640582
0.238466
0.639046
0.193875
0.0269651
0.764116
0.951817
0.624302
0.578519
0.443884
0.755458
0.710475
0.0430609
0.0613215
0.590473
0.28004
0.854496
0.44628
0.686987
0.666357
0.545745
0.0459243
0.3095
0.281193
0.804627
0.326922
0.999258
0.274803
0.0682056
0.637669
0.661532
0.495602
0.677629
0.07627
0.93487
0.812179
0.631987
0.642121
0.532048
0.609507
0.603855
0.840575
0.922959
0.443064
0.44911
0.840807
0.104888
0.49143
0.545783
0.343031
0.434741
0.509688
0.955596
0.595807
0.350177
0.96295
0.635558
0.450593
0.980308
0.924274
0.678695
0.35923
0.478972
0.234641
0.476748
0.873586
0.383696
0.521156
0.224535
0.769112
0.689234
0.442976
0.00818724
0.307794
0.28902
0.959029
0.801181
0.497138
0.0269054
0.20407
0.287367
0.0143536
0.618459
0.601805
0.274779
0.326193
0.891731
0.235458
0.499717
0.288827
0.627618
0.562
0.784388
0.225814
0.784733
0.322739
0.776816
0.52022
0.609911
0.66481
0.166106
0.806611
0.264527
0.195477
0.867951
0.529115
0.631489
0.976766
0.329891
0.710558
0.310935
0.0502925
0.212003
0.628577
0.295423
0.0576169
0.770524
0.33871
0.72795
0.701276
0.367109
0.6939
0.968161
0.54917
0.262021
0.219137
0.176539
0.140009
0.939203
0.636763
0.35855
0.675496
0.344051
0.315367
0.752124
0.34238
0.665068
0.593732
0.756501
0.864776
0.176165
0.392759
0.791249
0.475626
0.0836815
0.162326
0.141262
0.659807
0.398771
0.148778
0.140368
0.5246
0.172694
0.690042
0.100555
0.477744
0.686348
0.390607
0.935225
0.76804
0.0568198
0.258645
0.855513
0.276282
0.0270901
0.61749
0.66692
0.0870106
0.364448
0.0167819
0.686917
0.600062
0.560338
0.151957
0.485901
0.0813371
0.362059
0.313973
0.358735
0.786352
0.024087
0.139501
0.896327
0.254431
0.117741
0.868422
0.600246
0.834965
0.275175
0.807001
0.665763
0.253531
0.406624
0.523239
0.482864
0.213835
0.23497
0.968771
0.00203988
0.287408
0.215079
0.530892
0.78935
0.6775
0.305978
0.441716
0.331435
0.294886
0.937536
0.598332
0.208044
0.0586743
0.573798
0.650816
0.887823
0.729257
0.572578
0.25171
0.696113
0.625198
0.664044
0.220085
0.851828
0.351343
0.225903
0.485614
0.735037
0.616254
0.449627
0.441113
0.715228
0.610348
0.168176
0.398425
0.0940339
0.337466
0.784336
0.491296
0.498466
0.30854
0.352342
0.987196
0.185121
0.355447
0.53245
0.664163
0.69769
0.462109
0.586385
0.0326424
0.394137
0.657771
0.272297
0.975276
0.128651
0.975749
0.47348
0.93638
0.336411
0.524719
0.487677
0.803814
0.0287429
0.549329
0.820315
0.673735
0.093937
0.650426
0.664813
0.983595
0.86168
0.162928
0.492605
0.792409
0.272029
0.321785
0.397991
0.673897
0.254161
0.457674
0.175557
0.399498
0.308055
0.451249
0.287627
0.774899
0.413755
0.477121
0.526903
0.214175
0.918598
0.771102
0.418101
0.690115
0.865256
0.0367382
0.245168
0.415088
0.890386
0.52633
0.43805
0.273272
0.8196
0.0156619
0.454041
0.366502
0.319241
0.275991
0.00402258
0.511665
0.39823
0.0810877
0.726066
0.716479
0.445641
0.930796
0.223609
0.0791861
0.875652
0.662671
0.825948
0.478463
0.55463
0.381714
0.989985
0.413836
0.860414
0.898773
0.7296
0.810313
0.67942
0.52354
0.093698
0.447665
0.419958
0.949891
0.589863
0.690796
0.161706
0.532686
0.725658
0.296723
0.386024
0.283445
0.54527
0.941086
0.420611
0.551373
0.308393
0.598068
0.0645791
0.839393
0.924902
0.917887
0.80938
0.93707
0.678325
0.895998
0.759835
0.171149
0.501109
0.998565
0.269586
0.38637
0.267088
0.967207
0.763361
0.0649893
0.148236
0.431767
0.225895
0.988599
0.331811
0.9269
0.971106
0.806514
0.22382
0.440194
0.431523
0.569854
0.657412
0.186532
0.0158971
0.676016
0.0718353
0.519157
0.412991
0.170654
0.972175
0.920878
0.52163
0.525222
0.452247
0.387666
0.239025
0.134476
0.400653
0.622366
0.603049
0.652961
0.830536
0.426296
0.438141
0.0277503
0.774134
0.727617
0.233475
0.402671
0.69247
0.510105
0.0736914
0.239613
0.103804
0.859832
0.948224
0.174513
0.3734
0.765589
0.856115
0.484806
0.113201
0.555195
0.089059
0.101799
0.325841
0.339964
0.644363
0.283147
0.318346
0.928163
0.378589
0.686857
0.104113
0.216316
0.932905
0.481607
0.47219
0.372465
0.731368
0.205846
0.142458
0.700551
0.0117893
0.670754
0.34336
0.0630093
0.129576
0.51617
0.824219
0.593839
0.309029
0.406409
0.974065
0.44854
0.141446
0.646642
0.857579
0.600152
0.0510901
0.0767414
0.260997
0.632101
0.264532
0.126078
0.160935
0.0685645
0.589969
0.680716
0.599051
0.498925
0.040781
0.226944
0.681466
0.266894
0.00630526
0.801401
0.221803
0.636997
0.489052
0.0198689
0.431062
0.848713
0.505599
0.342321
0.0344517
0.0595988
0.645589
0.787054
0.941292
0.0690279
0.257382
0.0537172
0.610848
0.464668
0.618191
0.2938
0.57449
0.801441
0.521074
0.192558
0.0918513
0.152353
0.792752
0.483805
0.0756695
0.261856
0.587042
0.714013
0.30868
0.539398
0.702247
0.751053
0.264826
0.681306
0.298217
0.20616
0.83005
0.358664
0.77309
0.537175
0.37624
0.14018
0.215733
0.891869
0.00125994
0.74004
0.370281
0.997316
0.14681
0.856945
0.29075
0.00511016
0.669506
0.579113
0.957484
0.599228
0.803499
0.336881
0.750866
0.297454
0.816271
0.525565
0.813876
0.717745
0.995697
0.210916
0.653033
0.721024
0.281458
0.608681
0.0970519
0.352669
0.185309
0.890899
0.275882
0.452706
0.852409
0.0334939
0.408592
0.295122
0.432184
0.904393
0.389064
0.256996
0.372845
0.460004
0.560427
0.720403
0.935637
0.609944
0.746414
0.898326
0.702877
0.980528
0.651714
0.834563
0.442043
0.17582
0.0722976
0.188249
0.881254
0.829377
0.189779
0.3076
0.210162
0.648927
0.692683
0.882921
0.0219721
0.0793179
0.56388
0.973519
0.536015
0.884775
0.756008
0.265167
0.322239
0.481048
0.458754
0.953491
0.943208
0.611627
0.923115
0.540317
0.74556
0.788644
0.861748
0.520885
0.204245
0.57654
0.326407
0.457641
0.00549996
0.0081861
0.198594
0.412135
0.951313
0.967564
0.180109
0.389222
0.950159
0.319717
0.159099
0.916386
0.0337982
0.289896
0.468143
0.973179
0.39724
0.766582
0.365249
0.788896
0.580636
0.587168
0.704269
0.0438014
0.906744
0.111523
0.232882
0.402866
0.483633
0.0206635
0.992604
0.920253
0.840138
0.779782
0.755061
0.369926
0.2597
0.629801
0.513657
0.377463
0.122765
0.758304
0.512544
0.965498
0.345973
0.853199
0.119452
0.90351
0.914747
0.277867
0.516572
0.953121
0.224587
0.697154
0.21905
0.36796
0.906098
0.0728591
0.629853
0.168753
0.654981
0.660291
0.617639
0.7229
0.189897
0.910544
0.153889
0.0649315
0.710532
0.99107
0.35021
0.50411
0.0513185
0.944281
0.147741
0.450904
0.89735
0.227386
0.587136
0.587737
0.313222
0.0077163
0.515206
0.159926
0.648149
0.379064
0.149847
0.665914
0.852991
0.761663
0.984273
0.281069
0.801289
0.461141
0.906768
0.177085
0.0203884
0.262554
0.0286928
0.196206
0.279197
0.595386
0.857738
0.813754
0.26453
0.1525
0.156082
0.0853443
0.68219
0.990926
0.616806
0.0516184
0.760649
0.757832
0.95311
0.433079
0.420251
0.492395
0.232925
0.465231
0.0824682
0.240181
0.0239567
0.868532
0.949134
0.0289671
0.178158
0.653493
0.146276
0.587713
0.818767
0.626825
0.923948
0.744651
0.770451
0.775277
0.15271
0.182127
0.367028
0.55356
0.619794
0.257127
0.562889
0.6409
0.887976
0.973713
0.563046
0.0293091
0.992045
0.350595
0.764471
0.715323
0.290777
0.876891
0.0890321
0.285329
0.534808
0.342955
0.871927
0.0330959
0.396573
0.00532213
0.988649
0.598081
0.948173
0.361729
0.378089
0.599655
0.0331029
0.973175
0.215497
0.38781
0.666933
0.0249746
0.745744
0.216297
0.149942
0.396625
0.0846864
0.286503
0.331614
0.975682
0.657287
0.571277
0.035584
0.474334
0.893502
0.0884783
0.0897278
0.0983743
0.0229993
0.927616
0.97597
0.281154
0.380665
0.565191
0.620619
0.216692
0.585167
0.245008
0.10737
0.762382
0.741979
0.200849
0.714044
0.924077
0.0129853
0.325951
0.300887
0.555981
0.515646
0.420338
0.169476
0.231163
0.746457
0.902656
0.192832
0.925182
0.870996
0.0188248
0.458876
0.23782
0.729984
0.505438
0.609269
0.746777
0.89007
0.199248
0.401214
0.233308
0.767296
0.991359
0.0295159
0.565049
0.780507
0.728285
0.508328
0.518837
0.288533
0.647698
0.624193
0.78212
0.185784
0.778329
0.593395
0.665175
0.246012
0.210006
0.886474
0.800025
0.188638
0.224673
0.269722
0.598725
0.969508
0.708821
0.324643
0.0957802
0.493324
0.363364
0.0780701
0.331903
0.321706
0.889905
0.428115
0.703186
0.325101
0.33168
0.89002
0.256746
0.835999
0.439709
0.889504
0.707653
0.0933227
0.855001
0.871765
0.74571
0.37443
0.701133
0.755586
0.461459
0.817726
0.862137
0.16791
0.155727
0.22296
0.213749
0.757904
0.791819
0.259355
0.539962
0.48054
0.141116
0.491102
0.290523
0.414333
0.498407
0.318244
0.42432
0.525489
0.247045
0.949821
0.25742
0.389491
0.819493
0.886091
0.446603
0.243636
0.0781246
0.838612
0.552915
0.0994648
0.552949
0.307036
0.958337
0.921427
0.926123
0.0388021
0.979008
0.715996
0.473127
0.404986
0.475052
0.64015
0.999496
0.842427
0.708238
0.251329
0.803269
0.048178
0.237936
0.133568
0.551359
0.015285
0.480759
0.345493
0.708459
0.038187
0.272481
0.294832
0.397679
0.911122
0.553636
0.723432
0.816457
0.893704
0.94872
0.141933
0.380163
0.0351043
0.651418
0.132362
0.932219
0.817387
0.714208
0.590371
0.0549944
0.80834
0.413579
0.748715
0.989819
0.542985
0.0787356
0.357598
0.176097
0.370607
0.616576
0.876536
0.824603
0.527425
0.265474
0.516637
0.805987
0.509529
0.812326
0.389865
0.82811
0.65734
0.11136
0.162377
0.759726
0.21001
0.137679
0.217165
0.937976
0.239244
0.32594
0.583136
0.53188
0.395021
0.985282
0.520329
0.608383
0.101517
0.0304647
0.106177
0.0106686
0.379699
0.497199
0.400284
0.959427
0.0912119
0.405553
0.140022
0.971833
0.506682
0.531461
0.898843
0.743361
0.822307
0.170366
0.183972
0.88881
0.676244
0.0770661
0.889872
0.558288
0.762656
0.784738
0.0548095
0.459279
0.651519
0.67688
0.0843863
0.788614
0.0285754
0.387833
0.77741
0.852299
0.384622
0.0339891
0.144713
0.227203
0.834857
0.0557932
0.90142
0.434798
0.78418
0.431222
0.982249
0.480125
0.374762
0.874634
0.361414
0.76694
0.161012
0.760407
0.0663157
0.163532
0.741284
0.671628
0.727014
0.863019
0.603549
0.626943
0.0258954
0.460857
0.321132
0.116514
0.227299
0.84003
0.404673
0.772785
0.658098
0.87693
0.528726
0.800536
0.227334
0.881134
0.0969542
0.169695
0.512831
0.511243
0.851714
0.971332
0.794655
0.375009
0.502636
0.845183
0.973407
0.193041
0.956289
0.413864
0.821169
0.0033556
0.0973936
0.0710321
0.645655
0.739691
0.0958845
0.739961
0.390861
0.915566
0.86323
0.0770693
0.535205
0.186663
0.0938783
0.275124
0.0294172
0.804011
0.349364
0.313916
0.498851
0.974903
0.558612
0.690464
0.385414
0.679439
0.304268
0.473092
0.568018
0.885444
0.601847
0.464573
0.652456
0.0743042
0.751747
0.608432
0.889231
0.56533
0.24511
0.469004
0.925296
0.146924
0.235684
0.031632
0.789061
0.695994
0.639331
0.339386
0.615379
0.230898
0.357723
0.233362
0.758004
0.269706
0.854859
0.598345
0.372213
0.56468
0.199154
0.482373
0.237574
0.633886
0.690426
0.0221635
0.788415
0.413461
0.147592
0.102461
0.267095
0.260295
0.42102
0.447842
0.988727
0.84578
0.0812857
0.0596787
0.404678
0.564027
0.439457
0.543633
0.366082
0.301012
0.780716
0.744898
0.626533
0.934695
0.0128538
0.594256
0.758596
0.220287
0.942152
0.189844
0.091492
0.869436
0.251227
0.807284
0.869697
0.446286
0.00897677
0.950499
0.0681223
0.324394
0.807218
0.853499
0.880426
0.892014
0.527311
0.465575
0.00498538
0.919357
0.649496
0.942164
0.279392
0.95452
0.181955
0.132859
0.186353
0.359902
0.0597546
0.335987
0.468415
0.658769
0.151279
0.497533
0.414992
0.28195
0.563483
0.269557
0.460783
0.0818445
0.336873
0.562035
0.687766
0.607709
0.29138
0.923215
0.90097
0.444547
0.495689
0.0519516
0.315266
0.385959
0.997946
0.00260213
0.67866
0.549235
0.538023
0.730953
0.582428
0.250534
0.636452
0.543537
0.636041
0.0310989
0.825167
0.198105
0.960612
0.274101
0.419183
0.206576
0.359991
0.260799
0.396287
0.33261
0.747143
0.62321
0.718313
0.36517
0.000396562
0.596474
0.860524
0.0390494
0.999933
0.406391
0.710528
0.284646
0.189053
0.232953
0.207602
0.269674
0.939726
0.088396
0.858346
0.388224
0.630743
0.320444
0.0285298
0.734838
0.0519536
0.860736
0.208867
0.702245
0.612989
0.175135
0.121232
0.655732
0.72621
0.981929
0.905507
0.381172
0.429653
0.248726
0.0449327
0.520312
0.910392
0.0409215
0.210264
0.5014
0.0666178
0.16321
0.317735
0.475888
0.893608
0.69952
0.465655
0.603113
0.4996
0.742684
0.585331
0.0509839
0.582132
0.681522
0.810186
0.283719
0.854523
0.955995
0.918149
0.30384
0.0194319
0.113176
0.666326
0.93251
0.883134
0.378549
0.0599551
0.773569
0.322588
0.488264
0.769104
0.199994
0.916738
0.963671
0.541835
0.566125
0.358426
0.927041
0.746107
0.711304
0.179407
0.976097
0.604348
0.55934
0.626354
0.08273
0.775329
0.972358
0.250374
0.511065
0.290166
0.618541
0.451559
0.673364
0.523373
0.297083
0.00239269
0.517421
0.416623
0.45712
0.296926
0.415775
0.995236
0.831303
0.482456
0.341936
0.334474
0.967464
0.914633
0.0971125
0.221066
0.538428
0.945844
0.834029
0.106805
0.815081
0.607474
0.942299
0.132441
0.504786
0.868596
0.92676
0.734523
0.397654
0.0852584
0.618158
0.599116
0.72982
0.538004
0.79447
0.970696
0.762651
0.415074
0.112033
0.692659
0.838952
0.407641
0.288754
0.474129
0.740493
0.704681
0.654956
0.495785
0.541156
0.564916
0.665688
0.996871
0.538932
0.171686
0.569651
0.0922487
0.185337
0.0528074
0.550155
0.00374985
0.0972259
0.873303
0.116321
0.935239
0.211699
0.439589
0.617895
0.78138
0.324091
0.941801
0.264195
0.932961
0.737612
0.174005
0.422668
0.629513
0.624772
0.644332
0.237828
0.928288
0.205479
0.316964
0.406754
0.415886
0.762306
0.18942
0.713807
0.395379
0.445173
0.846555
0.560135
0.615887
0.286972
0.472641
0.639543
0.256211
0.654366
0.415582
0.373054
0.65297
0.0594539
0.868882
0.328127
0.636459
0.138722
0.0581959
0.134508
0.328429
0.356903
0.0575113
0.214421
0.0642645
0.982068
0.801638
0.210189
0.204725
0.15082
0.777197
0.432055
0.897456
0.0364406
0.296568
0.739523
0.226285
0.181078
0.9843
0.336463
0.848244
0.360502
0.815776
0.651199
0.676894
0.871326
0.833672
0.240501
0.895241
0.397057
0.218121
0.846667
0.739759
0.667051
0.592933
0.544379
0.920817
0.585957
0.344216
0.196952
0.579997
0.772587
0.780623
0.0202191
0.768677
0.776721
0.23505
0.906022
0.941712
0.18116
0.992217
0.513488
0.19578
0.797686
0.086371
0.900824
0.457088
0.370429
0.511601
0.737955
0.949689
0.846932
0.531829
0.0830093
0.650148
0.308192
0.202794
0.991823
0.88306
0.431042
0.0795923
0.852925
0.965604
0.138275
0.549931
0.495381
0.337896
0.715716
0.603379
0.943356
0.335895
0.223341
0.102217
0.859454
0.388254
0.885814
0.111557
0.572941
0.934646
0.894285
0.716169
0.294506
0.205331
0.153846
0.987793
0.0249655
0.966064
0.261115
0.373677
0.883021
0.0512985
0.74255
0.301535
0.505616
0.538903
0.481999
0.167277
0.0619403
0.646171
0.548025
0.666193
0.386728
0.477651
0.91748
0.314438
0.688668
0.430265
0.43199
0.402968
0.983506
0.9202
0.367581
0.601827
0.600654
0.567207
0.462202
0.892674
0.661234
0.871464
0.0910291
0.374156
0.747959
0.0466473
0.89237
0.79313
0.333615
0.207588
0.27913
0.365506
0.766811
0.189657
0.143017
0.754311
0.692495
0.832844
0.159701
0.502441
0.573325
0.240177
0.132077
0.289828
0.603595
0.262602
0.717108
0.231759
0.547929
0.171396
0.527758
0.0502967
0.95757
0.581457
0.452341
0.644323
0.854715
0.991045
0.850074
0.749377
0.60143
0.724052
0.376696
0.211019
0.766702
0.986415
0.278699
0.532626
0.308837
0.34652
0.576246
0.297854
0.751397
0.127556
0.169595
0.141814
0.678605
0.791576
0.856941
