0.423443
0.638988
0.983091
0.512033
0.676329
0.640624
0.55783
0.752741
0.484754
0.627013
0.801988
0.110586
0.390588
0.39914
0.220421
0.090819
0.564016
0.211988
0.0206178
0.614127
0.100972
0.355143
0.593285
0.200608
0.591332
0.858938
0.939515
0.176084
0.192299
0.135365
0.517285
0.213235
0.932065
0.00872934
0.0780746
0.381088
0.266123
0.193376
0.889551
0.614309
0.208446
0.790117
0.898605
0.305364
0.63732
0.25169
0.422054
0.635116
0.50191
0.721009
0.563945
0.859807
0.815272
0.340656
0.816652
0.420133
0.391695
0.330428
0.717567
0.932893
0.428373
0.681178
0.828919
0.996829
0.11501
0.35093
0.847547
0.390147
0.581581
0.148629
0.197877
0.0679924
0.212822
0.24711
0.912065
0.319111
0.120772
0.444896
0.69451
0.309389
0.74664
0.00484932
0.464045
0.341789
0.243419
0.618987
0.939305
0.430574
0.665356
0.637007
0.202661
0.914958
0.692044
0.938882
0.840195
0.548061
0.598506
0.884398
0.166166
0.57528
0.251924
0.14824
0.530277
0.981272
0.688518
0.175105
0.49259
0.0721556
0.32724
0.683361
0.684528
0.861232
0.980709
0.785531
0.654329
0.637161
0.782336
0.464386
0.965958
0.303135
0.367208
0.200678
0.124581
0.685094
0.0111923
0.523766
0.69428
0.818958
0.959869
0.970181
0.631573
0.397329
0.357782
0.818109
0.867125
0.760652
0.511405
0.323111
0.331292
0.226987
0.0820732
0.874234
0.980273
0.0318944
0.77871
0.415118
0.564713
0.198243
0.878127
0.622371
0.0922879
0.334564
0.288603
0.704533
0.182123
0.464651
0.0190014
0.612573
0.758246
0.660534
0.904099
0.531668
0.0117691
0.654336
0.993051
0.629232
0.326818
0.885354
0.654111
0.856444
0.00109929
0.204262
0.848326
0.894064
0.828296
0.507713
0.25774
0.855122
0.478881
0.381546
0.840126
0.569235
0.276391
0.572478
0.897082
0.609044
0.69077
0.922702
0.893051
0.770809
0.980658
0.554247
0.500855
0.0563263
0.426818
0.826028
0.281326
0.517558
0.192722
0.0442684
0.785536
0.972834
0.645279
0.931907
0.43013
0.965257
0.226531
0.074438
0.310722
0.123716
0.533504
0.0313941
0.729845
0.324661
0.446039
0.603326
0.260537
0.210361
0.0559301
0.663073
0.611867
0.856715
0.626076
0.567229
0.411119
0.645715
0.36226
0.705897
0.207907
0.433914
0.783289
0.299785
0.726076
0.628493
0.184189
0.629998
0.558072
0.877396
0.94464
0.327324
0.0968905
0.80059
0.151335
0.984127
0.388469
0.839681
0.596186
0.443656
0.487459
0.195031
0.229884
0.131789
0.957782
0.529498
0.785339
0.305714
0.722465
0.155672
0.369493
0.333726
0.673814
0.275222
0.495301
0.231129
0.0227889
0.881515
0.0360861
0.758368
0.146129
0.616477
0.308297
0.450135
0.0928105
0.632072
0.325668
0.1631
0.127769
0.817329
0.13559
0.910415
0.609206
0.18146
0.914688
0.372146
0.330662
0.292488
0.725007
0.98797
0.615104
0.512159
0.715853
0.108288
0.992728
0.235361
0.976537
0.557003
0.193528
0.207882
0.379339
0.677985
0.581589
0.151404
0.358482
0.229511
0.918609
0.749983
0.925854
0.783159
0.460188
0.811809
0.226101
0.260983
0.367351
0.247811
0.488922
0.695575
0.38639
0.506836
0.197821
0.266511
0.173437
0.168175
0.438149
0.997413
0.17529
0.55425
0.928711
0.662978
0.850392
0.381459
0.578318
0.272483
0.227341
0.933743
0.853802
0.593323
0.505681
0.0280867
0.374997
0.503493
0.499835
0.667362
0.695521
0.643783
0.952212
0.656847
0.813094
0.870043
0.418013
0.800889
0.309634
0.771448
0.717812
0.811405
0.638851
0.477685
0.430712
0.505306
0.371402
0.730864
0.59133
0.610132
0.201771
0.697804
0.131332
0.366745
0.0360267
0.937015
0.576023
0.847694
0.948505
0.0792569
0.142873
0.972636
0.491827
0.671006
0.442265
0.932341
0.706702
0.684736
0.66401
0.542107
0.173421
0.975496
0.753551
0.264044
0.622696
0.889896
0.828144
0.658677
0.771544
0.818568
0.246243
0.750482
0.534305
0.90993
0.490178
0.64716
0.214984
0.106704
0.197509
0.00721314
0.328763
0.933944
0.76242
0.949985
0.735785
0.701397
0.488209
0.969462
0.949034
0.0766817
0.557469
0.777064
0.747963
0.270537
0.352347
0.269667
0.485317
0.373102
0.773797
0.390447
0.986864
0.74056
0.34567
0.141867
0.0179836
0.0328674
0.0436111
0.690608
0.775028
0.558512
0.157722
0.713668
0.5844
0.872576
0.861324
0.841993
0.784733
0.324456
0.858769
0.70524
0.625931
0.425912
0.387337
0.410157
0.366795
0.182334
0.942149
0.723148
0.249147
0.253943
0.939709
0.0838312
0.304536
0.417738
0.361594
0.259257
0.694422
0.94916
0.916688
0.719714
0.903356
0.313024
0.950296
0.350868
0.444334
0.937455
0.797714
0.681062
0.216868
0.195785
0.265026
0.52818
0.877748
0.982009
0.152706
0.861682
0.341739
0.220333
0.330266
0.737525
0.937893
0.572254
0.0665052
0.172483
0.0514857
0.65457
0.965171
0.112207
0.676776
0.0189959
0.952131
0.705371
0.653007
0.507024
0.0617405
0.481914
0.916721
0.130883
0.0383394
0.139732
0.085302
0.273959
0.337479
0.530322
0.0848997
0.451406
0.882443
0.166948
0.16599
0.225984
0.109262
0.0270263
0.537026
0.513888
0.835109
0.726437
0.49232
0.173563
0.0508347
0.0402566
0.862927
0.688621
0.0430337
0.502016
0.342207
0.221773
0.936
0.0695355
0.976915
0.64128
0.588016
0.873317
0.854317
0.335553
0.321246
0.449508
0.215247
0.385684
0.946898
0.929737
0.673239
0.277303
0.635434
0.756216
0.830348
0.832249
0.401896
0.587832
0.432699
0.0535552
0.859634
0.554405
0.513623
0.582519
0.884113
0.570708
0.629512
0.686991
0.927797
0.159531
0.0706635
0.704609
0.698462
0.660571
0.596521
0.619055
0.641585
0.102853
0.123705
0.988602
0.152216
0.488789
0.726016
0.874142
0.174863
0.276123
0.248448
0.195553
0.960783
0.104951
0.00309414
0.264454
0.21416
0.898264
0.374633
0.880968
0.766209
0.629484
0.591214
0.653816
0.365276
0.0973001
0.423863
0.085361
0.219643
0.539264
0.313283
0.845527
0.682591
0.613096
0.316752
0.0536286
0.295567
0.878341
0.896105
0.943154
0.938738
0.964102
0.30359
0.016626
0.571669
0.546973
0.595372
0.435497
0.652517
0.417174
0.18983
0.279312
0.00359983
0.0658097
0.305089
0.487441
0.183245
0.296965
0.0255437
0.861023
0.239999
0.455568
0.166984
0.151846
0.816614
0.992481
0.409012
0.857131
0.460148
0.696473
0.436989
0.217521
0.585409
0.47058
0.851884
0.219996
0.629504
0.479364
0.926151
0.222382
0.611361
0.902584
0.849276
0.881717
0.19942
0.873094
0.262738
0.226519
0.853809
0.164382
0.269297
0.510658
0.449223
0.998381
0.255837
0.712831
0.409976
0.597082
0.357823
0.308253
0.287993
0.724573
0.440673
0.826297
0.103428
0.430388
0.555348
0.794041
0.23647
0.636203
0.98693
0.78349
0.687054
0.0696122
0.113432
0.90029
0.259432
0.159444
0.396676
0.520497
0.114647
0.700232
0.235072
0.881021
0.596293
0.94063
0.754935
0.451659
0.810774
0.066211
0.570597
0.257185
0.522544
0.324222
0.688746
0.255397
0.937425
0.882914
0.351165
0.855149
0.83912
0.205094
0.381531
0.605014
0.110209
0.72795
0.0220065
0.809942
0.44801
0.902114
0.57984
0.252318
0.688989
0.562917
0.450733
0.1016
0.706017
0.568277
0.944326
0.214252
0.216604
0.143309
0.788078
0.309421
0.68025
0.288497
0.92471
0.399244
0.197291
0.320115
0.881282
0.113529
0.499743
0.70876
0.0922973
0.86914
0.114347
0.445137
0.062442
0.55825
0.208397
0.102035
0.773998
0.0487395
0.824175
0.963897
0.697501
0.717786
0.221439
0.837618
0.122945
0.289967
0.972037
0.031559
0.459369
0.922877
0.477709
0.40053
0.310696
0.859627
0.41641
0.228829
0.994396
0.25369
0.970927
0.505233
0.561838
0.521122
0.60287
0.326413
0.65876
0.53403
0.422582
0.0302682
0.635743
0.128956
0.0628256
0.270684
0.913201
0.0894212
0.571073
0.259098
0.60844
0.229499
0.249953
0.743921
0.626248
0.787728
0.622752
0.0633175
0.990034
0.178718
0.607456
0.61734
0.307037
0.325441
0.855833
0.747029
0.408616
0.239716
0.813975
0.278592
0.365189
0.952738
0.530222
0.807875
0.345499
0.0699336
0.760311
0.44254
0.387355
0.391517
0.86289
0.462025
0.512524
0.0806465
0.908021
0.988729
0.277592
0.977687
0.534711
0.327169
0.358178
0.348263
0.40512
0.705609
0.115871
0.592032
0.388417
0.512001
0.376078
0.262645
0.00802412
0.369193
0.961729
0.663466
0.861881
0.00542096
0.996548
0.0561812
0.267274
0.342984
0.490533
0.665868
0.682893
0.445511
0.757653
0.449975
0.417619
0.417016
0.44095
0.944434
0.910189
0.96934
0.464192
0.548319
0.566113
0.966757
0.946262
0.249947
0.866204
0.424768
0.894872
0.0105795
0.694795
0.277649
0.302177
0.460108
0.224519
0.744171
0.69911
0.819135
0.417479
0.58985
0.0075524
0.755831
0.715381
0.716045
0.286546
0.662055
0.165643
0.596418
0.212195
0.081982
0.546356
0.70578
0.618032
0.0166431
0.0563608
0.787864
0.260669
0.90523
0.79218
0.462089
0.928989
0.740934
0.921286
0.929095
0.361687
0.997677
0.735047
0.873894
0.0680726
0.835971
0.977434
0.59016
0.592059
0.578863
0.690427
0.891194
0.237118
0.860171
0.953026
0.121797
0.977974
0.976089
0.116493
0.733521
0.490583
0.534414
0.846319
0.760388
0.395689
0.944198
0.773575
0.373426
0.241407
0.950027
0.339752
0.503721
0.773639
0.0144991
0.308523
0.904073
0.0236542
0.106713
0.0981283
0.138286
0.399588
0.366406
0.307186
0.276697
0.273079
0.338333
0.230842
0.829062
0.757188
0.584627
0.930677
0.819048
0.971593
0.248275
0.0302936
0.0689282
0.598329
0.165768
0.0999228
0.58897
0.780656
0.32247
0.859665
0.777932
0.512241
0.376974
0.0214618
0.694077
0.859985
0.478309
0.745012
0.19271
0.377262
0.962458
0.123831
0.044312
0.017374
0.334681
0.48286
0.511153
0.892355
0.428462
0.194931
0.26693
0.450306
0.53422
0.521043
0.688616
0.225082
0.794968
0.0949503
0.966586
0.160432
0.778423
0.546293
0.997678
0.841715
0.418579
0.14818
0.365612
0.0868688
0.153781
0.436693
0.368113
0.196564
0.33251
0.701949
0.507681
0.45759
0.562655
0.0593177
0.715205
0.254427
0.637571
0.364272
0.108389
0.11677
0.112568
0.897427
0.125708
0.729831
0.420116
0.685898
0.760648
0.282195
0.438254
0.403191
0.922112
0.669745
0.487694
0.742315
0.871274
0.98729
0.654643
0.536541
0.158424
0.0773551
0.419231
0.0927295
0.112811
0.847989
0.7964
0.146364
0.886656
0.303597
0.0782875
0.254319
0.606035
0.472747
0.24195
0.908261
0.882838
0.0922555
0.0494741
0.014248
0.502873
0.578249
0.430966
0.23476
0.796126
0.441128
0.717672
0.326758
0.0563579
0.595714
0.786478
0.468911
0.718252
0.306868
0.705846
0.179481
0.200822
0.836807
0.631384
0.38833
0.583579
0.253439
0.728388
0.11601
0.423845
0.436883
0.749382
0.92646
0.0866073
0.949139
0.778888
0.693471
0.509901
0.903194
0.0748296
0.237643
0.02544
0.697943
0.113237
0.513051
0.40485
0.995221
0.348893
0.453314
0.919361
0.521279
0.51479
0.573671
0.490199
0.800767
0.258196
0.760981
0.430687
0.268176
0.487693
0.584077
0.982759
0.477659
0.732396
0.403127
0.461349
0.8516
0.703372
0.671961
0.750745
0.503821
0.803907
0.0265948
0.1417
0.444084
0.182735
0.860904
0.447186
0.905947
0.870177
0.486232
0.564101
0.966375
0.869101
0.574819
0.163539
0.0118757
0.874599
0.0334888
0.401598
0.203069
0.022335
0.0896238
0.180105
0.844558
0.0735818
0.970879
0.110948
0.389287
0.351117
0.734721
0.00745485
0.00562496
0.452228
0.0906354
0.358269
0.771723
0.528563
0.0172473
0.650282
0.772279
0.43185
0.831478
0.491018
0.809035
0.860923
0.627519
0.988324
0.228549
0.00905253
0.705886
0.694543
0.563467
0.984452
0.489386
0.854258
0.332927
0.895695
0.548579
0.46308
0.281986
0.427331
0.389619
0.444696
0.0332786
0.321689
0.551543
0.0276019
0.753294
0.082471
0.146267
0.739421
0.832583
0.554445
0.0956055
0.476509
0.890963
0.547495
0.0749884
0.471255
0.50395
0.843705
0.00957054
0.705876
0.346209
0.691961
0.412014
0.521409
0.874392
0.518642
0.966753
0.859602
0.656482
0.152806
0.488215
0.546281
0.0454469
0.330574
0.582829
0.289409
0.840086
0.367546
0.0782169
0.533539
0.10827
0.43656
0.241823
0.664303
0.689913
0.0959404
0.585084
0.230083
0.101977
0.152483
0.204294
0.921591
0.145653
0.0749868
0.0178971
0.26001
0.463486
0.436301
0.627157
0.334325
0.0883875
0.939036
0.133694
0.307278
0.083655
0.221544
0.895101
0.901328
0.98736
0.69982
0.115165
0.284304
0.155651
0.0595804
0.18097
0.70823
0.479411
0.930255
0.631999
0.323639
0.350197
0.658328
0.0990073
0.809945
0.447298
0.377034
0.707853
0.289515
0.103542
0.70497
0.577314
0.262956
0.653478
0.665776
0.212337
0.563398
0.507388
0.601317
0.26987
0.284102
0.294191
0.0196943
0.739019
0.47241
0.81162
0.270044
0.17431
0.0843097
0.767782
0.0811089
0.306901
0.90899
0.675045
0.667083
0.989727
0.621591
0.832913
0.125727
0.936159
0.74807
0.278927
0.502672
0.867516
0.744667
0.838832
0.511025
0.0372035
0.901647
0.555791
0.262247
0.164538
0.784859
0.71106
0.501172
0.977906
0.250749
0.581217
0.641142
0.0957764
0.670062
0.772174
0.166765
0.746804
0.391742
0.161052
0.615772
0.4578
0.0778271
0.0324177
0.514969
0.461977
0.776452
0.0744595
0.608524
0.773188
0.567126
0.901528
0.50049
0.289562
0.70177
0.190431
0.857897
0.752089
0.145992
0.0696891
0.0199478
0.602458
0.409391
0.393296
0.414832
0.301344
0.541638
0.45878
0.0896329
0.697555
0.667961
0.445021
0.452676
0.14148
0.98043
0.495626
0.0198661
0.511252
0.650781
0.69608
0.719923
0.919091
0.444813
0.576248
0.0846966
0.636547
0.527937
0.622287
0.348633
0.0175975
0.600561
0.718811
0.141757
0.533314
0.556471
0.11695
0.23439
0.0254125
0.939476
0.114259
0.728901
0.0753667
0.878026
0.936095
0.257913
0.888126
0.753658
0.445793
0.130121
0.0787545
0.0788426
0.740975
0.788099
0.790399
0.168905
0.147585
0.292614
0.147685
0.66386
0.808426
0.534073
0.0915099
0.734335
0.616729
0.590409
0.766413
0.263692
0.445486
0.23292
0.828949
0.59892
0.69349
0.797177
0.93314
0.765662
0.969227
0.768836
0.890887
0.151937
0.65819
0.559711
0.46563
0.550033
0.394121
0.400403
0.970102
0.276792
0.690787
0.573143
0.766654
0.361472
0.852236
0.114882
0.0106574
0.0736797
0.590216
0.89157
0.190512
0.933979
0.461582
0.962221
0.36981
0.678486
0.266909
0.29812
0.407272
0.443378
0.32373
0.0894752
0.302396
0.403147
0.212313
0.534622
0.686237
0.63951
0.0300407
0.552957
0.969188
0.110393
0.684082
0.863032
0.158572
0.0350746
0.873226
0.319874
0.633427
0.835424
0.984402
0.64929
0.401903
0.728853
0.696526
0.208073
0.392108
0.0954678
0.775435
0.00112137
0.547892
0.638142
0.471748
0.0962414
0.582013
0.926789
0.166388
0.619834
0.740921
0.23744
0.108382
0.972001
0.71555
0.340806
0.647362
0.643513
0.106699
0.978872
0.100214
0.153489
0.114851
0.853542
0.593575
0.882619
0.312861
0.832719
0.380117
0.435856
0.703611
0.56535
0.958746
0.0960248
0.659607
0.0591032
0.482466
0.199204
0.0601577
0.341754
0.752469
0.696695
0.255753
0.736924
0.814966
0.332651
0.98991
0.988257
0.738104
0.805249
0.70474
0.887215
0.963745
0.735294
0.372229
0.294694
0.691235
0.956246
0.326386
0.985549
0.58949
0.791338
0.537664
0.142431
0.121205
0.482473
0.765427
0.694169
0.0455503
0.346414
0.234255
0.39656
0.437776
0.133737
0.596842
0.371102
0.748161
0.17038
0.676001
0.00722944
0.661222
0.432089
0.00112076
0.543883
0.764724
0.191644
0.758544
0.250115
0.300748
0.262962
0.852104
0.676065
0.0482122
0.912395
0.959273
0.883497
0.894993
0.417624
0.896914
0.558757
0.0938018
0.142362
0.721949
0.864736
0.692634
0.644418
0.736842
0.586704
0.882938
0.438253
0.103926
0.719548
0.124975
0.346423
0.812217
0.159123
0.733242
0.840051
0.724076
0.0816094
0.356811
0.439293
0.855759
0.666317
0.681094
0.400671
0.967606
0.628401
0.132771
0.462068
0.474732
0.597168
0.34989
0.573833
0.563755
0.069641
0.519989
0.336518
0.22699
0.0272796
0.479119
0.509173
0.352321
0.730969
0.818234
0.0455981
0.536379
0.0296713
0.491762
0.83205
0.701112
0.997397
0.589605
0.198888
0.022966
0.519464
0.885452
0.635423
0.235013
0.888045
0.476526
0.142315
0.55057
0.312696
0.0798784
0.827304
0.503789
0.427884
0.865628
0.679629
0.860638
0.397938
0.943941
0.240474
0.161947
0.702308
0.322108
0.607862
0.742885
0.296057
0.907837
0.380799
0.0793204
0.697567
0.653568
0.320594
0.883104
0.365719
0.824736
0.448671
0.431765
0.34514
0.567662
0.0445997
0.435798
0.673902
0.621301
0.724054
0.78514
0.637924
0.804343
0.764933
0.190797
0.310299
0.577369
0.847578
0.853339
0.763163
0.117945
0.791575
0.75507
0.8827
0.461984
0.337746
0.616052
0.384727
0.412166
0.3947
0.404026
0.0656393
0.729388
0.749547
0.723492
0.737032
0.870441
0.0169664
0.738092
0.940854
0.966508
0.261327
0.162235
0.00410609
0.375845
0.780056
0.233726
0.533862
0.368714
0.971452
0.693587
0.0166565
0.634778
0.713452
0.262417
0.25567
0.31488
0.231779
0.211221
0.785668
0.0292818
0.424806
0.450249
0.10933
0.804074
0.430423
0.767834
0.700306
0.0657317
0.480782
0.528182
0.227602
0.0354042
0.772161
0.0723035
0.378501
0.803692
0.370361
0.296873
0.338272
0.0942875
0.204826
0.27636
0.835368
0.647108
0.986877
0.238879
0.609168
0.239755
0.918228
0.131201
0.625103
0.389191
0.700095
0.232935
0.616909
0.430016
0.119323
0.694244
0.0571423
0.0846802
0.240968
0.289209
0.0612524
0.247518
0.414151
0.763153
0.775225
0.0314399
0.247063
0.16039
0.266961
0.22048
0.912151
0.305467
0.854635
0.839038
0.364243
0.339946
0.0274729
0.212449
0.743243
0.920564
0.510917
0.900691
0.601592
0.801156
0.712479
0.104403
0.354064
0.329867
0.577255
0.947213
0.518183
0.979184
0.939797
0.716794
0.26256
0.464255
0.151215
0.243807
0.956415
0.35222
0.780616
0.0189692
0.595837
0.776042
0.609483
0.0136056
0.789468
0.788086
0.203637
0.0287971
0.219328
0.963812
0.253618
0.0180045
0.304211
0.197469
0.41112
0.863509
0.281356
0.747059
0.726764
0.0787023
0.52108
0.197184
0.231581
0.993979
0.274332
0.369487
0.679588
0.192556
0.0818482
0.759111
0.652605
0.580005
0.723278
0.422736
0.107742
0.41173
0.66305
0.185883
0.697675
0.722438
0.117251
0.457565
0.587933
0.0792339
0.695789
0.0304778
0.433445
0.7341
0.892943
0.114954
0.84507
0.278623
0.0739165
0.419437
0.149033
0.408235
0.85256
0.724287
0.309963
0.150173
0.0891339
0.824615
0.370297
0.552723
0.182342
0.608284
0.398293
0.341312
0.842572
0.313513
0.215746
0.0373482
0.0386536
0.593195
0.751684
0.621013
0.204443
0.885675
0.635517
0.533545
0.553817
0.887212
0.703028
0.515372
0.913386
0.744039
0.625473
0.460786
0.450424
0.260999
0.385211
0.403436
0.25824
0.256672
0.0136186
0.579922
0.237182
0.987414
0.883807
0.368898
0.247529
0.104885
0.403806
0.416952
0.865908
0.742409
0.861784
0.588075
0.994771
0.300562
0.710781
0.498991
0.625566
0.705378
0.837114
0.440213
0.492927
0.86754
0.270226
0.27338
0.87256
0.907838
0.997244
0.778356
0.904539
0.554004
0.0361468
0.556941
0.00610001
0.126019
0.114793
0.667546
0.833849
0.987468
0.429814
0.590005
0.108401
0.79494
0.22968
0.754638
0.232381
0.472397
0.943166
0.993392
0.0914489
0.756469
0.116436
0.960145
0.108032
0.238885
0.799644
0.659991
0.785158
0.304941
0.580658
0.254554
0.423173
0.793962
0.646272
0.424663
0.0235316
0.19917
0.909617
0.970056
0.513196
0.88189
0.606072
0.681524
0.559453
0.349329
0.368982
0.320826
0.48006
0.171067
0.534397
0.0330807
0.723546
0.371942
0.326309
0.156125
0.585015
0.892832
0.705321
0.488065
0.800516
0.2742
0.601258
0.668848
0.216787
0.799031
0.396414
0.425026
0.632094
0.841842
0.474909
0.922129
0.98135
0.788014
0.61625
0.666974
0.924817
0.97784
0.697245
0.993467
0.0576583
0.825385
0.628128
0.185279
0.527514
0.0154225
0.585294
0.530577
0.733833
0.048509
0.492417
0.749938
0.0978233
0.336916
0.494722
0.0456074
0.73201
0.137173
0.783493
0.576781
0.658387
0.790266
0.847923
0.423525
0.615902
0.686227
0.0417656
0.53658
0.33454
0.833391
0.251003
0.333787
0.991163
0.85689
0.966844
0.945919
0.76803
0.3065
0.963935
0.854997
0.341018
0.688434
0.706283
0.456562
0.31442
0.279221
0.523467
0.206088
0.579587
0.904151
0.498662
0.564949
0.312767
0.766734
0.734531
0.386013
0.358049
0.0587552
0.488362
0.224019
0.779348
0.0955168
0.293045
0.570638
0.159818
0.0266623
0.825778
0.170599
0.600692
0.525625
0.272476
0.250843
0.945856
0.844094
0.00683134
0.769226
0.116019
0.948349
0.862221
0.144684
0.919772
0.869255
0.590832
0.470203
0.0167826
0.739354
0.583133
0.177486
0.173146
0.964572
0.455502
0.446093
0.346954
0.621999
0.014888
0.901314
0.4498
0.281464
0.364726
0.796701
0.796718
0.173042
0.503734
0.762377
0.631079
0.0589157
0.770188
0.630175
0.325883
0.0567637
0.838304
0.420955
0.292671
0.721426
0.648433
0.603972
0.802085
0.112003
0.27465
0.646165
0.789342
0.594578
0.459327
0.683708
0.339092
0.356514
0.587005
0.860798
0.581384
0.530518
0.153986
0.160344
0.556695
0.584078
0.468252
0.160145
0.767293
0.420488
0.34458
0.273318
0.638271
0.692516
0.438057
0.934848
0.591553
0.103777
0.101479
0.698366
0.225411
0.289981
0.365182
0.0267881
0.600967
0.852374
0.845738
0.3822
0.580229
0.0103865
0.741719
0.40664
0.795636
0.454986
0.835319
0.284764
0.551172
0.973338
0.00549638
0.153708
0.239598
0.0809124
0.593998
0.846958
0.846264
0.849102
0.250716
0.898374
0.977393
0.856147
0.514388
0.46141
0.992642
0.112676
0.879163
0.902813
0.553988
0.0554762
0.550599
0.397713
0.475282
0.634073
0.963281
0.569186
0.00491534
0.543238
0.68314
0.18
0.939748
0.81184
0.380026
0.414038
0.686366
0.734483
0.867928
0.407194
0.900133
0.0998783
0.983746
0.91834
0.518505
0.0462613
0.741358
0.673221
0.0134004
0.172689
0.740536
0.0999795
0.116342
0.55207
0.999915
0.26972
0.675629
0.814807
0.961434
0.794527
0.655138
0.901695
0.508632
0.850781
0.932553
0.559813
0.106557
0.792735
0.168059
0.23015
0.176157
0.0618072
0.388887
0.541991
0.588451
0.180559
0.187453
0.795434
0.161936
0.990523
0.178508
0.664137
0.91752
0.84698
0.992833
0.0356013
0.454585
0.68893
0.152201
0.956519
0.694018
0.843778
0.746694
0.462333
0.715884
0.440397
0.497767
0.0227191
0.621513
0.260628
0.1603
0.0923729
0.958151
0.547886
0.232121
0.716275
0.956037
0.488518
0.453167
0.118433
0.72356
0.333621
0.775917
0.940231
0.0299815
0.0368383
0.489839
0.79635
0.13664
0.814035
0.906082
0.789354
0.373448
0.872511
0.994723
0.832879
0.05764
0.272887
0.883284
0.933426
0.759044
0.831452
0.580308
0.443316
0.219212
0.670351
0.976451
0.711006
0.623144
0.768369
0.761097
0.319886
0.486567
0.659317
0.69262
0.800351
0.205779
0.908486
0.151974
0.753335
0.308543
0.206743
0.813419
0.899691
0.348056
0.948307
0.0372387
0.783544
0.64491
0.605174
0.730463
0.302666
0.00125284
0.268061
0.692217
0.0145516
0.371009
0.836674
0.220737
0.675547
0.935549
0.519382
0.603444
0.730584
0.531821
0.295363
0.933707
0.340459
0.0153044
0.713178
0.777632
0.707928
0.274058
0.571293
0.960982
0.512726
0.906267
0.672766
0.781067
0.712113
0.372379
0.180915
0.461671
0.155501
0.722508
0.212044
0.206403
0.130758
0.145473
0.23309
0.0156672
0.72527
0.379456
0.175988
0.83389
0.647068
0.37684
0.00628432
0.201545
0.29777
0.652396
0.265538
0.928595
0.389264
0.0320783
0.540169
0.986813
0.529545
0.165673
0.140999
0.242838
0.421575
0.781779
0.393117
0.62124
0.50563
0.527713
0.822416
0.688467
0.69692
0.069579
0.468968
0.742436
0.0913087
0.122714
0.120606
0.611223
0.152698
0.0444664
0.523676
0.874576
0.512846
0.292291
0.308942
0.154086
0.27105
0.0490765
0.924742
0.324485
0.426349
0.971084
0.268715
0.14793
0.27471
0.628771
0.958109
0.49884
0.212824
0.994075
0.378401
0.215384
0.980979
0.72352
0.325465
0.332163
0.363605
0.810953
0.2145
0.0183692
0.384558
0.800773
0.0505347
0.620216
0.880981
0.401443
0.0270496
0.811113
0.354638
0.274888
0.587248
0.618558
0.110566
0.662256
0.318412
0.770457
0.234866
0.518476
0.746496
0.359792
0.929709
0.737787
0.257298
0.999946
0.481422
0.472793
0.533734
0.310358
0.925252
0.620904
0.97771
0.40453
0.418496
0.646911
0.386628
0.4903
0.836621
0.720509
0.512842
0.66444
0.0683891
0.907446
0.0926622
0.639067
0.00280426
0.902051
0.249637
0.401732
0.971631
0.35615
0.632918
0.435628
0.770928
0.728694
0.673377
0.592553
0.591793
0.143486
0.961282
0.0922956
0.996415
0.634623
0.783655
0.129537
0.403556
0.427899
0.0613585
0.453039
0.589188
0.836099
0.146929
0.490099
0.133138
0.0294109
0.526525
0.871505
0.0335434
0.715579
0.960712
0.0693695
0.313166
0.967928
0.862103
0.106799
0.682942
0.176981
0.374399
0.584708
0.809903
0.756852
0.134281
0.323873
0.796648
0.915907
0.273823
0.283605
0.405959
0.827686
0.720669
0.968766
0.0504492
0.00992571
0.623605
0.419589
0.924137
0.369922
0.742953
0.46065
0.15219
0.634807
0.742951
0.484037
0.216928
0.127124
0.972884
0.734515
0.932829
0.913986
0.222941
0.127223
0.826214
0.0426533
0.991316
0.555351
0.805303
0.655268
0.444339
0.80569
0.495893
0.0107605
0.131556
0.703563
0.0596638
0.654106
0.203533
0.788686
0.112076
0.510808
0.222734
0.592125
0.504411
0.631994
0.347268
0.539945
0.154535
0.500752
0.29943
0.46853
0.561076
0.0543346
0.359988
0.472207
0.64374
0.58285
0.237814
0.588139
0.813789
0.530736
0.0887574
0.730383
0.803661
0.951164
0.746012
0.960541
0.839811
0.291267
0.835338
0.358495
0.9357
0.121916
0.561009
0.270245
0.934816
0.5685
0.18844
0.0962404
0.312477
0.126998
0.415467
0.0119648
0.957661
0.603571
0.620048
0.287137
0.351142
0.616909
0.366563
0.269796
0.652743
0.813223
0.379937
0.351503
0.190979
0.122529
0.515785
0.357973
0.504688
0.464943
0.647093
0.844043
0.59878
0.458003
0.734408
0.427075
0.398728
0.95564
0.523978
0.483396
0.95283
0.462514
0.612287
0.948698
0.972872
0.248169
0.493127
0.738212
0.653544
0.670566
0.204192
0.972804
0.991614
0.907731
0.826492
0.798651
0.941799
0.867766
0.280208
0.757674
0.184793
0.894973
0.70068
0.39728
0.827494
0.0977131
0.108998
0.503181
0.207843
0.828794
0.973948
0.791491
0.913345
0.859346
0.333876
0.250367
0.68947
0.087391
0.950767
0.934732
0.928426
0.199394
0.549738
0.0507203
0.0957588
0.0232692
0.611456
0.071398
0.485232
0.162556
0.944551
0.0615244
0.0616312
0.0927325
0.450355
0.0980233
0.962107
0.411898
0.560993
0.997295
0.845311
0.52211
0.293706
0.542671
0.794222
0.068499
0.410181
0.687787
0.532929
0.235595
0.252935
0.441006
0.485812
0.260748
0.0185449
0.0460373
0.736358
0.722052
0.879269
0.0762019
0.0415328
0.429519
0.964425
0.73935
0.292711
0.651585
0.004965
0.578107
0.747953
0.0355905
0.787585
0.924059
0.586086
0.49025
0.163423
0.594343
0.160979
0.296106
0.550195
0.350014
0.269737
0.184726
0.0812176
0.551152
0.159602
0.917705
0.388896
0.29335
0.0805786
0.316581
0.0728328
0.845212
0.773201
0.116146
0.0600115
0.69846
0.737808
0.0881621
0.745702
0.248294
0.85201
0.140906
0.0147222
0.399284
0.10216
0.221224
0.517258
0.167541
0.992619
0.954575
0.502503
0.25306
0.818087
0.503277
0.564335
0.48448
0.827864
0.75479
0.848323
0.770085
0.182927
0.273036
0.872118
0.274122
0.671012
0.376048
0.334419
0.440383
0.92949
0.192321
0.564204
0.75975
0.603036
0.979566
0.614409
0.100479
0.560523
0.29618
0.472031
0.605722
0.834704
0.708119
0.928378
0.728986
0.296315
0.690162
0.512095
0.0102188
0.935076
0.535094
0.864082
0.775228
0.298247
0.915752
0.649411
0.185588
0.549237
0.0207497
0.165618
0.727414
0.790288
0.0333935
0.208492
0.631849
0.547255
0.611653
0.361744
0.786238
0.508201
0.274772
0.264204
0.0168212
0.210235
0.757055
0.197653
0.48557
0.805744
0.637271
0.990797
0.326866
0.873953
0.630431
0.0793195
0.423491
0.861589
0.770693
0.352398
0.93729
0.672206
0.728334
0.297965
0.958987
0.0870713
0.962083
0.312484
0.649146
0.659227
0.166315
0.185148
0.590128
0.951555
0.581663
0.318771
0.842164
0.330876
0.715782
0.179786
0.269858
0.574555
0.598064
0.347008
0.283811
0.555539
0.469417
0.621758
0.97478
0.0856264
0.740164
0.813663
0.473297
0.944959
0.587476
0.784366
0.106972
0.206299
0.648246
0.145719
0.589254
0.729968
0.330447
0.151478
0.0163253
0.948885
0.185973
0.821786
0.111436
0.712728
0.489614
0.355806
0.982512
0.232216
0.987912
0.00351803
0.189629
0.0830563
0.204314
0.439463
0.723843
0.525099
0.962071
0.109437
0.892553
0.515394
0.435105
0.207954
0.879151
0.987211
0.886372
0.842116
0.354456
0.944919
0.677865
0.858441
0.242419
0.0664772
0.231384
0.864985
0.18116
0.0018713
0.677877
0.119001
0.702813
0.127213
0.959008
0.526545
0.706847
0.0610481
0.0180026
0.382834
0.370838
0.0299532
0.966949
0.845771
0.179372
0.703867
0.500892
0.35064
0.36498
0.781567
0.168867
0.41986
0.629859
0.500551
0.39564
0.270549
0.0961993
0.653085
0.271088
0.955893
0.44119
0.737308
0.905919
0.0737889
0.728921
0.133281
0.0563928
0.910033
0.534205
0.305818
0.408061
0.204465
0.391776
0.00539466
0.667592
0.975065
0.283841
0.309466
0.84362
0.556691
0.329824
0.804248
0.420549
0.769908
0.252079
0.962056
0.721075
0.0842113
0.118725
0.355437
0.610554
0.912669
0.289988
0.0358987
0.298128
0.282584
0.270619
0.0546718
0.836915
0.273352
0.43468
0.314919
0.732482
0.0398425
0.0434421
0.665837
0.0122354
0.776359
0.493654
0.414311
0.375688
0.678166
0.214724
0.147037
0.410344
0.337042
0.149237
0.202394
0.528789
0.195973
0.169546
0.973325
0.883613
0.388787
0.790622
0.422244
0.772558
0.803151
0.534516
0.600078
0.5756
0.664091
0.326221
0.498421
0.349577
0.37221
0.163999
0.225192
0.075825
0.243039
0.197894
0.175259
0.860752
0.223095
0.538097
0.19319
0.966311
0.132086
0.103651
0.723911
0.268845
0.642233
0.583708
0.750518
0.0982711
0.650159
0.439611
0.274847
0.0661529
0.517763
0.416795
0.341138
0.536212
0.441888
0.168155
0.000553299
0.779626
0.939544
0.626126
0.679762
0.310338
0.99094
0.253378
0.820019
0.751899
0.607722
0.416741
0.99171
0.726782
0.814399
0.936549
0.288114
0.554575
0.490618
0.901093
0.992931
0.109758
0.304968
0.960942
0.968526
0.311893
0.336096
0.367767
0.696995
0.395824
0.888232
0.711863
0.0601054
0.0899648
0.358687
0.313092
0.845583
0.88387
0.0316715
0.231031
0.637875
0.243372
0.994884
0.0876212
0.584387
0.522548
0.274295
0.755617
0.482877
0.0267636
0.153142
0.675418
0.150002
0.373394
0.51695
0.949093
0.727279
0.73275
0.243561
0.253802
0.445381
0.571594
0.685946
0.638664
0.256144
0.000214201
0.376033
0.266234
0.0943819
0.637604
0.547903
0.285021
0.323988
0.0116028
0.247075
0.904314
0.97147
0.194778
0.221701
0.650108
0.891202
0.354486
0.455708
0.22101
0.869106
0.913114
0.797898
0.880245
0.0143345
0.0434109
0.539811
0.504665
0.0499257
0.136407
0.849755
0.740142
0.217815
0.951448
0.898124
0.186932
0.298313
0.501272
0.298825
0.696687
0.0533613
0.83569
0.907035
0.0393498
0.90196
0.123312
0.0832018
0.771069
0.17714
0.417218
0.968545
0.278564
0.196205
0.330383
0.43574
0.0869487
0.0104681
0.00658687
0.85037
0.832824
0.826578
0.599133
0.799576
0.880763
0.85755
0.14401
0.680294
0.872801
0.120356
0.584863
0.550742
0.262546
0.479732
0.23576
0.752484
0.549646
0.137106
0.142948
0.728571
0.622012
0.611428
0.123926
0.00151624
0.959511
0.436425
0.982194
0.230796
0.0956249
0.458165
0.968473
0.23986
0.490678
0.191937
0.690014
0.546691
0.105647
0.499014
0.795451
0.725681
0.530927
0.313828
0.986394
0.076883
0.436388
0.165194
0.0709116
0.559112
0.204527
0.76677
0.325382
0.655147
0.946289
0.428256
0.74292
0.682782
0.756927
0.170613
0.449596
0.10852
0.678114
0.711695
0.863052
0.417181
0.33316
0.308121
0.220383
0.452652
0.139164
0.353513
0.519571
0.147763
0.083943
0.535667
0.626718
0.742357
0.151466
0.814265
0.912538
0.997092
0.354666
0.497079
0.262077
0.296831
0.679096
0.245148
0.878966
0.158463
0.573569
0.251501
0.668446
0.812522
0.0798982
0.901651
0.8255
0.294741
0.238197
0.89352
0.79206
0.164628
0.68219
0.251864
0.894442
0.805356
0.793136
0.330919
0.322551
0.974976
0.280497
0.314122
0.119242
0.316277
0.842202
0.891888
0.156473
0.652855
0.65243
0.30161
0.694119
0.497247
0.545522
0.355322
0.0412973
0.241458
0.397279
0.288667
0.0844451
0.810056
0.553723
0.403404
0.264434
0.425854
0.779769
0.669276
0.99948
0.626615
0.639564
0.584983
0.945962
0.291958
0.789336
0.363135
0.781077
0.433931
0.596151
0.620368
0.252958
0.593598
0.207231
0.490986
0.350829
0.96629
0.967102
0.0178208
0.698422
0.746666
0.999944
0.00470901
0.253534
0.0493134
0.789065
0.688836
0.118432
0.507785
0.940749
0.613899
0.963069
0.945881
0.809673
0.694308
0.995217
0.0443428
0.836154
0.521754
0.234994
0.945523
0.581465
0.43737
0.670542
0.332552
0.0192952
0.12621
0.607261
0.254529
0.490053
0.900958
0.175118
0.940453
0.232417
0.102174
0.269529
0.627494
0.977092
0.844589
0.452461
0.853952
0.292545
0.237973
0.867411
0.0843442
0.738263
0.725375
0.0335657
0.345799
0.281855
0.824263
0.737747
0.887111
0.762107
0.950374
0.0699353
0.438742
0.435318
0.54386
0.774139
0.19877
0.0943577
0.869256
0.887148
0.366628
0.486189
0.394243
0.385234
0.537167
0.953116
0.140424
0.668444
0.00284393
0.0844673
0.744525
0.277565
0.994788
0.110436
0.051809
0.332631
0.0522612
0.175409
0.801701
0.17642
0.405423
0.295638
0.87578
0.627193
0.959001
0.144773
0.291136
0.100337
0.717853
0.580024
0.236858
0.00811746
0.148256
0.778322
0.180162
0.144963
0.128692
0.561995
0.699261
0.056573
0.821546
0.480423
0.391294
0.0669642
0.379761
0.433912
0.818316
0.297477
0.0679695
0.754606
0.302963
0.149896
0.592051
0.414572
0.993246
0.486201
0.199018
0.495102
0.730097
0.677256
0.933196
0.846227
0.819852
0.638483
0.982426
0.490676
0.756582
0.731012
0.628341
0.194246
0.580356
0.574635
0.180389
0.389855
0.801659
0.472837
0.770739
0.210389
0.751152
0.420161
0.00378878
0.57843
0.277372
0.0604272
0.830303
0.582369
0.0273761
0.656129
0.160658
0.904558
0.029535
0.905324
0.290204
0.593137
0.0546964
0.14655
0.621393
0.987914
0.716536
0.903957
0.474233
0.398951
0.157705
0.297902
0.151573
0.925133
0.0271838
0.216535
0.653609
0.242587
0.495993
0.431665
0.955535
0.150037
0.183901
0.525392
0.0532655
0.769842
0.71691
0.830857
0.143194
0.488401
0.38771
0.966083
0.13507
0.233333
0.729481
0.284879
0.13682
0.166422
0.477129
0.226735
0.11855
0.391173
0.396685
0.13207
0.63607
0.0262166
0.403462
0.632083
0.57926
0.106212
0.834901
0.607303
0.0924353
0.877522
0.730214
0.16587
0.902604
0.416732
0.323431
0.892709
0.0986527
0.430992
0.0432166
0.191082
0.70085
0.468335
0.184826
0.00242831
0.802647
0.0971925
0.324875
0.203556
0.0754001
0.700986
0.430872
0.989499
0.498952
0.0233604
0.220843
0.489436
0.0973547
0.22018
0.679981
0.859011
0.321784
0.795764
0.698933
0.355349
0.518803
0.685456
0.36866
0.40033
0.0852061
0.772573
0.739168
0.267399
0.418862
0.0705062
0.0647355
0.941655
0.665838
0.0998731
0.973043
0.295383
0.0584208
0.793674
0.127065
0.996002
0.647299
0.260179
0.188583
0.329183
0.174881
0.346919
0.0647252
0.395029
0.958663
0.814076
0.54198
0.656939
0.0795387
0.521572
0.422826
0.625827
0.118013
0.422624
0.230144
0.664662
0.438981
0.844341
0.18853
0.255987
0.115526
0.175689
0.437498
0.685698
0.084272
0.0611496
0.790819
0.69812
0.0147066
0.989504
0.410598
0.604752
0.234237
0.241294
0.330442
0.0241087
0.804843
0.0074055
0.603946
0.193663
0.833962
0.315553
0.718258
0.716679
0.21038
0.711092
0.758022
0.43534
0.786771
0.219228
0.122272
0.844273
0.589583
0.0661016
0.707464
0.939054
0.224995
0.668488
0.540419
0.482895
0.751046
0.0266414
0.636308
0.00395181
0.267777
0.541265
0.255604
0.650003
0.178243
0.693355
0.484991
0.622445
0.540265
0.676964
0.141014
0.374376
0.60106
0.0759631
0.820342
0.904851
0.619659
0.813667
0.281782
0.00114961
0.937955
0.720629
0.505762
0.910741
0.208386
0.462651
0.488676
0.216592
0.540437
0.697687
0.559326
0.787099
0.161152
0.136716
0.502269
0.794295
0.197435
0.538261
0.758591
0.14483
0.444324
0.506279
0.970721
0.649302
0.961447
0.655807
0.203865
0.839224
0.18369
0.366049
0.0125685
0.856053
0.45627
0.342997
0.85011
0.369673
0.317757
0.614538
0.65154
0.525798
0.559972
0.248118
0.786374
0.886969
0.881735
0.714596
0.0753082
0.136665
0.190206
0.306737
0.0273611
0.580199
0.212961
0.287623
0.122914
0.119066
0.0675159
0.659932
0.660829
0.0373452
0.16949
0.297717
0.289391
0.242832
0.67473
0.521205
0.337675
0.444804
0.602054
0.0612813
0.257912
0.190285
0.522893
0.657744
0.809041
0.216465
0.214549
0.620576
0.0734508
0.497899
0.097207
0.168663
0.192587
0.694067
0.648601
0.237962
0.93262
0.507784
0.114205
0.937755
0.63768
0.443006
0.534812
0.72252
0.173621
0.252654
0.818728
0.54774
0.42888
0.768834
0.310142
0.311109
0.803417
0.247354
0.633236
0.327212
0.278959
0.639916
0.531951
0.83559
0.115777
0.433072
0.900903
0.532661
0.832456
0.774517
0.465891
0.212991
0.642799
0.866318
0.947539
0.99136
0.152381
0.11256
0.736736
0.962044
0.620314
0.0195626
0.859666
0.57623
0.851486
0.507827
0.784649
0.0252409
0.0170849
0.876448
0.632685
0.46746
0.854327
0.0534402
0.51866
0.33233
0.0627945
0.0845078
0.134629
0.480276
0.0180057
0.702144
0.481981
0.409785
0.826199
0.347866
0.336428
0.407258
0.178367
0.914695
0.981774
0.656739
0.12284
0.677193
0.660528
0.635644
0.18692
0.448295
0.16908
0.860269
0.380834
0.892606
0.899939
0.152103
0.67072
0.708828
0.181036
0.0232
0.782741
0.76971
0.0971496
0.0609089
0.107724
0.240215
0.574928
0.0283699
0.427104
0.170262
0.562903
0.785812
0.0351848
0.468441
0.049223
0.179667
0.00285106
0.915413
0.886552
0.147457
0.267187
0.768325
0.155462
0.443375
0.226984
0.509428
0.0840529
0.981604
0.329064
0.525178
0.987542
0.675108
0.753793
0.185922
0.534164
0.302351
0.77933
0.233945
0.924119
0.807406
0.472468
0.882948
0.684462
0.510021
0.155051
0.662463
0.524693
0.0850849
0.585506
0.764827
0.201782
0.567196
0.833153
0.967082
0.459192
0.932869
0.298695
0.884413
0.576818
0.568021
0.344066
0.982666
0.890886
0.285192
0.939965
0.921299
0.924234
0.193162
0.861319
0.598545
0.669457
0.101421
0.989397
0.230316
0.345767
0.214385
0.34648
0.896384
0.466668
0.0921451
0.243113
0.536287
0.463607
0.22518
0.537257
0.0101397
0.695027
0.811238
0.0101865
0.295528
0.528674
0.549866
0.429789
0.0346923
0.336654
0.0756271
0.60722
0.0394231
0.430774
0.129048
0.530272
0.220816
0.172906
0.734915
0.526426
0.559912
0.00198529
0.528556
0.45457
0.612424
0.0980919
0.400954
0.108312
0.660295
0.0693763
0.253475
0.0625472
0.885161
0.426039
0.914546
0.593997
0.0781145
0.798274
0.866211
0.484987
0.123257
0.0975195
0.80478
0.527257
0.452451
0.85804
0.708585
0.207652
0.366467
0.582095
0.404455
0.854202
0.671742
0.199085
0.697847
0.529255
0.877481
0.247016
0.332755
0.749451
0.263509
0.788462
0.224099
0.122099
0.387854
0.00258754
0.713055
0.702412
0.130084
0.353761
0.148846
0.134802
0.0802341
0.774459
0.262435
0.444026
0.0982225
0.142052
0.2319
0.135067
0.354875
0.729721
0.688479
0.371701
0.0413812
0.574289
0.0730217
0.187929
0.355406
0.994143
0.751149
0.319964
0.998029
0.371591
0.737816
0.303322
0.0242924
0.218354
0.277742
0.232936
0.795013
0.391775
0.446633
0.673906
0.240974
0.621946
0.258163
0.656334
0.151286
0.50278
0.0869806
0.5311
0.53405
0.935432
0.0245195
0.959813
0.802947
0.714103
0.862987
0.685754
0.28062
0.410467
0.312243
0.169976
0.326904
0.26315
0.574413
0.806782
0.221652
0.787488
0.451985
0.398801
0.585565
0.726568
0.889386
0.671017
0.480593
0.401232
0.429105
0.7579
0.40332
0.316532
0.494707
0.88329
0.652669
0.482997
0.945852
0.471161
0.4353
0.975121
0.643096
0.741776
0.0720342
0.375164
0.880713
0.285857
0.469504
0.976947
0.713814
0.112742
0.937839
0.968547
0.0265715
0.971943
0.775739
0.377245
0.178128
0.534358
0.602992
0.325011
0.859471
0.887421
0.617882
0.319195
0.245568
0.828535
0.637598
0.607768
0.749054
0.42013
0.387987
0.612475
0.500563
0.55675
0.239455
0.853338
0.916368
0.797464
0.379463
0.48878
0.794673
0.244588
0.12334
0.810656
0.665598
0.212765
0.990339
0.375298
0.0534269
0.470232
0.734042
0.670096
0.742326
0.521878
0.459694
0.335129
0.333949
0.433209
0.586127
0.243942
0.783373
0.362888
0.680002
0.0619955
0.942987
0.574646
0.302832
0.449273
0.568418
0.563796
0.8192
0.576843
0.707772
0.502194
0.282958
0.621466
0.728534
0.648632
0.344207
0.00690368
0.535842
0.192484
0.124781
0.77357
0.392305
0.354718
0.185436
0.334818
0.143705
0.857972
0.747174
0.831844
0.997057
0.599024
0.0457004
0.153133
0.618881
0.916578
0.204728
0.0523169
0.246913
0.270393
0.965445
0.486152
0.0765079
0.415667
0.303116
0.737951
0.568922
0.510971
0.531656
0.384843
0.849174
0.201134
0.409872
0.254357
0.540205
0.772209
0.263559
0.303321
0.916779
0.334854
0.537229
0.889199
0.462265
0.215146
0.371285
0.523174
0.76727
0.17958
0.805953
0.0749138
0.686225
0.901629
0.167008
0.978307
0.409484
0.28655
0.756917
0.450725
0.606204
0.125362
0.462549
0.981194
0.99995
0.698159
0.642383
0.728746
0.390926
0.847494
0.00551734
0.403196
0.626917
0.151043
0.225217
0.534036
0.816778
0.894908
0.820137
0.086865
0.934053
0.683076
0.844264
0.217389
0.2172
0.898119
0.358963
0.2304
0.508924
0.282812
0.408805
0.159221
0.368504
0.832091
0.954848
0.953245
0.35812
0.501644
0.746496
0.377043
0.575081
0.852402
0.292435
0.359488
0.354296
0.527405
0.775531
0.178768
0.543146
0.678424
0.364251
0.312502
0.960061
0.653767
0.147518
0.0434959
0.854683
0.955717
0.556172
0.511447
0.758907
0.124784
0.303935
0.885082
0.514352
0.167796
0.195918
0.389043
0.134544
0.936162
0.956509
0.244958
0.314852
0.985509
0.257565
0.845316
0.660569
0.0320916
0.169009
0.621506
0.211916
0.617602
0.481575
0.427379
0.191535
0.132699
0.72352
0.696642
0.902659
0.149787
0.0357646
0.968214
0.177379
0.680835
0.952601
0.801457
0.778683
0.362765
0.510863
0.194615
0.377871
0.217048
0.265671
0.858333
0.0780545
0.249826
0.376068
0.439877
0.513892
0.659803
0.242285
0.139341
0.0294988
0.273869
0.587474
0.745058
0.0610458
0.0993736
0.377069
0.0333545
0.392992
0.333545
0.462655
0.553655
0.7001
0.185012
0.899515
0.484416
0.901538
0.440997
0.995118
0.453196
0.175084
0.249691
0.117621
0.233058
0.249143
0.0531582
0.800693
0.486512
0.793952
0.791077
0.366069
0.696667
0.806842
0.407724
0.713987
0.816551
0.837727
0.48305
0.909747
0.704236
0.74323
0.48175
0.962997
0.97379
0.852992
0.979451
0.934136
0.219593
0.512642
0.555338
0.785543
0.609669
0.728262
0.100716
0.451807
0.230883
0.380233
0.597007
0.594196
0.24657
0.720145
0.329218
0.36779
0.246916
0.541537
0.524574
0.046826
0.283679
0.520661
0.541538
0.306226
0.77625
0.569701
0.796579
0.662059
0.0846276
0.685696
0.80692
0.453939
0.690435
0.934446
0.795674
0.965889
0.141369
0.597392
0.596142
0.608095
0.651899
0.211802
0.771359
0.0328836
0.212693
0.112781
0.348712
0.0509965
0.522667
0.182212
0.336159
0.174813
0.779961
0.757105
0.974826
0.646489
0.263806
0.0758505
0.641258
0.371617
0.99451
0.460785
0.513368
0.669007
0.211339
0.410545
0.597961
0.685422
0.759723
0.0246428
0.709292
0.144277
0.277631
0.61387
0.955235
0.211054
0.584662
0.21762
0.0779132
0.75461
0.594753
0.153735
0.375239
0.928342
0.206213
0.064488
0.176167
0.858783
0.719568
0.984187
0.809172
0.896486
0.536693
0.748957
0.657143
0.880099
0.531511
0.83862
0.786943
0.815708
0.961545
0.136439
0.0108182
0.740643
0.580758
0.207532
0.888088
0.7596
0.616172
0.00793149
0.42277
0.782132
0.787175
0.36441
0.103884
0.663744
0.0893586
0.88083
0.722545
0.750467
0.911651
0.0700724
0.686162
0.0038885
0.773837
0.76921
0.946857
0.253416
0.065042
0.0558728
0.659141
0.18289
0.359173
0.317183
0.283825
0.935648
0.47718
0.323564
0.196169
0.428883
0.707922
0.922033
0.442778
0.546807
0.566176
0.952703
0.646056
0.191479
0.685946
0.826234
0.402876
0.0793062
0.0330451
0.99212
0.523922
0.464097
0.153462
0.70047
0.742399
0.988237
0.711368
0.977507
0.540492
0.413291
0.291307
0.622047
0.306858
0.516171
0.99773
0.389162
0.857275
0.377811
0.758993
0.0806083
0.579139
0.0749481
0.3761
0.62168
0.587203
0.350499
0.493132
0.518132
0.506429
0.867084
0.947751
0.241478
0.993047
0.863065
0.0157552
0.370091
0.0215961
0.857485
0.623982
0.49978
0.376564
0.430315
0.556549
0.722831
0.774836
0.273939
0.609417
0.098269
0.0922734
0.117741
0.341136
0.433995
0.937886
0.893186
0.233184
0.620614
0.96349
0.018002
0.777156
0.109725
0.367513
0.383875
0.98159
0.380259
0.383968
0.0142472
0.280407
0.00174829
0.589026
0.743242
0.128263
0.489126
0.70667
0.350306
0.492629
0.109562
0.390416
0.646428
0.765389
0.361615
0.952837
0.929163
0.351551
0.768753
0.0627689
0.111765
0.256816
0.0286012
0.206145
0.805658
0.132992
0.831939
0.00155692
0.770553
0.166424
0.933387
0.839748
0.632043
0.698282
0.665408
0.993027
0.0332452
0.35936
0.915813
0.0741648
0.66691
0.405495
0.790121
0.964944
0.668318
0.139051
0.380926
0.0236174
0.880012
0.0279749
0.558617
0.606513
0.3603
0.272528
0.393754
0.190698
0.759263
0.675761
0.13271
0.33259
0.172281
0.946233
0.221175
0.309179
0.0758451
0.258818
0.904799
0.227717
0.259143
0.318118
0.436064
0.24564
0.0792392
0.980377
0.063307
0.981838
0.839988
0.309436
0.633522
0.119518
0.663307
0.839607
0.873998
0.427337
0.268573
0.822324
0.661428
0.426679
0.259486
0.998523
0.603675
0.633996
0.669008
0.134687
0.647172
0.0653869
0.35723
0.883189
0.962477
0.627824
0.917863
0.160802
0.0150397
0.322512
0.991373
0.257592
0.619252
0.360455
0.498564
0.886636
0.20237
0.81878
0.99234
0.197119
0.403098
0.22976
0.132731
0.349915
0.798344
0.284601
0.578672
0.731387
0.345132
0.174965
0.0279009
0.587205
0.0803764
0.917668
0.158434
0.959577
0.00713371
0.826871
0.769945
0.885156
0.252199
0.881445
0.938011
0.0436573
0.45527
0.203382
0.578731
0.0341786
0.600116
0.862611
0.611319
0.23447
0.920692
0.49421
0.901289
0.80452
0.252557
0.635089
0.110229
0.472044
0.188429
0.272272
0.0935817
0.0470613
0.756894
0.755672
0.0797121
0.272171
0.623495
0.611282
0.76854
0.445743
0.231474
0.852566
0.734528
0.798871
0.773168
0.237892
0.00919248
0.821305
0.0096004
0.367663
0.939936
0.766416
0.798242
0.732581
0.871526
0.00286045
0.287613
0.604413
0.3108
0.367221
0.0773239
0.981851
0.770042
0.14696
0.194902
0.688839
0.166212
0.650358
0.938138
0.979678
0.478938
0.400167
0.607374
0.177376
0.667709
0.795867
0.525804
0.66353
0.114722
0.607313
0.806225
0.676993
0.137863
0.365252
0.699883
0.228107
0.346454
0.404949
0.58425
0.423798
0.553719
0.164589
0.643833
0.621081
0.107962
0.500613
0.966052
0.75413
0.784825
0.588605
0.209995
0.0767307
0.281439
0.362659
0.0319248
0.380627
0.539128
0.573777
0.915229
0.236356
0.288548
0.301654
0.808891
0.0284462
0.808855
0.215155
0.945923
0.960541
0.72413
0.441901
0.748791
0.658227
0.569014
0.247845
0.779761
0.257267
0.913777
0.430489
0.0786829
0.50007
0.826546
0.228209
0.504118
0.0701731
0.297723
0.448335
0.661282
0.630681
0.0146628
0.892994
0.776044
0.941583
0.870763
0.551225
0.419567
0.90435
0.0316174
0.0304587
0.346185
0.51551
0.325549
0.0577723
0.329578
0.293086
0.730673
0.247017
0.89742
0.858358
0.0357425
0.443332
0.918231
0.239221
0.279193
0.876471
0.605213
0.886874
0.0327811
0.479876
0.691982
0.376862
0.69138
0.458665
0.747839
0.177939
0.542382
0.508101
0.785749
0.713394
0.73319
0.714362
0.657611
0.0343446
0.145141
0.963104
0.474577
0.179689
0.664681
0.435698
0.150307
0.459753
0.64335
0.122289
0.240821
0.382589
0.326005
0.179888
0.341694
0.527252
0.81736
0.733002
0.306174
0.1758
0.620423
0.371379
0.653518
0.323257
0.776024
0.576696
0.470692
0.661659
0.643725
0.930825
0.331782
0.758799
0.910234
0.266048
0.493558
0.586406
0.943684
0.277889
0.77515
0.433008
0.294883
0.00115726
0.801703
0.00814431
0.986303
0.844954
0.993544
0.114642
0.07753
0.405647
0.626665
0.154626
0.00750237
0.671012
0.787412
0.406806
0.154629
0.394825
0.504646
0.591645
0.552609
0.958677
0.289288
0.35519
0.707655
0.661764
0.262746
0.749844
0.309766
0.621619
0.30661
0.310054
0.43657
0.859688
0.916101
0.520783
0.931932
0.99796
0.833946
0.660093
0.098387
0.477002
0.0110585
0.73968
0.0853861
0.229539
0.289904
0.281581
0.229359
0.831892
0.808475
0.880891
0.0717384
0.40783
0.37363
0.495465
0.909531
0.180656
0.523919
0.840356
0.133651
0.573857
0.22894
0.0489296
0.268131
0.289713
0.733746
0.654891
0.594557
0.859908
0.887099
0.832502
0.503014
0.355831
0.199669
0.491067
0.411312
0.83117
0.509089
0.877247
0.364053
0.39235
0.703291
0.527739
0.38579
0.978298
0.725807
0.524891
0.504582
0.932223
0.464732
0.0129837
0.856162
0.173071
0.685528
0.991742
0.778959
0.314128
0.70181
0.488303
0.108533
0.386837
0.0851136
0.0696786
0.829226
0.161739
0.80837
0.713446
0.14121
0.15727
0.387909
0.335983
0.00452494
0.360385
0.27493
0.286458
0.176319
0.288701
0.37154
0.947153
0.979894
0.195216
0.253999
0.209618
0.760424
0.847075
0.699861
0.660257
0.468398
0.501409
0.570394
0.011826
0.346965
0.886014
0.131587
0.0696739
0.889449
0.859429
0.087622
0.150218
0.389974
0.816246
0.763341
0.194835
0.922155
0.13506
0.0114376
0.167861
0.647689
0.801256
0.343079
0.0868532
0.82684
0.302177
0.523716
0.388152
0.522596
0.520668
0.0977219
0.473467
0.385
0.911975
0.827404
0.0915976
0.00862073
0.824708
0.182659
0.0978285
0.0211819
0.806854
0.184437
0.100386
0.489097
0.681298
0.192572
0.687233
0.919141
0.273568
0.0516228
0.898083
0.224667
0.734949
0.127214
0.428682
0.44604
0.439101
0.567501
0.893045
0.520527
0.2691
0.382277
0.791331
0.521031
0.119851
0.703749
0.353451
0.170389
0.40388
0.279037
0.599819
0.0543948
0.216337
0.449406
0.260465
0.153812
0.0436166
0.336033
0.541974
0.835189
0.697239
0.0345535
0.477238
0.00776444
0.040189
0.455789
0.800796
0.0560668
0.633692
0.137286
0.0994071
0.204977
0.385313
0.858051
0.612954
0.797426
0.535566
0.138186
0.896272
0.902416
0.500234
0.19721
0.872426
0.392674
0.240655
0.748825
0.817244
0.553186
0.537576
0.432625
0.00549975
0.918447
0.0392869
0.622037
0.516375
0.392933
0.705524
0.511665
0.677575
0.766198
0.167953
0.00022512
0.346855
0.326601
0.743796
0.100482
0.285232
0.329447
0.928098
0.10445
0.761061
0.854423
0.751637
0.645719
0.707458
0.645927
0.119169
0.0342669
0.434122
0.977529
0.906173
0.0161639
0.589993
0.334216
0.213289
0.465241
0.432064
0.455864
0.24697
0.00656478
0.318507
0.614548
0.441004
0.694705
0.529391
0.279177
0.354164
0.00126165
0.0999318
0.769103
0.077167
0.301201
0.608115
0.221685
0.933873
0.390315
0.32477
0.182689
0.123131
0.365631
0.786406
0.0595758
0.0149837
0.779365
0.171885
0.326943
0.791979
0.378785
0.417702
0.174571
0.936579
0.796238
0.26582
0.796697
0.800218
0.363829
0.168133
0.0635673
0.729093
0.107675
0.962082
0.485631
0.91037
0.968665
0.399365
0.0344756
0.963484
0.589829
0.411185
0.0517354
0.273789
0.859836
0.653434
0.241018
0.698163
0.895085
0.943746
0.103021
0.397422
0.300185
0.453635
0.206529
0.652256
0.0484562
0.429813
0.167597
0.675007
0.256492
0.014682
0.863638
0.993432
0.927362
0.0112648
0.0520944
0.547607
0.94318
0.183823
0.243732
0.954327
0.827614
0.769066
0.340775
0.976099
0.226834
0.769884
0.462977
0.171748
0.252148
0.6954
0.353838
0.484084
0.905785
0.995451
0.894746
0.220344
0.328971
0.151227
0.72372
0.971239
0.441652
0.806232
0.947001
0.601257
0.8925
0.101634
0.752427
0.0762401
0.314161
0.256826
0.0120973
0.34041
0.4493
0.557899
0.200812
0.261988
0.0687438
0.641608
0.38001
0.239519
0.0991791
0.918841
0.804776
0.500662
0.112298
0.246382
0.0717125
0.755493
0.61652
0.434103
0.376143
0.825111
0.754359
0.747163
0.885323
0.0358807
0.546331
0.149111
0.186905
0.332416
0.818518
0.906735
0.654837
0.399346
0.025734
0.218561
0.344093
0.556994
0.0231467
0.708294
0.473709
0.940865
0.953741
0.547309
0.209937
0.690083
0.480873
0.891349
0.904726
0.603027
0.147835
0.581915
0.682047
0.139087
0.985453
0.658245
0.795564
0.426031
0.0696024
0.19869
0.686491
0.765415
0.122181
0.51192
0.161926
0.24738
0.696389
0.865146
0.408523
0.682353
0.394055
0.831578
0.348577
0.272107
0.0665041
0.600464
0.62542
0.615684
0.0701259
0.151346
0.931888
0.507095
0.204666
0.0317241
0.0754014
0.891421
0.503829
0.629279
0.675578
0.171221
0.952373
0.996213
0.0184472
0.125669
0.478282
0.513367
0.492102
0.39245
0.0876318
0.986118
0.91901
0.684892
0.368574
0.0352005
0.624463
0.611656
0.357567
0.482356
0.58491
0.646925
0.792342
0.460518
0.553431
0.0510447
0.0021489
0.128336
0.991536
0.0325223
0.678774
0.0713881
0.0251233
0.968284
0.790651
0.0557999
0.392085
0.614456
0.596124
0.340829
0.969842
0.367869
0.605243
0.0288221
0.534874
0.831359
0.0411173
0.411676
0.188483
0.512705
0.735775
0.560031
0.0335994
0.876996
0.618266
0.649674
0.795606
0.541181
0.753336
0.720004
0.933983
0.110441
0.496216
0.492924
0.883614
0.779246
0.836957
0.547846
0.913183
0.426398
0.31677
0.172708
0.908261
0.633691
0.360943
0.186975
0.10302
0.433597
0.386713
0.80627
0.176076
0.450943
0.584029
0.553122
0.525984
0.443843
0.523578
0.705104
0.361281
0.0428605
0.311671
0.474179
0.683533
0.176205
0.499018
0.0146541
0.0874537
0.6494
0.171424
0.844579
0.20511
0.802473
0.620837
0.682219
0.955241
0.0502034
0.748619
0.815436
0.573058
0.747901
0.203502
0.00154077
0.369912
0.529248
0.361807
0.416551
0.099006
0.565352
0.368855
0.956702
0.00352092
0.400962
0.138743
0.717341
0.821819
0.159197
0.0659572
0.775152
0.508196
0.930451
0.99913
0.84949
0.128786
0.0812003
0.0812192
0.918774
0.250418
0.788889
0.733888
0.199411
0.0914788
0.160167
0.324389
0.179747
0.930888
0.718656
0.178374
0.111188
0.612587
0.815909
0.723455
0.0719821
0.485674
0.129848
0.185409
0.584898
0.949978
0.0568413
0.451743
0.726916
0.741538
0.736527
0.810463
0.837791
0.99215
0.0559759
0.152063
0.0117414
0.745062
0.227915
0.479364
0.647339
0.018144
0.0652404
0.286969
0.693592
0.635864
0.506877
0.411686
0.94924
0.249162
0.267457
0.703768
0.872003
0.475216
0.167348
0.311557
0.98244
0.710775
0.186124
0.755582
0.716972
0.298247
0.38914
0.26883
0.768242
0.0942163
0.333256
0.621554
0.117432
0.0102881
0.163158
0.105087
0.504303
0.0318824
0.395067
0.518568
0.439339
0.246621
0.614449
0.316129
0.0393464
0.409469
0.48114
0.0829551
0.782246
0.550115
0.57623
0.975239
0.814602
0.927946
0.277824
0.266384
0.974339
0.0893013
0.964685
0.481236
0.883832
0.896247
0.540627
0.795496
0.522572
0.549927
0.605485
0.880473
0.409049
0.540354
0.288272
0.477348
0.642013
0.281077
0.95681
0.683917
0.148938
0.372339
0.305151
0.0533131
0.701135
0.211921
0.2963
0.613241
0.0725569
0.368717
0.630072
0.818065
0.968579
0.823044
0.640628
0.734686
0.835178
0.844145
0.550352
0.267349
0.795254
0.910703
0.856228
0.43119
0.770235
0.722075
0.930118
0.676956
0.34738
0.0691897
0.910485
0.344684
0.859397
0.0985931
0.6752
0.0442023
0.611103
0.882166
0.0244519
0.168952
0.317437
0.830928
0.0229306
0.118842
0.725695
0.484451
0.973796
0.202396
0.457266
0.540453
0.0107972
0.531749
0.109333
0.856127
0.812769
0.0870066
0.848842
0.265898
0.0446595
0.986418
0.319838
0.375751
0.662628
0.755523
0.801787
0.250054
0.375698
0.168391
0.882026
0.288665
0.400783
0.344175
0.617528
0.209034
0.336014
0.720726
0.013136
0.200026
0.482504
0.531909
0.922505
0.773291
0.189425
0.0140272
0.295008
0.607778
0.673785
0.0580677
0.0518399
0.825542
0.736385
0.284831
0.891037
0.415038
0.471539
0.734331
0.866118
0.445778
0.773436
0.46041
0.271778
0.990498
0.843668
0.508394
0.204236
0.596919
0.330516
0.756489
0.0852762
0.928776
0.03098
0.821732
0.328952
0.373592
0.0382054
0.595228
0.0479648
0.880544
0.0097227
0.691917
0.719276
0.271893
0.0806258
0.938226
0.83345
0.889659
0.194983
0.881664
0.673552
0.460717
0.50541
0.488985
0.672441
0.647399
0.548054
0.554581
0.19129
0.455754
0.467144
0.736415
0.730224
0.109071
0.230149
0.591011
0.448644
0.0727436
0.175702
0.603149
0.83294
0.899773
0.629987
0.290529
0.233253
0.743713
0.514653
0.891539
0.342339
0.475525
0.853858
0.60188
0.295879
0.0183978
0.188471
0.250079
0.454374
0.369145
0.420479
0.300781
0.768078
0.43542
0.237474
0.347099
0.57689
0.948918
0.827332
0.861647
0.713891
0.973108
0.829214
0.536826
0.331462
0.181022
0.0256283
0.64951
0.910633
0.56369
0.680561
0.559209
0.751263
0.838595
0.667755
0.613338
0.326506
0.281077
0.606403
0.128927
0.754209
0.655009
0.430961
0.270391
0.0238268
0.364048
0.0333953
0.33859
0.98047
0.290139
0.048866
0.829651
0.112954
0.831406
0.464238
0.337741
0.25165
0.684828
0.997665
0.716506
0.120185
0.0824731
0.200385
0.278268
0.688675
0.41922
0.216885
0.470011
0.155406
0.694574
0.31733
0.213687
0.979782
0.320668
0.451445
0.352455
0.370512
0.0356118
0.0181575
0.211072
0.60301
0.698599
0.483411
0.617024
0.747167
0.30238
0.133021
0.715305
0.447041
0.659472
0.886214
0.43627
0.938037
0.552884
0.586735
0.996572
0.914482
0.340811
0.629109
0.736409
0.881631
0.969592
0.690312
0.365212
0.265013
0.261695
0.124297
0.561005
0.166101
0.732123
0.321412
0.313564
0.417295
0.76632
0.755808
0.353316
0.534733
0.319049
0.411115
0.486485
0.736904
0.760055
0.436125
0.75424
0.250557
0.408967
0.8768
0.771743
0.322344
0.81347
0.763265
0.579607
0.419158
0.634204
0.270584
0.830818
0.284609
0.707047
0.0602215
0.263196
0.34854
0.0338599
0.284947
0.703103
0.771754
0.0867483
0.00436074
0.554471
0.168988
0.0180344
0.416057
0.925251
0.920053
0.0376749
0.139894
0.461574
0.910261
0.562648
0.12847
0.080261
0.0219865
0.228158
0.150206
0.897032
0.568693
0.890193
0.8335
0.466202
0.227299
0.31839
0.795467
0.503171
0.900571
0.674416
0.712059
0.0368301
0.766672
0.725039
0.0529658
0.318324
0.755524
0.361974
0.908102
0.165038
0.325412
0.646356
0.437368
0.174049
0.919494
0.591836
0.810746
0.842874
0.334332
0.381594
0.924722
0.502049
0.934602
0.362074
0.0917441
0.866843
0.0389589
0.389468
0.0578802
0.931375
0.373421
0.628925
0.579898
0.0136526
0.190057
0.590806
0.845412
0.961379
0.921292
0.962371
0.644188
0.332763
0.714477
0.0924789
0.664324
0.911138
0.450005
0.695084
0.981549
0.275233
0.477793
0.5668
0.359622
0.203479
0.0724851
0.641519
0.106138
0.915831
0.323905
0.850976
0.574933
0.294271
0.32921
0.468345
0.254736
0.141648
0.383931
0.0485719
0.972538
0.968649
0.616543
0.236425
0.570803
0.636506
0.979854
0.624942
0.146846
0.979252
0.100619
0.252957
0.563867
0.0820386
0.858757
0.816807
0.162204
0.433179
0.509049
0.636925
0.285293
0.0638025
0.75069
0.990698
0.5783
0.983059
0.633454
0.286866
0.254694
0.569017
0.848769
0.443172
0.542653
0.890889
0.428916
0.432442
0.776022
0.295323
0.894431
0.21287
0.948077
0.89208
0.824702
0.351149
0.290535
0.134483
0.066625
0.724921
0.64187
0.0762068
0.832877
0.14095
0.22544
0.683162
0.232438
0.594014
0.461832
0.113037
0.307196
0.59567
0.174515
0.869111
0.113362
0.472731
0.0349159
0.919865
0.865821
0.854447
0.0728335
0.0699695
0.295027
0.451347
0.505742
0.586975
0.0577325
0.015293
0.575431
0.939048
0.0351967
0.131567
0.498649
0.567996
0.613751
0.83308
0.563321
0.97705
0.0653603
0.722237
0.761663
0.28971
0.17433
0.972288
0.31212
0.0607602
0.865938
0.939142
0.973918
0.825989
0.877474
0.11924
0.527352
0.988676
0.303091
0.865351
0.201285
0.977395
0.802407
0.969539
0.360012
0.636447
0.829196
0.505398
0.27266
0.224587
0.811982
0.544867
0.691014
0.494458
0.036836
0.962046
0.940067
0.292637
0.510397
0.083105
0.846606
0.984885
0.782976
0.577603
0.815078
0.780724
0.149852
0.331308
0.38958
0.343865
0.603401
0.781502
0.383769
0.302907
0.820522
0.34078
0.295107
0.223108
0.330964
0.8747
0.707693
0.00997364
0.313671
0.362418
0.28223
0.612877
0.680408
0.71578
0.264691
0.284699
0.833119
0.102287
0.0598227
0.840108
0.746528
0.278513
0.212603
0.960436
0.510081
0.238933
0.774572
0.633995
0.778356
0.41332
0.767762
0.164747
0.357737
0.349151
0.197167
0.132552
0.796667
0.90496
0.752153
0.691393
0.67047
0.475061
0.476535
0.796892
0.5467
0.913487
0.106647
0.196791
0.402676
0.78727
0.358534
0.234056
0.0938792
0.171031
0.832423
0.505944
0.89517
0.235746
0.773755
0.984636
0.517463
0.112267
0.121127
0.17771
0.760524
0.409566
0.0238924
0.197813
0.327021
0.105832
0.839388
0.331472
0.478874
0.536902
0.393407
0.953645
0.815732
0.515005
0.145438
0.324611
0.507915
0.675245
0.342556
0.839208
0.35827
0.149006
0.673938
0.50863
0.218247
0.200833
0.119655
0.109455
0.770552
0.724592
0.821271
0.478772
0.827266
0.653535
0.898003
0.508429
0.40597
0.248931
0.459857
0.701804
0.0596779
0.461782
0.840298
0.73503
0.390894
0.0266732
0.327199
0.671152
0.655162
0.774676
0.836087
0.792854
0.463986
0.449765
0.992487
0.82943
0.628897
0.883449
0.499687
0.106163
0.696549
0.88881
0.532768
0.482967
0.43662
0.83815
0.015505
0.606925
0.778002
0.80948
0.904722
0.64294
0.0545887
0.423921
0.587072
0.452463
0.865272
0.0216758
0.87466
0.424343
0.203744
0.126459
0.4974
0.398282
0.555754
0.417864
0.115174
0.288585
0.497658
0.338704
0.644291
0.61959
0.925636
0.862865
0.227519
0.276755
0.281949
0.117905
0.19235
0.019523
0.409691
0.884619
0.834688
0.132061
0.329143
0.336486
0.611285
0.795855
0.257035
0.670167
0.490199
0.856497
0.894042
0.774424
0.197553
0.906605
0.931448
0.686863
0.423206
0.757175
0.364262
0.929162
0.979379
0.303531
0.00843241
0.179685
0.196528
0.563745
0.764473
0.660906
0.364993
0.656867
0.8152
0.783347
0.584544
0.743052
0.266242
0.155436
0.294905
0.504082
0.258672
0.957585
0.778174
0.952385
0.124339
0.165519
0.251659
0.335548
0.128367
0.202046
0.783616
0.608149
0.969191
0.138252
0.875059
0.213496
0.218436
0.517495
0.927
0.320709
0.214676
0.497849
0.326316
0.350816
0.884703
0.187736
0.936321
0.575373
0.720868
0.849732
0.958594
0.475068
0.421636
0.972652
0.979608
0.0836276
0.841837
0.306939
0.940977
0.471654
0.0579551
0.178063
0.792143
0.949227
0.0709813
0.172036
0.541083
0.672724
0.514534
0.260158
0.543299
0.434354
0.518675
0.144912
0.583494
0.311298
0.0599732
0.470316
0.303654
0.63363
0.312171
0.247917
0.453959
0.708375
0.39006
0.647956
0.0550037
0.474703
0.945547
0.347427
0.908547
0.150732
0.998659
0.726869
0.825081
0.291741
0.723818
0.331025
0.99326
0.315941
0.61739
0.569955
0.397486
0.172907
0.692489
0.920466
0.0178008
0.531562
0.496913
0.798916
0.381564
0.450615
0.29295
0.553944
0.696754
0.590986
0.434158
0.00246333
0.965324
0.990289
0.105651
0.306906
0.484086
0.559786
0.231628
0.638722
0.681601
0.377761
0.607613
0.242216
0.251133
0.137865
0.922247
0.130997
0.791147
0.247317
0.836127
0.858527
0.790269
0.907669
0.229174
0.573523
0.220151
0.788193
0.69202
0.692519
0.517536
0.540401
0.749296
0.175264
0.561434
0.354312
0.660736
0.883891
0.65641
0.115589
0.0581981
0.508286
0.838279
0.698541
0.761034
0.299559
0.113375
0.29546
0.959057
0.263526
0.986878
0.0444117
0.993813
0.0068286
0.662173
0.505983
0.960929
0.693621
0.81516
0.0345245
0.709188
0.958137
0.944564
0.937967
0.572725
0.553333
0.502363
0.863988
0.99386
0.671163
0.344323
0.712122
0.926795
0.063566
0.504767
0.204331
0.67
0.249503
0.948075
0.695636
0.905844
0.814259
0.796326
0.107863
0.831409
0.134836
0.591438
0.922005
0.993339
0.202529
0.0456509
0.320888
0.240275
0.437069
0.262462
0.0445446
0.10488
0.552763
0.707375
0.444179
0.808471
0.482164
0.936244
0.271441
0.681356
0.816953
0.0578243
0.000658051
0.715732
0.621958
0.230312
0.0545203
0.0869408
0.314084
0.284013
0.353601
0.301779
0.144366
0.34322
0.523845
0.522785
0.356237
0.654707
0.717601
0.144411
0.820713
0.00486992
0.320471
0.585852
0.982968
0.394374
0.221445
0.0385438
0.522849
0.785943
0.93589
0.248195
0.841708
0.156582
0.241081
0.597881
0.716872
0.271748
0.230271
0.0701899
0.0141624
0.232941
0.198302
0.688527
0.880847
0.542533
0.412388
0.228956
0.114575
0.868607
0.592973
0.0513128
0.748575
0.489031
0.191103
0.214211
0.281243
0.68939
0.741346
0.515983
0.49019
0.0132097
0.624512
0.925119
0.118976
0.451584
0.56891
0.82008
0.766366
0.33727
0.733275
0.0596843
0.171516
0.177531
0.306358
0.185512
0.695492
0.706451
0.889909
0.708856
0.489654
0.706899
0.87601
0.538824
0.156724
0.140772
0.600376
0.193969
0.170247
0.947877
0.552746
0.799615
0.222581
0.382682
0.786045
0.051077
0.547508
0.829816
0.485869
0.0993445
0.428861
0.838213
0.213674
0.0588694
0.76836
0.03914
0.911595
0.489223
0.805946
0.493175
0.506956
0.755032
0.243626
0.758686
0.888174
0.122326
0.813717
0.165697
0.622168
0.430001
0.288941
0.18571
0.164193
0.895737
0.0769651
0.358252
0.610875
0.86574
0.192966
0.809085
0.983002
0.00874304
0.791206
0.121927
0.953297
0.798532
0.213236
0.078362
0.843455
0.526373
0.0640746
0.296683
0.910052
0.232256
0.598677
0.689854
0.808733
0.601177
0.318394
0.561603
0.277527
0.476691
0.133089
0.429047
0.873513
0.785018
0.418435
0.25138
0.441221
0.649786
0.979339
0.848079
0.818658
0.624636
0.143828
0.170889
0.361839
0.807476
0.766003
0.60762
0.977559
0.116502
0.372302
0.899929
0.725247
0.303207
0.246031
0.252113
0.00990752
0.719477
0.383519
0.131606
0.415939
