0.814724
0.905792
0.126987
0.913376
0.632359
0.0975404
0.278498
0.546882
0.957507
0.964889
0.157613
0.970593
0.957167
0.485376
0.80028
0.141886
0.421761
0.915736
0.792207
0.959492
0.655741
0.0357117
0.849129
0.933993
0.678735
0.75774
0.743132
0.392227
0.655478
0.171187
0.706046
0.0318328
0.276923
0.0461714
0.0971318
0.823458
0.694829
0.317099
0.950222
0.0344461
0.438744
0.381558
0.765517
0.7952
0.186873
0.489764
0.445586
0.646313
0.709365
0.754687
0.276025
0.679703
0.655098
0.162612
0.118998
0.498364
0.959744
0.340386
0.585268
0.223812
0.751267
0.255095
0.505957
0.699077
0.890903
0.959291
0.547216
0.138624
0.149294
0.257508
0.840717
0.254282
0.814285
0.243525
0.929264
0.349984
0.196595
0.251084
0.616045
0.473289
0.35166
0.830829
0.585264
0.549724
0.917194
0.285839
0.7572
0.753729
0.380446
0.567822
0.0758543
0.0539501
0.530798
0.779167
0.934011
0.129906
0.568824
0.469391
0.0119021
0.337123
0.162182
0.794285
0.311215
0.528533
0.165649
0.601982
0.262971
0.654079
0.689215
0.748152
0.450542
0.0838214
0.228977
0.913337
0.152378
0.825817
0.538342
0.996135
0.0781755
0.442678
0.106653
0.961898
0.00463422
0.77491
0.817303
0.868695
0.0844358
0.399783
0.25987
0.800068
0.431414
0.910648
0.181847
0.263803
0.145539
0.136069
0.869292
0.579705
0.54986
0.144955
0.853031
0.622055
0.350952
0.51325
0.401808
0.0759667
0.239916
0.123319
0.183908
0.239953
0.417267
0.0496544
0.902716
0.944787
0.490864
0.489253
0.337719
0.900054
0.369247
0.111203
0.780252
0.389739
0.241691
0.403912
0.0964545
0.131973
0.942051
0.956135
0.575209
0.0597795
0.23478
0.353159
0.821194
0.0154034
0.0430238
0.16899
0.649115
0.731722
0.647746
0.450924
0.547009
0.296321
0.744693
0.188955
0.686775
0.183511
0.368485
0.625619
0.780227
0.0811258
0.929386
0.775713
0.486792
0.435859
0.446784
0.306349
0.508509
0.510772
0.817628
0.794831
0.644318
0.378609
0.81158
0.532826
0.350727
0.939002
0.875943
0.550156
0.622475
0.587045
0.207742
0.301246
0.470923
0.230488
0.844309
0.194764
0.225922
0.170708
0.227664
0.435699
0.311102
0.92338
0.430207
0.184816
0.904881
0.979748
0.43887
0.111119
0.258065
0.40872
0.594896
0.262212
0.602843
0.711216
0.221747
0.117418
0.296676
0.318778
0.424167
0.507858
0.0855158
0.262482
0.801015
0.0292203
0.928854
0.730331
0.488609
0.578525
0.237284
0.458849
0.963089
0.546806
0.521136
0.231594
0.488898
0.62406
0.679136
0.395515
0.367437
0.987982
0.0377389
0.885168
0.913287
0.796184
0.0987123
0.261871
0.335357
0.679728
0.136553
0.721227
0.106762
0.653757
0.494174
0.779052
0.715037
0.903721
0.890923
0.334163
0.698746
0.19781
0.0305409
0.744074
0.500022
0.479922
0.904722
0.609867
0.617666
0.859442
0.805489
0.576722
0.182922
0.239932
0.886512
0.0286742
0.489901
0.167927
0.978681
0.712694
0.500472
0.471088
0.0596189
0.681972
0.0424311
0.0714455
0.52165
0.09673
0.818149
0.817547
0.72244
0.149865
0.659605
0.518595
0.972975
0.648991
0.800331
0.453798
0.432392
0.825314
0.0834698
0.133171
0.173389
0.390938
0.83138
0.803364
0.0604712
0.399258
0.526876
0.416799
0.65686
0.627973
0.291984
0.431651
0.0154871
0.984064
0.167168
0.106216
0.37241
0.198118
0.489688
0.339493
0.95163
0.920332
0.052677
0.737858
0.269119
0.422836
0.547871
0.942737
0.417744
0.983052
0.301455
0.701099
0.666339
0.539126
0.698106
0.666528
0.178132
0.128014
0.99908
0.171121
0.0326008
0.5612
0.881867
0.669175
0.190433
0.368917
0.460726
0.981638
0.156405
0.855523
0.644765
0.376272
0.190924
0.428253
0.482022
0.120612
0.589507
0.226188
0.384619
0.582986
0.251806
0.290441
0.617091
0.265281
0.824376
0.982663
0.730249
0.343877
0.584069
0.107769
0.906308
0.879654
0.817761
0.260728
0.594356
0.0225126
0.425259
0.312719
0.161485
0.178766
0.422886
0.0942293
0.598524
0.470924
0.695949
0.699888
0.638531
0.0336038
0.0688061
0.3196
0.530864
0.654446
0.407619
0.819981
0.718359
0.968649
0.531334
0.325146
0.105629
0.610959
0.778802
0.423453
0.0908233
0.266471
0.153657
0.281005
0.440085
0.527143
0.457424
0.875372
0.518052
0.943623
0.637709
0.957694
0.240707
0.676122
0.289065
0.671808
0.69514
0.0679928
0.25479
0.22404
0.667833
0.844392
0.344462
0.78052
0.675332
0.00671531
0.60217
0.386771
0.915991
0.00115106
0.462449
0.424349
0.460916
0.77016
0.322472
0.784739
0.471357
0.0357627
0.175874
0.721758
0.473486
0.152721
0.341125
0.607389
0.191745
0.738427
0.24285
0.917424
0.269062
0.7655
0.188662
0.287498
0.0911135
0.576209
0.683363
0.546593
0.425729
0.644443
0.647618
0.679017
0.635787
0.945174
0.208935
0.709282
0.236231
0.119396
0.607304
0.450138
0.458725
0.661945
0.770286
0.350218
0.66201
0.416159
0.841929
0.832917
0.256441
0.613461
0.582249
0.540739
0.869941
0.264779
0.318074
0.119215
0.939829
0.645552
0.479463
0.639317
0.544716
0.647311
0.543886
0.721047
0.522495
0.993705
0.218677
0.105798
0.109697
0.0635914
0.40458
0.448373
0.365816
0.763505
0.627896
0.77198
0.932854
0.972741
0.192028
0.138874
0.696266
0.09382
0.525404
0.530344
0.86114
0.484853
0.393456
0.671431
0.741258
0.520052
0.347713
0.149997
0.586092
0.262145
0.0444541
0.754933
0.242785
0.442402
0.687796
0.359228
0.73634
0.394707
0.683416
0.704047
0.442305
0.0195776
0.330858
0.424309
0.27027
0.197054
0.821721
0.429921
0.887771
0.391183
0.769114
0.396792
0.808514
0.755077
0.377396
0.216019
0.790407
0.949304
0.327565
0.671264
0.438645
0.833501
0.768854
0.167254
0.86198
0.989872
0.514423
0.884281
0.588026
0.154752
0.199863
0.406955
0.748706
0.825584
0.789963
0.318524
0.534064
0.0899507
0.111706
0.136293
0.678652
0.495177
0.18971
0.495006
0.147608
0.0549741
0.850713
0.56056
0.929609
0.696667
0.582791
0.815397
0.879014
0.988912
0.000522375
0.865439
0.612566
0.98995
0.52768
0.479523
0.801348
0.227843
0.498094
0.900852
0.574661
0.845178
0.73864
0.585987
0.246735
0.666416
0.0834828
0.62596
0.660945
0.729752
0.890752
0.982303
0.769029
0.581446
0.928313
0.58009
0.0169829
0.12086
0.862711
0.484297
0.844856
0.209405
0.552291
0.629883
0.031991
0.614713
0.362411
0.0495326
0.48957
0.19251
0.123084
0.205494
0.146515
0.189072
0.0426524
0.635198
0.281867
0.538597
0.695163
0.499116
0.535801
0.445183
0.123932
0.490357
0.852998
0.873927
0.270294
0.208461
0.56498
0.640312
0.417029
0.205976
0.947933
0.0820712
0.105709
0.142041
0.16646
0.620959
0.57371
0.0520779
0.931201
0.728662
0.737842
0.0634045
0.860441
0.934405
0.984398
0.858939
0.785559
0.513377
0.177602
0.398589
0.133931
0.0308895
0.939142
0.301306
0.295534
0.332936
0.467068
0.648198
0.0252282
0.842207
0.559033
0.8541
0.347879
0.446027
0.0542395
0.177108
0.662808
0.330829
0.898486
0.118155
0.988418
0.539982
0.706917
0.999492
0.287849
0.414523
0.46484
0.763957
0.818204
0.100222
0.178117
0.359635
0.0567047
0.521886
0.335849
0.175669
0.208947
0.905154
0.675391
0.468468
0.912132
0.104012
0.745546
0.736267
0.561861
0.184194
0.597211
0.299937
0.134123
0.212602
0.894942
0.0714528
0.242487
0.0537544
0.441722
0.0132832
0.897191
0.196658
0.0933705
0.307367
0.456058
0.101669
0.99539
0.332093
0.297347
0.0620452
0.298244
0.0463513
0.505428
0.761426
0.63107
0.0898917
0.0808624
0.777241
0.905135
0.533772
0.109154
0.825809
0.338098
0.293973
0.746313
0.0103366
0.0484473
0.667916
0.603468
0.526102
0.729709
0.707253
0.781377
0.287977
0.692532
0.55667
0.396521
0.0615907
0.780176
0.337584
0.607866
0.741254
0.104813
0.127888
0.54954
0.485229
0.890476
0.79896
0.734341
0.0513319
0.0728853
0.0885275
0.798351
0.943008
0.683716
0.132083
0.722725
0.110353
0.117493
0.640718
0.328814
0.653812
0.749131
0.583186
0.740032
0.234827
0.734958
0.970599
0.86693
0.0862345
0.366437
0.369199
0.685028
0.597942
0.789364
0.367653
0.206028
0.0866665
0.771934
0.205675
0.388272
0.551779
0.228953
0.641941
0.48448
0.151846
0.781932
0.100606
0.294066
0.237373
0.530872
0.0914987
0.405315
0.104846
0.112284
0.784428
0.29157
0.603533
0.964423
0.432485
0.694752
0.758099
0.432642
0.655498
0.109755
0.93376
0.187461
0.266179
0.79783
0.487604
0.768958
0.396007
0.272939
0.0372346
0.673295
0.429564
0.451739
0.609857
0.0594033
0.315811
0.772722
0.696433
0.125332
0.130151
0.0923523
0.00782029
0.423109
0.655573
0.722923
0.531209
0.108818
0.631766
0.1265
0.134303
0.0985941
0.142027
0.168251
0.196249
0.31748
0.316429
0.217563
0.251042
0.892922
0.703223
0.555738
0.184434
0.212031
0.0773468
0.9138
0.706715
0.557789
0.313429
0.166204
0.622497
0.987935
0.170432
0.257792
0.396799
0.0739948
0.684096
0.402388
0.982835
0.402184
0.620672
0.15437
0.381345
0.161134
0.758112
0.871111
0.350777
0.685536
0.294149
0.530629
0.832423
0.59749
0.335311
0.299225
0.452593
0.422646
0.359606
0.558319
0.742545
0.424335
0.429356
0.124873
0.024434
0.290185
0.317521
0.65369
0.956936
0.935731
0.457886
0.240478
0.763898
0.759327
0.740648
0.743688
0.10592
0.68156
0.463261
0.212163
0.0985187
0.823574
0.17501
0.16357
0.665987
0.894389
0.516558
0.702702
0.15359
0.953457
0.540884
0.679734
0.036563
0.809204
0.748619
0.120187
0.525045
0.325834
0.546449
0.398881
0.415093
0.180738
0.255387
0.0205358
0.923676
0.6537
0.932614
0.163512
0.921097
0.794658
0.577394
0.440036
0.257614
0.751946
0.228669
0.0641871
0.76733
0.671202
0.715213
0.642061
0.419048
0.390762
0.81614
0.317428
0.81454
0.789074
0.852264
0.505637
0.635661
0.950894
0.443964
0.0600188
0.86675
0.631189
0.355074
0.997003
0.224171
0.652451
0.604991
0.387245
0.142187
0.025135
0.421112
0.1841
0.725775
0.370363
0.84156
0.73423
0.571026
0.176855
0.957384
0.265322
0.924581
0.22377
0.373564
0.0875003
0.640117
0.180617
0.0450511
0.723173
0.347438
0.660617
0.383869
0.627347
0.0216498
0.91057
0.800559
0.745847
0.813113
0.383306
0.617279
0.575495
0.530052
0.27507
0.248629
0.451639
0.227713
0.80445
0.986104
0.029992
0.535664
0.0870772
0.802091
0.989145
0.0669463
0.939398
0.0181775
0.683839
0.783736
0.534138
0.885359
0.899005
0.625938
0.137869
0.217802
0.182141
0.0418199
0.106942
0.616443
0.939661
0.354456
0.410629
0.984349
0.945579
0.676645
0.988302
0.766831
0.336699
0.662382
0.244165
0.295507
0.680178
0.527847
0.411594
0.602638
0.75052
0.583533
0.551793
0.583571
0.51182
0.0825927
0.71957
0.996156
0.354534
0.971259
0.346449
0.886544
0.454695
0.413427
0.217732
0.125655
0.308915
0.726104
0.782872
0.693788
0.00980225
0.843213
0.922332
0.770954
0.0426599
0.378186
0.70434
0.729513
0.224277
0.269055
0.673031
0.477492
0.623716
0.236445
0.177124
0.829643
0.766922
0.934478
0.107889
0.182228
0.0990953
0.489764
0.193245
0.895892
0.0990896
0.0441656
0.557295
0.772495
0.31194
0.178982
0.338956
0.210146
0.510153
0.906364
0.628924
0.101534
0.390855
0.0546166
0.501283
0.431721
0.99756
0.811603
0.485652
0.894448
0.137547
0.390005
0.927356
0.917494
0.713574
0.618337
0.343288
0.936027
0.124774
0.730585
0.646477
0.833152
0.398282
0.749822
0.835221
0.32246
0.552262
0.979129
0.549309
0.330424
0.619472
0.360637
0.75651
0.413901
0.492345
0.694743
0.972734
0.327755
0.837803
0.739072
0.954174
0.0319226
0.356869
0.662654
0.281502
0.230383
0.711129
0.624573
0.590609
0.660438
0.0475547
0.348785
0.451341
0.240905
0.715045
0.856182
0.281508
0.731051
0.137763
0.836723
0.138602
0.588209
0.366157
0.80676
0.503781
0.489594
0.877049
0.353142
0.449444
0.96353
0.0422978
0.972958
0.189207
0.66712
0.58644
0.675112
0.361022
0.620278
0.811151
0.0192575
0.0838735
0.974802
0.65135
0.231238
0.403491
0.122021
0.268439
0.257846
0.331665
0.152234
0.348008
0.121658
0.884153
0.0942784
0.930041
0.39902
0.0474015
0.342374
0.735966
0.794682
0.544906
0.686223
0.893633
0.0547918
0.303661
0.0461916
0.195477
0.720166
0.721753
0.877799
0.582433
0.0706843
0.922745
0.800372
0.285947
0.543663
0.984776
0.715678
0.83897
0.433261
0.470625
0.560713
0.269092
0.749018
0.503888
0.64681
0.307746
0.138725
0.475573
0.362459
0.788113
0.780296
0.668512
0.133504
0.0215559
0.559841
0.300819
0.93941
0.980904
0.28662
0.80082
0.896111
0.597527
0.884017
0.943732
0.549158
0.728387
0.576758
0.0258575
0.446531
0.646302
0.521203
0.372313
0.937135
0.829533
0.849085
0.372534
0.593185
0.872553
0.933502
0.668464
0.206776
0.653851
0.0720516
0.406727
0.666932
0.933726
0.81095
0.484548
0.756749
0.417047
0.971786
0.987975
0.864148
0.388884
0.454742
0.246687
0.784423
0.882838
0.913712
0.558285
0.598868
0.148877
0.899713
0.450394
0.205672
0.899651
0.762586
0.882486
0.28495
0.673226
0.66428
0.122815
0.407318
0.275287
0.71667
0.283384
0.896199
0.826579
0.390027
0.497903
0.694805
0.834369
0.60963
0.574737
0.326042
0.456425
0.713796
0.884405
0.720856
0.0186128
0.674776
0.438509
0.43782
0.117037
0.814682
0.324855
0.246228
0.342713
0.375692
0.546554
0.56192
0.395822
0.398131
0.515367
0.657531
0.950915
0.722349
0.40008
0.831871
0.134338
0.0604668
0.0842471
0.163898
0.32422
0.301727
0.011681
0.539905
0.0953727
0.146515
0.631141
0.85932
0.974222
0.570838
0.99685
0.553542
0.515458
0.330682
0.430002
0.491806
0.0710371
0.887739
0.0646336
0.436185
0.82663
0.394535
0.613475
0.818641
0.886235
0.931112
0.190785
0.258582
0.897866
0.593362
0.50384
0.61281
0.819422
0.531889
0.202075
0.453893
0.427911
0.966053
0.620055
0.69539
0.720165
0.346895
0.51699
0.556695
0.156495
0.562056
0.694803
0.426456
0.83627
0.731387
0.360031
0.454212
0.38639
0.775555
0.734271
0.430278
0.693753
0.945213
0.784233
0.705572
0.109334
0.389931
0.590905
0.45938
0.05034
0.228688
0.834189
0.0156447
0.863711
0.0780691
0.669043
0.500211
0.217994
0.571616
0.122189
0.671166
0.599586
0.0559762
0.056343
0.152501
0.0196211
0.435176
0.832221
0.61739
0.520129
0.863868
0.0976979
0.908052
0.108017
0.516997
0.143156
0.559371
0.00457962
0.766682
0.848709
0.916821
0.986968
0.505133
0.271422
0.100751
0.507849
0.585609
0.762887
0.0829626
0.661596
0.516979
0.171048
0.938558
0.590483
0.440635
0.941919
0.655914
0.451946
0.839697
0.532624
0.553887
0.680066
0.36719
0.239291
0.578923
0.866887
0.406777
0.112615
0.443846
0.300184
0.401387
0.833364
0.403629
0.390176
0.360449
0.140255
0.26013
0.0868151
0.429397
0.257283
0.297555
0.424858
0.119207
0.495067
0.706407
0.243573
0.78507
0.0740896
0.393883
0.00339412
0.220677
0.00130057
0.18918
0.142484
0.268076
0.174892
0.138649
0.598886
0.901058
0.93938
0.221184
0.482671
0.376011
0.52378
0.264873
0.0683572
0.436327
0.173853
0.0261071
0.954678
0.430597
0.961559
0.762414
0.00734866
0.680039
0.705951
0.645129
0.55231
0.218109
0.772366
0.228028
0.370865
0.890929
0.856377
0.402434
0.318019
0.608635
0.910195
0.909098
0.591594
0.332571
0.853064
0.442398
0.904355
0.0331794
0.532426
0.716497
0.179302
0.336533
0.187713
0.321927
0.403857
0.548566
0.0487386
0.552732
0.274811
0.241502
0.243145
0.154159
0.956416
0.935661
0.818714
0.728262
0.175812
0.360371
0.18879
0.0011984
0.31642
0.699617
0.625255
0.543062
0.439037
0.287427
0.501659
0.761546
0.762408
0.576056
0.747663
0.645535
0.12322
0.504398
0.347261
0.0921477
0.147849
0.19817
0.67227
0.431511
0.694404
0.256785
0.00975865
0.532283
0.279392
0.94623
0.906443
0.392685
0.0248552
0.671437
0.837171
0.9715
0.0569329
0.450324
0.58247
0.686638
0.719433
0.650041
0.726915
0.373848
0.581582
0.116119
0.0576544
0.979765
0.284824
0.594974
0.962161
0.185778
0.19304
0.341644
0.932898
0.390668
0.273217
0.151947
0.397109
0.374722
0.131115
0.435041
0.0915132
0.614627
0.0109791
0.57326
0.78973
0.235367
0.44802
0.569358
0.0614014
0.496289
0.642315
0.221266
0.837056
0.971075
0.846373
0.505999
0.278876
0.746617
0.23693
0.957345
0.62026
0.600262
0.172605
0.0903467
0.255262
0.858571
0.911067
0.699634
0.725182
0.229886
0.576053
0.810628
0.403843
0.988439
0.0899988
0.320941
0.511409
0.0606064
0.725688
0.556556
0.52936
0.829982
0.858759
0.789029
0.317833
0.452207
0.752228
0.109862
0.109742
0.269884
0.524637
0.972651
0.710409
0.31186
0.291457
0.850357
0.911647
0.639276
0.25537
0.0886658
0.838256
0.584719
0.948109
0.0610289
0.584641
0.285108
0.827732
0.190986
0.44253
0.393412
0.826574
0.676871
0.207603
0.318105
0.133811
0.671463
0.570991
0.169767
0.147656
0.47608
0.908102
0.552175
0.0329399
0.0538629
0.805063
0.451375
0.382646
0.789644
0.364287
0.53235
0.711657
0.871477
0.32869
0.650118
0.974836
0.0759674
0.587019
0.413886
0.309136
0.263834
0.758766
0.995216
0.186571
0.781145
0.195798
0.992359
0.802262
0.424227
0.728864
0.498354
0.80899
0.356509
0.0732434
0.590991
0.910188
0.193766
0.432368
0.74916
0.0391845
0.946325
0.763673
0.558821
0.183843
0.497949
0.517846
0.994243
0.854852
0.962404
0.678941
0.403501
0.934979
0.479485
0.231792
0.39629
0.705077
0.558559
0.756631
0.995481
0.962431
0.535067
0.96387
0.115626
0.0514483
0.304349
0.580192
0.530964
0.901208
0.54055
0.431981
0.542667
0.712415
0.0166747
0.800921
0.142509
0.478474
0.256835
0.369092
0.661765
0.169609
0.278784
0.198222
0.195072
0.32684
0.880338
0.471102
0.403969
0.179231
0.968925
0.407456
0.844487
0.615325
0.376611
0.877182
0.784852
0.464954
0.813977
0.898444
0.429239
0.334329
0.596647
0.901991
0.702066
0.377455
0.734956
0.954103
0.542813
0.540106
0.31111
0.0712346
0.18198
0.0929889
0.463489
0.00933251
0.915026
0.642742
0.00141906
0.0303853
0.20847
0.454966
0.127266
0.00864769
0.72708
0.354116
0.780446
0.436657
0.436555
0.0492132
0.0496319
0.0911002
0.594037
0.241084
0.841369
0.857213
0.963612
0.4889
0.22031
0.226209
0.536788
0.76211
0.347567
0.461232
0.639324
0.917336
0.161573
0.715635
0.577739
0.433299
0.884243
0.393052
0.178975
0.633334
0.624001
0.327942
0.802965
0.999478
0.980978
0.127037
0.23224
0.0236325
0.607433
0.110809
0.40746
0.884077
0.548133
0.369003
0.208346
0.440943
0.956196
0.124026
0.470763
0.856896
0.0433905
0.691625
0.978985
0.283268
0.13378
0.68528
0.909455
0.610869
0.899983
0.193434
0.754425
0.346261
0.418625
0.15572
0.819001
0.624924
0.73856
0.805112
0.0672227
0.95079
0.497577
0.755146
0.742405
0.83113
0.156502
0.457309
0.6181
0.932183
0.835088
0.895424
0.582519
0.582747
0.854926
0.0348657
0.88542
0.407731
0.036382
0.746148
0.154829
0.143908
0.605959
0.254481
0.324154
0.401791
0.406373
0.386191
0.609802
0.166891
0.188092
0.0946289
0.323186
0.769597
0.234118
0.740365
0.692818
0.824078
0.827978
0.293368
0.309369
0.52303
0.325299
0.831843
0.810295
0.556998
0.262964
0.680566
0.233653
0.456425
0.384567
0.538601
0.991704
0.75522
0.980455
0.234783
0.528559
0.0514361
0.756875
0.60198
0.857169
0.988277
0.929484
0.409515
0.000341462
0.540878
0.207731
0.219284
0.325806
0.0959494
0.747534
0.748509
0.543299
0.338132
0.832334
0.552572
0.957543
0.892833
0.356504
0.546402
0.346682
0.622803
0.796625
0.745875
0.125536
0.822394
0.0251505
0.414429
0.731407
0.781374
0.367286
0.744868
0.892267
0.242603
0.129597
0.225068
0.350014
0.287085
0.927488
0.0513138
0.592667
0.162899
0.838406
0.167561
0.502201
0.999329
0.355407
0.0470777
0.213661
0.397839
0.333668
0.229603
0.93612
0.683189
0.962114
0.437973
0.940337
0.00583432
0.610307
0.801076
0.232982
0.932469
0.763263
0.82645
0.573464
0.792582
0.329041
0.223462
0.312386
0.584523
0.829914
0.290462
0.402554
0.862057
0.61474
0.991188
0.203699
0.827209
0.675862
0.248949
0.475786
0.399075
0.599438
0.800523
0.105069
0.821442
0.841086
0.354506
0.430069
0.572239
0.700825
0.74247
0.757884
0.389129
0.429302
0.956345
0.572971
0.849722
0.276345
0.622324
0.588362
0.963468
0.0859027
0.500499
0.52159
0.090166
0.904666
0.884389
0.43899
0.781723
0.148465
0.619816
0.260624
0.445656
0.844
0.196205
0.303852
0.483295
0.337812
0.798486
0.987488
0.159048
0.23688
0.702237
0.375472
0.973705
0.972306
0.643698
0.860099
0.401883
0.631931
0.985237
0.559477
0.933592
0.720343
0.484039
0.639031
0.887637
0.198737
0.395366
0.992175
0.402352
0.658856
0.901348
0.995382
0.653163
0.108436
0.036114
0.618091
0.567144
0.961965
0.746105
0.662516
0.523313
0.259894
0.961994
0.540204
0.0302702
0.696314
0.519716
0.0590306
0.890036
0.330202
0.229701
0.113949
0.310923
0.228432
0.651997
0.0661601
0.275431
0.28182
0.880066
0.44433
0.755914
0.603296
0.783266
0.113931
0.978564
0.848597
0.0506465
0.466202
0.325653
0.630205
0.230299
0.579885
0.603156
0.599879
0.448428
0.0354235
0.513815
0.40773
0.108046
0.459876
0.450883
0.55114
0.805404
0.70085
0.872236
0.0521922
0.219681
0.459642
0.958534
0.790045
0.451875
0.333428
0.0590953
0.740905
0.506795
0.199925
0.427194
0.16869
0.751695
0.368351
0.941818
0.0171725
0.829056
0.626591
0.538747
0.650508
0.72663
0.0944886
0.877574
0.0143621
0.294303
0.179915
0.926294
0.0681804
0.581093
0.637151
0.651269
0.864622
0.0559525
0.816855
0.528922
0.694351
0.212405
0.54328
0.70252
0.956435
0.444542
0.0853978
0.0573401
0.62945
0.796179
0.691191
0.345308
0.946817
0.52019
0.953813
0.0735956
0.207032
0.775028
0.914188
0.782551
0.295534
0.151846
0.847911
0.784855
0.270832
0.227811
0.321023
0.829562
0.822182
0.570683
0.57183
0.286018
0.699134
0.796258
0.441589
0.446216
0.465662
0.279039
0.675375
0.903665
0.908526
0.747197
0.260512
0.689638
0.131831
0.123501
0.190903
0.145732
0.585044
0.0733617
0.822326
0.722903
0.925858
0.492639
0.654883
0.890123
0.538526
0.282205
0.975958
0.0364255
0.326245
0.973014
0.365033
0.30915
0.120912
0.915766
0.135478
0.332118
0.89748
0.499649
0.615288
0.583133
0.698254
0.0293323
0.527883
0.0320728
0.827142
0.339986
0.846711
0.24607
0.581491
0.937677
0.0477873
0.0539777
0.020618
0.681479
0.598629
0.11403
0.796245
0.617851
0.0702135
0.069279
0.136007
0.788891
0.0923985
0.237869
0.243648
0.104822
0.858353
0.6982
0.733742
0.650531
0.516271
0.326388
0.661776
0.117565
0.147817
0.0197647
0.964292
0.970373
0.123861
0.46741
0.656694
0.290186
0.754537
0.558118
0.427793
0.267194
0.753736
0.898376
0.728444
0.40683
0.938316
0.255427
0.533163
0.954755
0.267748
0.250085
0.927673
0.0685823
0.2994
0.591584
0.203299
0.635883
0.79837
0.501701
0.650812
0.795955
0.233374
0.600839
0.112462
0.515766
0.837841
0.92079
0.498228
0.277611
0.65252
0.917299
0.509839
0.974191
0.197279
0.111185
0.297354
0.396419
0.420756
0.311475
0.693843
0.0918718
0.402089
0.295181
0.306497
0.105561
0.593828
0.282728
0.155222
0.000658668
0.283595
0.550811
0.870902
0.0422534
0.904722
0.130974
0.833729
0.800468
0.91788
0.137304
0.504732
0.404958
0.173572
0.575184
0.606218
0.214446
0.519932
0.989186
0.489915
0.694873
0.411422
0.0347767
0.292832
0.801442
0.346502
0.0833159
0.511106
0.366833
0.73948
0.52474
0.804521
0.816911
0.189471
0.123693
0.820996
0.637898
0.0161198
0.895955
0.515375
0.544522
0.606442
0.760436
0.855347
0.382868
0.0846492
0.733873
0.331989
0.83975
0.371723
0.828215
0.176519
0.12952
0.879884
0.0440791
0.68672
0.733773
0.437172
0.379839
0.979657
0.398993
0.440187
0.156808
0.326034
0.314062
0.894501
0.247024
0.310679
0.408869
0.708011
0.143638
0.871322
0.0831559
0.461738
0.030389
0.753201
0.700043
0.214512
0.679905
0.557293
0.850679
0.558565
0.901774
0.419518
0.358128
0.488988
0.255962
0.929169
0.466757
0.254008
0.431218
0.70253
0.40233
0.18184
0.856251
0.584201
0.373579
0.221695
0.218994
0.522232
0.433423
0.741304
0.0704496
0.847333
0.67988
0.136652
0.858402
0.199834
0.60734
0.543045
0.162325
0.00565307
0.771485
0.764788
0.421069
0.0568132
0.585747
0.174155
0.728611
0.534291
0.253064
0.917057
0.758195
0.887031
0.0687982
0.183528
0.737073
0.696715
0.776993
0.501903
0.425497
0.611237
0.855772
0.670797
0.523592
0.298815
0.703969
0.381611
0.567685
0.887861
0.842949
0.898799
0.939003
0.815435
0.00135783
0.0030907
0.0874688
0.260727
0.0227987
0.424085
0.341065
0.541354
0.926169
0.298499
0.338085
0.85948
0.340478
0.13812
0.507799
0.856656
0.384314
0.695691
0.627904
0.450388
0.473618
0.949706
0.0834976
0.279829
0.447007
0.587571
0.877634
0.469101
0.437418
0.746185
0.46791
0.860827
0.466512
0.498104
0.487431
0.229469
0.0855522
0.0673833
0.888391
0.233168
0.861596
0.711735
0.872813
0.938002
0.139689
0.3939
0.980563
0.644794
0.89641
0.48223
0.0140931
0.62288
0.231095
0.527434
0.724992
0.607416
0.588366
0.433435
0.244173
0.42896
0.0101775
0.608821
0.957975
0.0954465
0.0355906
0.886235
0.246941
0.00891506
0.81492
0.140499
0.879866
0.0953768
0.35256
0.593421
0.585182
0.667682
0.648027
0.433369
0.139759
0.75193
0.241787
0.650459
0.857374
0.0843705
0.972089
0.0314599
0.835405
0.835713
0.0498575
0.545886
0.94317
0.321473
0.806467
0.601399
0.78962
0.799185
0.0495648
0.283199
0.653457
0.489655
0.972852
0.74849
0.567841
0.298964
0.25611
0.886564
0.446801
0.815987
0.0983373
0.859593
0.027629
0.899156
0.899936
0.524106
0.1202
0.177794
0.706108
0.83136
0.0348338
0.757839
0.957112
0.342871
0.638244
0.343006
0.216471
0.786201
0.72309
0.278839
0.582431
0.421006
0.0920687
0.0240273
0.491146
0.278267
0.339757
0.28735
0.170903
0.399263
0.69765
0.203676
0.666326
0.443066
0.433295
0.175239
0.193202
0.616421
0.269011
0.559678
0.944784
0.714472
0.67922
0.959381
0.775334
0.607727
0.948002
0.0596416
0.268712
0.98668
0.772207
0.475354
0.6809
0.416935
0.380149
0.21327
0.382938
0.0296678
0.472321
0.333373
0.975845
0.555444
0.846304
0.408063
0.462018
0.826307
0.991203
0.523948
0.925437
0.739022
0.56743
0.968778
0.824499
0.959609
0.646346
0.379573
0.476575
0.91189
0.0148539
0.156694
0.471568
0.542992
0.059691
0.65803
0.889635
0.109633
0.437773
0.28023
0.985246
0.608759
0.253749
0.132615
0.545005
0.827804
0.837006
0.833349
0.203715
0.544418
0.874943
0.121
0.856351
0.899776
0.217865
0.0769791
0.474215
0.835027
0.469394
0.41377
0.502746
0.12544
0.132285
0.870475
0.60295
0.265302
0.864803
0.0581095
0.457754
0.72221
0.338999
0.40122
0.52698
0.894236
0.778361
0.0693676
0.278785
0.37937
0.864673
0.41996
0.239877
0.597655
0.479404
0.898548
0.934709
0.817887
0.708909
0.743221
0.89971
0.0652398
0.335911
0.00433507
0.828096
0.507435
0.366162
0.22664
0.534832
0.289485
0.0683709
0.0849707
0.0683395
0.409816
0.123381
0.443017
0.89894
0.353639
0.120178
0.569111
0.875033
0.348575
0.041921
0.14234
0.0765928
0.740527
0.456525
0.668249
0.699246
0.571357
0.628693
0.877764
0.662352
0.875414
0.467517
0.141336
0.0681345
0.714242
0.307986
0.671164
0.652421
0.531049
0.715107
0.504811
0.487999
0.497838
0.935976
0.389282
0.117145
0.240424
0.684908
0.839254
0.970145
0.21517
0.760343
0.584103
0.402952
0.51004
0.495644
0.651368
0.743706
0.301953
0.0896119
0.825965
0.389587
0.775305
0.179369
0.109361
0.905158
0.876351
0.999793
0.864255
0.0368775
0.544682
0.997616
0.511008
0.873512
0.0702215
0.987539
0.922713
0.564261
0.431462
0.337845
0.720723
0.0136556
0.37406
0.922685
0.54648
0.473887
0.496537
0.308971
0.950838
0.981993
0.513563
0.99259
0.455844
0.426041
0.213215
0.193249
0.832754
0.726637
0.529746
0.829081
0.511874
0.551962
0.213285
0.587821
0.142763
0.0522235
0.683308
0.608559
0.219656
0.40628
0.629908
0.555308
0.127579
0.169198
0.000999418
0.418162
0.488486
0.159869
0.666839
0.0179204
0.119675
0.952125
0.975854
0.0309145
0.493882
0.862722
0.242876
0.83427
0.813591
0.628973
0.0022382
0.379724
0.904406
0.680352
0.378823
0.631955
0.24327
0.571413
0.981729
0.849682
0.283444
0.682458
0.358125
0.986927
0.0839863
0.250306
0.811347
0.0844231
0.531254
0.800623
0.738823
0.141663
0.437894
0.35038
0.478497
0.587403
0.145806
0.905331
0.640194
0.16294
0.565911
0.931616
0.783102
0.685687
0.466219
0.260318
0.569268
0.248771
0.319302
0.910802
0.88522
0.794589
0.92581
0.17884
0.517541
0.627005
0.913182
0.663968
0.389193
0.740008
0.817635
0.600345
0.0849971
0.922358
0.0535978
0.527025
0.118853
0.380143
0.812833
0.244096
0.884423
0.712647
0.378148
0.24892
0.252854
0.767244
0.0498619
0.685289
0.620278
0.746685
0.977256
0.383914
0.260206
0.87747
0.806096
0.461121
0.0909617
0.564269
0.187383
0.53169
0.355033
0.314784
0.726741
0.515773
0.790645
0.204493
0.678106
0.0524855
0.801172
0.678569
0.946009
0.0915581
0.908438
0.509953
0.614904
0.316071
0.0774875
0.850614
0.144527
0.370486
0.622391
0.997552
0.517344
0.990511
0.226534
0.398005
0.696569
0.0646408
0.747662
0.4204
0.811317
0.379605
0.319068
0.986051
0.718181
0.413183
0.0986302
0.734559
0.637306
0.0738419
0.120508
0.981596
0.496799
0.0224137
0.0538315
0.140874
0.893474
0.46582
0.560857
0.494456
0.0677855
0.897647
0.288565
0.269047
0.594194
0.475879
0.368311
0.655611
0.9382
0.620425
0.28284
0.205181
0.439134
0.0272502
0.876184
0.610092
0.203592
0.519917
0.0538243
0.862187
0.442935
0.548009
0.566861
0.680395
0.371379
0.0782287
0.456351
0.0478438
0.738257
0.0380015
0.954244
0.742372
0.93745
0.513364
0.240905
0.259965
0.758974
0.993343
0.356706
0.752858
0.110048
0.597045
0.430595
0.730718
0.261176
0.0948077
0.450963
0.640075
0.132039
0.452822
0.6522
0.826998
0.308077
0.402364
0.884231
0.70058
0.241872
0.759832
0.290926
0.277439
0.0061078
0.374711
0.436933
0.304298
0.29086
0.242516
0.936684
0.86019
0.397228
0.479419
0.564996
0.489619
0.269812
0.98974
0.183676
0.861657
0.0326326
0.331958
0.748747
0.644366
0.169238
0.952205
0.54327
0.251413
0.578572
0.915477
0.895597
0.482507
0.44274
0.311755
0.0553138
0.753792
0.131947
0.355922
0.395871
0.885521
0.0212395
0.844081
0.288071
0.250343
0.48838
0.729036
0.202616
0.216276
0.976335
0.593236
0.304404
0.967703
0.89597
0.190025
0.00179932
0.711764
0.867727
0.118308
0.039023
0.598195
0.604314
0.516432
0.0075074
0.688933
0.94602
0.873536
0.113276
0.354569
0.241937
0.560333
0.612727
0.300809
0.798142
0.795642
0.781092
0.351098
0.0542974
0.708705
0.992928
0.162476
0.113566
0.912875
0.481657
0.851806
0.809914
0.18676
0.2472
0.0541888
0.608961
0.777232
0.511064
0.0277501
0.990385
0.50094
0.331997
0.173883
0.625636
0.575135
0.750985
0.153519
0.356787
0.143951
0.850608
0.33787
0.275196
0.00601097
0.801912
0.497408
0.537843
0.870913
0.722844
0.668086
0.178828
0.550495
0.959875
0.596022
0.808571
0.984532
0.885924
0.213837
0.0346301
0.451124
0.0137946
0.473711
0.951197
0.248952
0.386423
0.431433
0.830886
0.824647
0.452999
0.38056
0.925869
0.740844
0.737633
0.946916
0.5101
0.791879
0.452174
0.849199
0.390431
0.738377
0.976439
0.523299
0.429915
0.207158
0.323401
0.11087
0.37521
0.329904
0.342105
0.817119
0.531685
0.521122
0.77431
0.120263
0.62545
0.346649
0.334619
0.574617
0.863938
0.198563
0.672451
0.901831
0.199157
0.298284
0.49652
0.889904
0.501415
0.276995
0.533958
0.57425
0.412804
0.0147637
0.702765
0.506747
0.381266
0.0649315
0.35858
0.234251
0.203504
0.81378
0.393435
0.0535752
0.375052
0.774994
0.165298
0.912219
0.319206
0.32978
0.204236
0.767215
0.0699731
0.950034
0.15821
0.286446
0.687129
0.14115
0.512087
0.721327
0.928845
0.732104
0.749848
0.40732
0.239492
0.52085
0.219077
0.842388
0.662933
0.816235
0.793878
0.469105
0.309525
0.687579
0.986852
0.769934
0.829581
0.706085
0.595336
0.752874
0.496722
0.865133
0.0680277
0.968546
0.0987563
0.546977
0.40297
0.10704
0.724166
0.613682
0.782968
0.566621
0.811319
0.576776
0.944029
0.871452
0.507602
0.788823
0.473031
0.828802
0.322482
0.976147
0.278211
0.0728308
0.751224
0.831189
0.922338
0.327024
0.804069
0.53825
0.463295
0.82075
0.951907
0.0762729
0.708671
0.234926
0.398896
0.268124
0.832513
0.995374
0.649751
0.703953
0.932303
0.687653
0.568354
0.380848
0.634579
0.363229
0.407619
0.3687
0.468399
0.503414
0.910536
0.206431
0.338604
0.574126
0.486932
0.262219
0.579593
0.878328
0.0609502
0.440876
0.084258
0.563238
0.539311
0.768058
0.23309
0.587362
0.458974
0.860982
0.660836
0.353879
0.347186
0.253718
0.952528
0.298201
0.158406
0.361297
0.741629
0.7059
0.700892
0.00622579
0.374346
0.901496
0.318345
0.597083
0.297795
0.125014
0.388356
0.817688
0.981176
0.86199
0.0838209
0.337712
0.236129
0.317805
0.984448
0.548251
0.749251
0.841852
0.16689
0.903098
0.105124
0.745093
0.729372
0.71747
0.133432
0.445789
0.508787
0.53049
0.859717
0.677725
0.805838
0.531243
0.955896
0.0666769
0.541518
0.28166
0.4809
0.684864
0.208258
0.608161
0.326176
0.880847
0.133395
0.102408
0.959117
0.152902
0.152538
0.155553
0.0895694
0.454425
0.668896
0.831302
0.790235
0.712711
0.472598
0.708588
0.958059
0.505776
0.305053
0.789811
0.236387
0.234303
0.464699
0.619387
0.615329
0.122624
0.123794
0.284459
0.735733
0.411308
0.828982
0.935114
0.399067
0.0522114
0.571186
0.74767
0.320244
0.492934
0.221653
0.939274
0.482305
0.539996
0.221057
0.095945
0.0601654
0.819509
0.771478
0.195696
0.895118
0.6843
0.656846
0.990381
0.0336918
0.424253
0.489984
0.583504
0.0832697
0.660155
0.0523052
0.556831
0.712025
0.487911
0.617601
0.213778
0.645659
0.380642
0.103713
0.377512
0.262861
0.241286
0.622924
0.522928
0.413238
0.217792
0.858554
0.861008
0.283939
0.615393
0.77949
0.954847
0.919603
0.384816
0.162643
0.796751
0.113817
0.158824
0.355828
0.847759
0.582781
0.586178
0.925838
0.575078
0.00997739
0.809377
0.608808
0.479914
0.26844
0.258096
0.48101
0.227341
0.0486023
0.169242
0.258446
0.19791
0.605693
0.823704
0.810615
0.802237
0.708113
0.859378
0.781085
0.203797
0.993343
0.0936245
0.650619
0.215177
0.243873
0.339688
0.197862
0.506833
0.950758
0.394607
0.584465
0.606537
0.714643
0.401536
0.858691
0.920485
0.750839
0.285592
0.796816
0.142766
0.50455
0.610688
0.703797
0.38334
0.728683
0.887285
0.0558483
0.138216
0.863065
0.421746
0.411314
0.959141
0.750245
0.980997
0.233516
0.0962268
0.384582
0.500273
0.570256
0.976632
0.492855
0.400883
0.99499
0.260998
0.665325
0.964257
0.671151
0.299175
0.531127
0.00146318
0.883789
0.404384
0.301206
0.950582
0.460648
0.287648
0.0846266
0.582181
0.153069
0.0730943
0.580565
0.287015
0.36192
0.724825
0.858312
0.347916
0.961746
0.953569
0.206037
0.768245
0.615532
0.918922
0.602537
0.702138
0.743675
0.385102
0.251504
0.0367597
0.472123
0.645072
0.27897
0.517861
0.245667
0.297508
0.650474
0.891393
0.861106
0.209915
0.399094
0.887883
0.256528
0.966802
0.619157
0.165346
0.826199
0.655693
0.546453
0.251329
0.0401564
0.233375
0.361113
0.633455
0.986098
0.207157
0.757084
0.886328
0.47223
0.158914
0.810921
0.476508
0.116288
0.875721
0.635186
0.0972813
0.908439
0.035016
0.0397497
0.988568
0.686182
0.376689
0.504324
0.763496
0.0488748
0.725928
0.701328
0.458891
0.582295
0.33909
0.170625
0.399193
0.919777
0.226045
0.361007
0.324562
0.0835821
0.512666
0.832865
0.904613
0.723596
0.382996
0.298017
0.691712
0.880457
0.924548
0.0812528
0.482673
0.128265
0.252911
0.883962
0.196277
0.121354
0.543695
0.314621
0.382041
0.791539
0.839179
0.680236
0.416922
0.64289
0.214081
0.617271
0.675191
0.601023
0.34631
0.364401
0.171481
0.795362
0.492667
0.354623
0.775061
0.236805
0.844833
0.816527
0.846228
0.370187
0.38323
0.861335
0.463909
0.570548
0.695307
0.960917
0.546313
0.636577
0.570892
0.927112
0.863766
0.169839
0.178699
0.243504
0.751779
0.199134
0.982941
0.709639
0.175436
0.858297
0.909411
0.961663
0.5706
0.562879
0.176661
0.513679
0.548472
0.165277
0.493893
0.535117
0.198807
0.623169
0.0263154
0.318791
0.533
0.326774
0.60219
0.361933
0.134921
0.913814
0.640559
0.658774
0.67533
0.744558
0.842178
0.516657
0.151869
0.380664
0.821019
0.171364
0.329975
0.966472
0.806293
0.222188
0.999773
0.0637387
0.425483
0.404338
0.400293
0.111923
0.424311
0.613546
0.988061
0.219901
0.354081
0.266242
0.291498
0.18839
0.0228596
0.449404
0.24364
0.868727
0.528611
0.914135
0.97393
0.585426
0.118975
0.926533
0.593561
0.883615
0.424476
0.607257
0.0707636
0.924772
0.642079
0.1045
0.700225
0.395804
0.0849048
0.214479
0.248799
0.226653
0.703004
0.754153
0.547287
0.553483
0.630573
0.985457
0.634278
0.600456
0.909187
0.570837
0.33542
0.957139
0.439923
0.601543
0.720262
0.678778
0.212759
0.0816234
0.274479
0.867518
0.559357
0.464628
0.430301
0.773986
0.65392
0.657729
0.161021
0.432377
0.505086
0.375332
0.480372
0.342421
0.777146
0.383944
0.711556
0.480933
0.72918
0.937559
0.517254
0.903069
0.218193
0.873219
0.0826929
0.465403
0.0219298
0.808281
0.17921
0.165392
0.181603
0.691437
0.213764
0.298105
0.768335
0.50115
0.909465
0.0578529
0.436752
0.572255
0.565067
0.823817
0.126099
0.300117
0.00212202
0.951107
0.766299
0.751304
0.138865
0.34932
0.151341
0.496721
0.808652
0.632869
0.688401
0.63957
0.729322
0.859846
0.626955
0.180591
0.573307
0.163566
0.906052
0.0773428
0.338535
0.580618
0.475235
0.80532
0.530778
0.22731
0.709485
0.148633
0.658116
0.633983
0.229306
0.182228
0.166353
0.149607
0.202747
0.954959
0.0159083
0.957514
0.0256923
0.971111
0.297596
0.525073
0.862339
0.896405
0.189011
0.66072
0.941231
0.975707
0.107935
0.178899
0.746551
0.0494685
0.0712849
0.489126
0.849894
0.997041
0.00439261
0.542607
0.861348
0.909139
0.845351
0.878873
0.746182
0.117489
0.509022
0.168832
0.831112
0.928011
0.169484
0.883737
0.387863
0.382569
0.271453
0.867883
0.741502
0.447873
0.709639
0.944331
0.174118
0.244596
0.640929
0.808613
0.853371
0.398118
0.115494
0.080281
0.360468
0.828906
0.21461
0.79104
0.654688
0.0261464
0.785776
0.922563
0.492313
0.834012
0.131354
0.759783
0.925736
0.832708
0.259401
0.213022
0.522315
0.397357
0.47911
0.993904
0.604478
0.944909
0.490442
0.437947
0.772656
0.744067
0.442904
0.0530001
0.0878218
0.797986
0.655582
0.0323356
0.557067
0.719802
0.110408
0.216647
0.81102
0.138662
0.881899
0.923556
0.0127556
0.377159
0.167812
0.540223
0.101662
0.0392677
0.933229
0.971592
0.360928
0.644205
0.0679473
0.207912
0.0396038
0.469359
0.150097
0.991307
0.427062
0.955372
0.724247
0.580892
0.540258
0.705441
0.00502888
0.782516
0.92686
0.00829566
0.824628
0.767336
0.997137
0.227653
0.919542
0.641999
0.10532
0.268161
0.763844
0.80551
0.104253
0.469759
0.219062
0.922708
0.320323
0.857544
0.259847
0.878063
0.188268
0.759194
0.0316893
0.642339
0.566871
0.37641
0.212548
0.792157
0.145443
0.489142
0.0128457
0.186612
0.48523
0.838226
0.141057
0.732217
0.691067
0.0344926
0.488857
0.97139
0.112451
0.743214
0.638541
0.594183
0.498623
0.567853
0.426504
0.0762394
0.290587
0.561335
0.633333
0.930776
0.977769
0.0935965
0.661735
0.602773
0.473818
0.356256
0.475578
0.671022
0.959645
0.0890843
0.797742
0.590776
0.912197
0.101129
0.293295
0.0515882
0.504128
0.768376
0.282985
0.22536
0.33129
0.453251
0.737385
0.509886
0.382514
0.905483
0.965258
0.628267
0.132031
0.618302
0.38302
0.991194
0.286827
0.706191
0.535206
0.193211
0.689435
0.050455
0.184434
0.0456583
0.885042
0.839794
0.118155
0.410415
0.120229
0.572093
0.94939
0.256385
0.989865
0.349808
0.208522
0.665827
0.973345
0.6227
0.0635379
0.37351
0.166252
0.231278
0.0522086
0.901756
0.793292
0.373014
0.832055
0.753835
0.621863
0.394093
0.359278
0.0888525
0.341677
0.548671
0.460547
0.645452
0.513521
0.814426
0.0971832
0.463714
0.589817
0.187172
0.61133
0.051942
0.575727
0.842345
0.499726
0.439025
0.149057
0.0282795
0.75667
0.796106
0.293556
0.115207
0.375092
0.828894
0.841777
0.665238
0.96014
0.943118
0.112699
0.648287
0.480804
0.0665207
0.897771
0.49723
0.771303
0.0603622
0.262457
0.651069
0.133604
0.638546
0.384943
0.765698
0.652916
0.381489
0.300019
0.34014
0.918927
0.456267
0.442497
0.454186
0.945282
0.219119
0.882403
0.0198754
0.341765
0.766027
0.342804
0.618806
0.453021
0.0101626
0.599081
0.601568
0.649417
0.342721
0.493299
0.701774
0.887803
0.0550578
0.098362
0.649783
0.764071
0.987959
0.125325
0.364477
0.67623
0.375758
0.863458
0.291977
0.133475
0.672651
0.202585
0.868515
0.751157
0.41938
0.000231065
0.149464
0.273834
0.872425
0.601251
0.321188
0.284293
0.435316
0.903759
0.925106
0.505292
0.627582
0.719264
0.0239129
0.574933
0.0465345
0.422531
0.467734
0.022628
0.065074
0.923956
0.534143
0.366796
0.363946
0.151374
0.149609
0.350802
0.335966
0.784028
0.486739
0.464798
0.131253
0.886391
0.674557
0.83516
0.656488
0.983917
0.97979
0.250153
0.624571
0.728242
0.49817
0.849828
0.190918
0.124144
0.00279042
0.152953
0.534161
0.510634
0.385216
0.310596
0.00355545
0.815242
0.638418
0.448339
0.244086
0.803385
0.823971
0.852191
0.467252
0.970699
0.841244
0.0785482
0.237599
0.817571
0.405829
0.466312
0.951536
0.965005
0.765285
0.574534
0.915925
0.495432
0.166012
0.325998
0.296436
0.558298
0.0674768
0.0689778
0.166785
0.947438
0.811088
0.710456
0.970246
0.998427
0.987455
0.150087
0.958479
0.530459
0.0740865
0.311821
0.895171
0.834768
0.00234876
0.64021
0.803183
0.245131
0.0641222
0.263148
0.10272
0.483719
0.418884
0.381289
0.886765
0.420558
0.283848
0.0481811
0.219166
0.239176
0.0292585
0.702311
0.00763555
0.610921
0.40809
0.248947
0.65246
0.320277
0.103672
0.535565
0.16487
0.883439
0.666457
0.847742
0.762661
0.807014
0.632952
0.710427
0.688664
0.320948
0.531648
0.873194
0.0545397
0.500401
0.432763
0.904282
0.630183
0.983036
0.5852
0.840637
0.468814
0.545222
0.179104
0.634462
0.962959
0.534014
0.479614
0.793666
0.0927137
0.8808
0.00387354
0.511529
0.678464
0.565748
0.478459
0.320513
0.60158
0.913153
0.682518
0.946733
0.099089
0.511029
0.110128
0.545262
0.688786
0.147417
0.777561
0.399051
0.8983
0.307044
0.0610511
0.219471
0.0828329
0.950395
0.0163707
0.114668
0.0124099
0.216227
0.0114275
0.642449
0.516991
0.245542
0.193747
0.0908706
0.368442
0.00779291
0.602701
0.478855
0.308118
0.744444
0.839349
0.262432
0.514238
0.446774
0.341211
0.839142
0.982493
0.626465
0.181275
0.123017
0.579969
0.328536
0.268186
0.550239
0.180517
0.678492
0.0556885
0.0340572
0.286518
0.07739
0.900572
0.846606
0.395698
0.169215
0.430452
0.416218
0.728763
0.406474
0.951807
0.911985
0.951414
0.346001
0.290244
0.886701
0.210031
0.130877
0.520516
0.905463
0.40253
0.215761
0.0787395
0.93306
0.602872
0.377492
0.664931
0.79219
0.333492
0.692659
0.203816
0.958714
0.711832
0.166907
0.442777
0.632994
0.929967
0.529331
0.626474
0.680819
0.923198
0.152834
0.405721
0.312476
0.693899
0.890688
0.490671
0.805824
0.326439
0.549879
0.388784
0.896829
0.67612
0.828397
0.110089
0.279227
0.767636
0.216057
0.0340621
0.436552
0.936864
0.262089
0.569745
0.359553
0.0268386
0.500419
0.827015
0.258982
0.045885
0.246472
0.660732
0.32941
0.659496
0.0130041
0.718068
0.391119
0.0335053
0.406015
0.716308
0.921336
0.984016
0.983421
0.896306
0.865703
0.800961
0.554979
0.418872
0.127123
0.654621
0.863965
0.274598
0.840164
0.0707552
0.378792
0.268169
0.152921
0.631
0.316375
0.959112
0.498674
0.738609
0.0127557
0.605353
0.576451
0.807379
0.654968
0.878228
0.902373
0.152233
0.19258
0.790976
0.0607051
0.389827
0.299966
0.73418
0.104209
0.792575
0.782729
0.532398
0.253352
0.0709546
0.625803
0.0246815
0.0620425
0.129612
0.450614
0.672336
0.856111
0.498445
0.0487845
0.313832
0.641631
0.786387
0.28915
0.497868
0.818435
0.595128
0.536425
0.330873
0.41169
0.794006
0.343208
0.462607
0.367824
0.679571
0.567779
0.651777
0.491114
0.398458
0.477484
0.0665876
0.411028
0.969092
0.780721
0.729018
0.765651
0.756581
0.84327
0.770157
0.978661
0.111359
0.396077
0.492061
0.258095
0.0369662
0.974381
0.726426
0.147965
0.147895
0.704824
0.380994
0.0764114
0.41084
0.142991
0.79892
0.930248
0.00471948
0.650041
0.678532
0.253623
0.843181
0.293959
0.0268604
0.0933072
0.797885
0.711403
0.783407
0.623923
0.825415
0.0350226
0.405475
0.249669
0.480897
0.880839
0.280685
0.599143
0.0262261
0.155199
0.833911
0.194893
0.829788
0.338075
0.671117
0.0523663
0.734309
0.499482
0.9433
0.289772
0.37656
0.113755
0.964851
0.432512
0.0845632
0.716676
0.506787
0.328088
0.753524
0.836006
0.253716
0.534425
0.435165
0.157704
0.600481
0.937451
0.107759
0.899981
0.550465
0.427357
0.152381
0.247546
0.447369
0.532783
0.354651
0.773115
0.881681
0.734092
0.406432
0.604179
0.641105
0.127467
0.496192
0.310469
0.578574
0.943609
0.42694
0.0331284
0.929434
0.924982
0.358307
0.259989
0.78686
0.511582
0.562527
0.684794
0.0923966
0.872579
0.942938
0.0965942
0.845883
0.909396
0.0113411
0.523683
0.650345
0.385145
0.649302
0.762853
0.575686
0.631919
0.278204
0.839836
0.426835
0.631622
0.833467
0.270185
0.400801
0.554255
0.443865
0.0903841
0.744381
0.0326154
0.429743
0.0372623
0.975798
0.52234
0.90963
0.383248
0.884452
0.255018
0.90905
0.89456
0.398517
0.62502
0.567597
0.894512
0.214166
0.00385916
0.880581
0.235122
0.244865
0.640917
0.304524
0.825621
0.883689
0.945373
0.390795
0.80132
0.157113
0.625165
0.698985
0.0858689
0.53118
0.888567
0.263666
0.234786
0.839657
0.49554
0.152366
0.230768
0.657954
0.562948
0.291829
0.622305
0.715905
0.280731
0.412273
0.362206
0.781392
0.135487
0.90207
0.289636
0.499558
0.78359
0.677062
0.149812
0.696619
0.129013
0.945946
0.886412
0.515005
0.679409
0.976793
0.12546
0.752243
0.827052
0.78143
0.190883
0.428641
0.0144567
0.325285
0.134702
0.450517
0.572275
0.792023
0.419737
0.532537
0.925704
0.899082
0.544833
0.901124
0.0518267
0.808603
0.334905
0.228683
0.822402
0.348235
0.165471
0.0281336
0.95537
0.680291
0.860562
0.939094
0.680194
0.917424
0.256692
0.885618
0.920043
0.300063
0.0733909
0.767399
0.0849522
0.728764
0.44789
0.651249
0.169502
0.531449
0.633801
0.014096
0.470371
0.886326
0.114028
0.442541
0.659548
0.294773
0.950368
0.694286
0.206807
0.554762
0.879278
0.557858
0.752334
0.894901
0.841844
0.130857
0.189154
0.15364
0.0289021
0.0090849
0.596452
0.609049
0.918923
0.733574
0.301147
0.495574
0.258163
0.732854
0.116761
0.746042
0.809789
0.745234
0.337143
0.584325
0.468952
0.087265
0.828717
0.685945
0.267325
0.969484
0.183774
0.299941
0.411185
0.236489
0.195055
0.705379
0.180548
0.522333
0.296172
0.462782
0.925232
0.215889
0.00100888
0.906606
0.680042
0.514952
0.522069
0.102919
0.99688
0.358969
0.625243
0.393367
0.00766245
0.545285
0.50911
0.246779
0.0453953
0.84173
0.0482499
0.31632
0.783419
0.9724
0.586464
0.778044
0.727697
0.650987
0.664615
0.93878
0.535081
0.39844
0.670458
0.440534
0.132874
0.439204
0.547643
0.395136
0.398272
0.751349
0.52235
0.490433
0.0886789
0.250852
0.447559
0.637961
0.709445
0.99262
0.932195
0.0922295
0.95354
0.162796
0.970455
0.597007
0.240227
0.0702952
0.300041
0.813545
0.0767099
0.354473
0.132011
0.15818
0.0621471
0.701843
0.0864817
0.616787
0.173772
0.651401
0.498696
0.284511
0.83056
0.81836
0.938169
0.000326096
0.640389
0.00735569
0.106421
0.106794
0.367109
0.239608
0.34614
0.24962
0.387064
0.421038
0.640077
0.787553
0.269994
0.843982
0.740468
0.826102
0.182192
0.0654362
0.61035
0.701553
0.111618
0.0958237
0.597834
0.812233
0.814578
0.089437
0.731279
0.903857
0.452232
0.0706877
0.241278
0.731865
0.0404916
0.424523
0.540215
0.953828
0.208906
0.116332
0.64622
0.108411
0.983497
0.248344
0.606356
0.816695
0.830054
0.489039
0.760728
0.915108
0.900975
0.214238
0.547061
0.784709
0.194441
0.746889
0.475558
0.583259
0.260548
0.0848225
0.298133
0.917129
0.470518
0.269468
0.76297
0.772172
0.0212996
0.879986
0.79817
0.324165
0.669044
0.296294
0.929952
0.28196
0.16888
0.745167
0.477134
0.653445
0.966576
0.313027
0.0764395
0.791415
0.365384
0.585099
0.183337
0.0769189
0.153663
0.826876
0.300957
0.383884
0.650749
0.817371
0.766266
0.374176
0.189862
0.646502
0.0036053
0.282888
0.638601
0.592075
0.325289
0.988951
0.123236
0.735877
0.156617
0.434647
0.832243
0.35991
0.076238
0.556926
0.27393
0.132055
0.699655
0.485905
0.182716
0.101215
0.201584
0.134746
0.323789
0.950545
0.532131
0.247686
0.437276
0.669088
0.547696
0.609054
0.863135
0.380696
0.748956
0.156697
0.0581238
0.339707
0.817176
0.377548
0.972605
0.605319
0.338236
0.927984
0.898425
0.850706
0.256792
0.285496
0.779947
0.701395
0.492512
0.967668
0.476161
0.994906
0.490579
0.503453
0.768773
0.388084
0.453259
0.132854
0.758506
0.565237
0.648637
0.798058
0.220448
0.857891
0.904729
0.29202
0.72587
0.339446
0.272681
0.170275
0.664018
0.535852
0.829109
0.267362
0.176156
0.431186
0.475655
0.785221
0.130652
0.0513557
0.627506
0.0290876
0.136195
0.694556
0.515679
0.542582
0.808484
0.793686
0.501867
0.276632
0.119665
0.886598
0.970289
0.942526
0.638128
0.0905902
0.0747081
0.182451
0.0316877
0.724936
0.144159
0.635927
0.789848
0.566253
0.377414
0.821586
0.304881
0.319373
0.78498
0.503736
0.260997
0.732476
0.16295
0.921075
0.222223
0.0836087
0.0737016
0.769552
0.817677
0.740426
0.758249
0.961195
0.466425
0.786996
0.422568
0.94373
0.0013144
0.981268
0.570194
0.346471
0.557503
0.299785
0.159073
0.665256
0.684203
0.792409
0.348624
0.250075
0.345003
0.328633
0.927486
0.756072
0.288239
0.60618
0.766029
0.846152
0.901981
0.595707
0.0685361
0.218043
0.869408
0.414218
0.661209
0.783485
0.247886
0.554425
0.229585
0.00691276
0.766639
0.0218332
0.393103
0.25254
0.204217
0.662279
0.914742
0.00690255
0.746423
0.799671
0.907799
0.974574
0.119863
0.51897
0.821975
0.637023
0.95391
0.946926
0.966605
0.0673442
0.437535
0.32084
0.134052
0.134585
0.805948
0.524764
0.944257
0.98834
0.409894
0.371188
0.226854
0.446031
0.266221
0.459096
0.432905
0.259623
0.133715
0.419228
0.506861
0.324325
0.684689
0.443094
0.435663
0.793024
0.815556
0.752113
0.789256
0.501267
0.555182
0.63075
0.0979892
0.245676
0.615725
0.30496
0.766968
0.267229
0.0395063
0.296562
0.556365
0.969074
0.689125
0.717881
0.559029
0.533354
0.875724
0.393099
0.458067
0.208245
0.757273
0.546692
0.357388
0.700998
0.109222
0.00661077
0.597302
0.659176
0.580006
0.909952
0.636006
0.525561
0.259623
0.0511709
0.73195
0.164291
0.280397
0.259427
0.547096
0.541268
0.788113
0.869606
0.787541
0.969428
0.180468
0.930599
0.0451519
0.240646
0.00885503
0.671594
0.904813
0.572416
0.155461
0.502367
0.567733
0.188272
0.324196
0.716037
0.552929
0.142282
0.380364
0.396569
0.576742
0.0194015
0.57758
0.932196
0.106873
0.73215
0.970523
0.608886
0.719666
0.302752
0.459022
0.0480286
0.385352
0.361716
0.287584
0.816713
0.450528
0.806633
0.790173
0.282958
0.0683092
0.0549307
0.637523
0.424286
0.905531
0.417321
0.154058
0.539999
0.937091
0.660955
0.394657
0.258991
0.847912
0.945056
0.377
0.0672802
0.181582
0.575748
0.185885
0.291448
0.461664
0.346977
0.318166
0.459915
0.235895
0.027752
0.658453
0.158804
0.802663
0.40858
0.327392
0.746015
0.746352
0.173955
0.117545
0.174038
0.627409
0.84189
0.510083
0.165764
0.714305
0.907037
0.218538
0.870961
0.211836
0.836665
0.859302
0.523377
0.477363
0.889883
0.0650762
0.509456
0.620798
0.733567
0.229996
0.0218719
0.138989
0.769507
0.969765
0.386794
0.993428
0.326393
0.137161
0.384754
0.562636
0.633835
0.541606
0.314993
0.159327
0.152616
0.136951
0.709803
0.464864
0.113271
0.700879
0.179986
0.803668
0.513956
0.548438
0.207845
0.784589
0.52649
0.571023
0.422041
0.721156
0.0731383
0.594862
0.861977
0.448801
0.652577
0.303473
0.60744
0.278902
0.799562
0.796169
0.954087
0.444338
0.456883
0.599817
0.842622
0.0312005
0.18727
0.943594
0.947922
0.452984
0.810833
0.928879
0.672717
0.372332
0.405696
0.438824
0.678649
0.46507
0.953264
0.354698
0.339021
0.89586
0.545434
0.749284
0.124877
0.453235
0.0747494
0.663341
0.703652
0.918951
0.660072
0.690105
0.853724
0.467902
0.458479
0.806104
0.824767
0.190436
0.0256732
0.056815
0.142936
0.171419
0.625845
0.0295152
0.472332
0.678443
0.114789
0.236064
0.289081
0.172756
0.323706
0.80111
0.299634
0.775626
0.552771
0.554692
0.730647
0.773625
0.900847
0.138167
0.794077
0.189413
0.0289744
0.127387
0.133736
0.128311
0.93526
0.27323
0.942679
0.638151
0.872531
0.367073
0.236202
0.187318
0.545649
0.255116
0.305824
0.0155486
0.587488
0.962558
0.849848
0.0079403
0.634026
0.359291
0.11406
0.540818
0.416421
0.517098
0.886123
0.149396
0.434677
0.0590388
0.38103
0.722369
0.0951192
0.66719
0.296401
0.598563
0.151852
0.436377
0.0126823
0.229023
0.26368
0.511385
0.215085
0.34611
0.747817
0.413619
0.0557526
0.390028
0.474484
0.825321
0.303644
0.82179
0.56568
0.0543816
0.260014
0.589104
0.479734
0.198651
0.239013
0.780193
0.61731
0.144129
0.716132
0.401506
0.462385
0.707282
0.401211
0.0143854
0.0746404
0.591068
0.446002
0.926621
0.0948934
0.375419
0.545999
0.111678
0.904463
0.633277
0.905412
0.630553
0.0142283
0.316478
0.111871
0.629463
0.0607094
0.673995
0.477439
0.305546
0.516333
0.707028
0.813611
0.315808
0.311302
0.344977
0.666305
0.861072
0.761779
0.875838
0.871235
0.17279
0.850224
0.959588
0.770207
0.875015
0.0674135
0.646792
0.324097
0.640347
0.879751
0.373638
0.766738
0.168087
0.519725
0.627456
0.713914
0.306396
0.263687
0.916004
0.615034
0.0931751
0.627697
0.192028
0.776965
0.864501
0.333582
0.135414
0.765467
0.318614
0.25238
0.200075
0.0690099
0.551911
0.403812
0.750116
0.487184
0.384786
0.0614085
0.213691
0.543873
0.410645
0.900963
0.0562895
0.443509
0.537813
0.134061
0.540947
0.857368
0.198017
0.155609
0.0613778
0.661074
0.0186026
0.291103
0.973824
0.76464
0.243684
0.682116
0.137855
0.629812
0.857015
0.899798
0.348368
0.48631
0.679517
0.704122
0.460884
0.364272
0.280265
0.0762044
0.444625
0.165706
0.398749
0.920585
0.511334
0.914142
0.0919339
0.993037
0.0964336
0.313147
0.785375
0.6024
0.465908
0.298131
0.133173
0.295009
0.166627
0.317104
0.10984
0.832088
0.971593
0.218271
0.706078
0.0390137
0.616295
0.669364
0.0372015
0.00333456
0.142464
0.862405
0.276037
0.531692
0.522221
0.567618
0.333033
0.413417
0.414348
0.983922
0.0577393
0.396543
0.791321
0.594185
0.309563
0.901803
0.093127
0.319027
0.886962
0.657432
0.684517
0.473949
0.141244
0.950925
0.882626
0.437439
0.834957
0.325143
0.367639
0.794839
0.0993087
0.951782
0.00147392
0.295396
0.0484546
0.44274
0.789846
0.913521
0.533254
0.804076
0.56266
0.750876
0.00923035
0.476785
0.25033
0.307918
0.966949
0.208804
0.520476
0.225546
0.567198
0.998164
0.131865
0.954677
0.123878
0.186238
0.646503
0.128169
0.0813205
0.659227
0.0273989
0.98518
0.539331
0.373835
0.706735
0.947411
0.382277
0.692909
0.602071
0.775258
0.591834
0.37618
0.850649
0.225735
0.796958
0.996881
0.281311
0.710381
0.664642
0.414836
0.49827
0.949123
0.953182
0.732923
0.38468
0.0400827
0.582934
0.564713
0.355183
0.880201
0.62453
0.624016
0.295741
0.0746799
0.293706
0.23474
0.345897
0.84849
0.160364
0.157864
0.508659
0.603301
0.161397
0.635454
0.843941
0.782269
0.264566
0.314699
0.183196
0.447473
0.326679
0.279816
0.931764
0.399692
0.379423
0.592846
0.0685067
0.205238
0.723618
0.575148
0.200233
0.84348
0.42373
0.544751
0.527967
0.185108
0.0816897
0.464094
0.0305548
0.434984
0.557865
0.638782
0.0342174
0.7099
0.169324
0.593382
0.608065
0.77236
0.0562736
0.854725
0.384284
0.399619
0.325417
0.55539
0.29542
0.36612
0.349048
0.630224
0.664442
0.992096
0.944361
0.350348
0.192998
0.919576
0.288692
0.550859
0.919324
0.0900485
0.257696
0.427048
0.577723
0.899521
0.218226
0.967032
0.433981
0.784822
0.525234
0.331277
0.431594
0.717902
0.916212
0.890028
0.134706
0.119913
0.893452
0.653086
0.0402781
0.504716
0.894453
0.385728
0.292052
0.234037
0.200948
0.380306
0.59479
0.268386
0.622443
0.804567
0.103971
0.72924
0.64859
0.474655
0.932912
0.0964437
0.599107
0.233565
0.0323283
0.579859
0.842198
0.556897
0.839883
0.204952
0.621255
0.174021
0.28954
0.0185029
0.701496
0.952091
0.749009
0.756727
0.542089
0.282063
0.244875
0.286318
0.963134
0.230695
0.537321
0.205008
0.434041
0.142212
0.375584
0.793561
0.812816
0.903791
0.540376
0.817863
0.708417
0.0432089
0.145946
0.233336
0.246701
0.170283
0.235057
0.275461
0.951607
0.346671
0.297322
0.404426
0.302237
0.757311
0.359744
0.1249
0.617183
0.355519
0.362938
0.0684883
0.867162
0.457896
0.0776154
0.904921
0.281696
0.613878
0.661858
0.200025
0.959986
0.665106
0.5413
0.868969
0.557047
0.0213981
0.482681
0.807986
0.736009
0.572304
0.00898485
0.71828
0.449427
0.659617
0.753208
0.804739
0.0291556
0.779817
0.56735
0.0761166
0.251622
0.133455
0.564474
0.540981
0.0689214
0.988431
0.251095
0.315473
0.300657
0.042039
0.527901
0.256022
0.40871
0.947513
0.919281
0.121244
0.591945
0.359652
0.719307
0.523551
0.260843
0.493079
0.855836
0.724406
0.19911
0.157286
0.370476
0.862272
0.684763
0.634198
0.141323
0.0793022
0.876145
0.420429
0.487664
0.460325
0.515677
0.271994
0.23158
0.899534
0.908697
0.603643
0.365236
0.598591
0.668487
0.894564
0.0873355
0.53901
0.42845
0.617153
0.558876
0.225851
0.10452
0.00997766
0.0591533
0.322652
0.779477
0.335479
0.619569
0.992886
0.648006
0.539776
0.232255
0.739832
0.888992
0.859808
0.597061
0.654752
0.915014
0.433183
0.289761
0.631882
0.295422
0.622029
0.0475342
0.99461
0.206764
0.607364
0.34763
0.717737
0.0279933
0.0668418
0.927064
0.0877718
0.332399
0.526181
0.246642
0.542899
0.780868
0.521882
0.93195
0.147112
0.416766
0.280293
0.5981
0.0364749
0.0636865
0.322883
0.0983785
0.170045
0.371164
0.0397616
0.709241
0.641341
0.174061
0.0621519
0.406659
0.463063
0.202674
0.86955
0.59794
0.0230135
0.899426
0.452946
0.0580262
0.106269
0.998425
0.866327
0.615206
0.0269445
0.322523
0.463776
0.0990172
0.570988
0.325875
0.450492
0.577844
0.0748443
0.0573427
0.300956
0.521721
0.56188
0.241555
0.91272
0.825734
0.444546
0.982063
0.578268
0.234423
0.81059
0.451274
0.249969
0.955438
0.14265
0.512563
0.971925
0.648321
0.614671
0.46965
0.577781
0.911313
0.37622
0.228765
0.423525
0.273596
0.444566
0.627515
0.534641
0.385442
0.87345
0.300349
0.40003
0.517724
0.0618247
0.231367
0.118486
0.09878
0.890275
0.0333891
0.839035
0.507267
0.113716
0.490446
0.599442
0.0902161
0.978224
0.653019
0.461132
0.863758
0.262829
0.823963
0.328975
0.941301
0.244108
0.95711
0.510825
0.56458
0.993716
0.770984
0.313802
0.0578726
0.0440738
0.812944
0.412073
0.384163
0.523127
0.892149
0.405921
0.604389
0.0948036
0.335981
0.144842
0.244881
0.378972
0.27032
0.215599
0.633731
0.799716
0.208514
0.896256
0.745709
0.536386
0.969965
0.564883
0.21769
0.857763
0.861999
0.313302
0.326984
0.840013
0.492533
0.0519025
0.778018
0.426672
0.279962
0.333508
0.36694
0.794792
0.0386908
0.726669
0.872684
0.285815
0.656849
0.231887
0.621954
0.0751238
0.966756
0.60997
0.383715
0.0305698
0.857566
0.603543
0.84784
0.504616
0.00791084
0.919073
0.410705
0.732366
0.151105
0.815233
0.909603
0.777942
0.757123
0.405198
0.701901
0.565461
0.584736
0.344915
0.704233
0.160864
0.00151393
0.562001
0.546484
0.550828
0.694537
0.927494
0.94421
0.903263
0.604106
0.92621
0.116946
0.340802
0.0367304
0.53837
0.737229
0.181223
0.426247
0.098168
0.303222
0.780123
0.53696
0.769071
0.638944
0.893148
0.0606904
0.175772
0.416332
0.739792
0.892955
0.0258533
0.137563
0.424087
0.764567
0.524437
0.754481
0.169798
0.672727
0.618653
0.00684609
0.740226
0.991735
0.128181
0.360583
0.191073
0.714398
0.177867
0.986849
0.0169991
0.0397965
0.804331
0.859792
0.566253
0.754113
0.519515
0.585904
0.190733
0.503441
0.0509146
0.0560957
0.335197
0.630905
0.891978
0.673397
0.685267
0.695745
0.799831
0.660605
0.519937
0.331736
0.934173
0.246477
0.511206
0.740318
0.254169
0.845585
0.538154
0.910136
0.350706
0.935325
0.927719
0.5877
0.101762
0.366876
0.275846
0.266098
0.226539
0.00132078
0.893007
0.453498
0.578421
0.315606
0.994017
0.983893
0.964548
0.666265
0.726158
0.334043
0.522773
0.273354
0.718379
0.778018
0.0810642
0.22158
0.203959
0.624099
0.725205
0.834364
0.0188954
0.202118
0.469093
0.378395
0.340394
0.0638512
0.761336
0.402662
0.67429
0.551076
0.0514572
0.307496
0.965445
0.931475
0.378027
0.61767
0.562533
0.830561
0.957699
0.0755057
0.888024
0.562447
0.194355
0.221453
0.705763
0.596761
0.586296
0.968494
0.581743
0.0998003
0.166603
0.102094
0.146247
0.671565
0.639853
0.372435
0.162873
0.389519
0.799977
0.399794
0.755119
0.29521
0.640006
0.885117
0.209643
0.480356
0.112988
0.13237
0.0640023
0.0792974
0.626954
0.411334
0.63859
0.856557
0.763575
0.97616
0.781537
0.935583
0.739152
0.25362
0.71925
0.693513
0.773319
0.747217
0.318384
0.510431
0.773066
0.572816
0.95385
0.171572
0.907235
0.752219
0.286175
0.62741
0.462828
0.129439
0.549385
0.969509
0.44214
0.590964
0.11097
0.199852
0.162964
0.0368774
0.272725
0.230134
0.358545
0.134343
0.998595
0.513521
0.387846
0.249853
0.364752
0.399058
0.926301
0.495473
0.609187
0.00480846
0.587729
0.777462
0.657183
0.528315
0.825773
0.962434
0.313736
0.797085
0.285176
0.0148949
0.0941498
0.328723
0.305566
0.0180221
0.162207
0.443989
0.76677
0.681256
0.714537
0.459781
0.919268
0.988943
0.932601
0.461523
0.904922
0.386452
0.603017
0.560319
0.84584
0.284805
0.663318
0.602258
0.656463
0.309934
0.331644
0.188197
0.100683
0.286564
0.354826
0.535762
0.990833
0.0281781
0.709532
0.905157
0.865829
0.119169
0.955275
0.440901
0.87576
0.864952
0.355151
0.631146
0.864549
0.0209917
0.0768203
0.376714
0.149194
0.0340969
0.78225
0.327245
0.817476
0.173619
0.676118
0.8756
0.757155
0.229626
0.358944
0.363164
0.267443
0.337303
0.0869606
0.45156
0.454664
0.0290355
0.637102
0.0594588
0.169196
0.68468
0.554567
0.00603583
0.288085
0.376612
0.146493
0.0745336
0.460743
0.370394
0.824558
0.537536
0.817516
0.460381
0.0140338
0.00498321
0.166227
0.365939
0.71821
0.159424
0.278771
0.644938
0.287204
0.321931
0.155417
0.387663
0.895733
0.887767
0.393613
0.675458
0.252214
0.949988
0.624682
0.206948
0.109655
0.56585
0.274333
0.0711653
0.158449
0.0495203
0.680884
0.781756
0.807365
0.265054
0.895899
0.607986
0.0144008
0.344029
0.533665
0.627763
0.446737
0.811106
0.144828
0.974829
0.83376
0.340101
0.616239
0.303756
0.0892188
0.521526
0.825292
0.763927
0.947639
0.333547
0.389738
0.150413
0.333704
0.553679
0.550294
0.160421
0.117089
0.39855
0.831383
0.185001
0.500786
0.126314
0.864628
0.766646
0.564354
0.389569
0.490138
0.886904
0.905048
0.498389
0.529227
0.909701
0.578598
0.775785
0.661395
0.469657
0.219768
0.60259
0.184259
0.19751
0.861992
0.125649
0.64558
0.437318
0.612605
0.737482
0.303279
0.0429677
0.835508
0.369308
0.661339
0.89572
0.274099
0.997898
0.834353
0.791344
0.656613
0.543673
0.386681
0.822232
0.595335
0.781641
0.987675
0.788254
0.852921
0.485613
0.873756
0.333847
0.205317
0.494357
0.031209
0.827574
0.264257
0.677499
0.793864
0.681844
0.650759
0.237342
0.477403
0.936419
0.241104
0.209114
0.272472
0.775817
0.331411
0.603075
0.184015
0.0874589
0.308915
0.230878
0.909187
0.936884
0.0318788
0.593647
0.0438175
0.424903
0.521581
0.840339
0.62503
0.255205
0.904691
0.767301
0.562666
0.897154
0.368079
0.337731
0.618855
0.0868954
0.375498
0.187381
0.810527
0.723248
0.674674
0.913981
0.820961
0.548725
0.0155416
0.0946864
0.514758
0.952483
0.843061
0.935012
0.973413
0.372526
0.320901
0.783248
0.212222
0.959152
0.930233
0.365729
0.344912
0.692682
0.716604
0.800343
0.59367
0.097175
0.559509
0.04309
0.757632
0.659648
0.599459
0.226995
0.713714
0.724502
0.344218
0.0327508
0.843616
0.7703
0.509647
0.706963
0.791174
0.330669
0.913675
0.576705
0.287909
0.266865
0.890178
0.366101
0.150015
0.946328
0.650835
0.982215
0.193834
0.828743
0.493802
0.590779
0.0448906
0.564458
0.633544
0.4981
0.0596236
0.515163
0.0531949
0.843632
0.594673
0.691019
0.647227
0.62344
0.953858
0.176944
0.474905
0.842404
0.496963
0.762405
0.179877
0.691622
0.914425
0.162657
0.428096
0.0418519
0.225746
0.66615
0.871345
0.344728
0.0272516
0.905283
0.471062
0.910464
0.32798
0.691104
0.017448
0.512347
0.331814
0.336112
0.953346
0.750505
0.333924
0.632833
0.415546
0.5765
0.959501
0.615848
0.150578
0.838271
0.726165
0.108846
0.161352
0.29701
0.423582
0.528414
0.275097
0.827956
0.792785
0.273748
0.615694
0.101551
0.669963
0.347397
0.669496
0.295302
0.680428
0.393773
0.391818
0.206963
0.72452
0.819305
0.926472
0.51412
0.193143
0.602901
0.19818
0.410393
0.853075
0.429082
0.925659
0.373078
0.698246
0.588625
0.100866
0.412395
0.924708
0.0555505
0.384048
0.24064
0.227809
0.35712
0.924103
0.502498
0.803238
0.350272
0.458683
0.951097
0.132983
0.0703072
0.706081
0.931703
0.108901
0.651697
0.146062
0.693963
0.625614
0.0437234
0.797924
0.986211
0.436745
0.344749
0.0488061
0.225203
0.581013
0.601375
0.252518
0.654342
0.0600956
0.940506
0.0925306
0.333978
0.65105
0.503911
0.530925
0.379124
0.768907
0.282511
0.649273
0.922184
0.330672
0.813439
0.787636
0.124322
0.157388
0.414998
0.687333
0.657704
0.679977
0.00938668
0.12861
0.763906
0.841915
