0.746949
0.944523
0.919714
0.223074
0.509767
0.78774
0.522452
0.617392
0.558241
0.730992
0.0634021
0.492787
0.229924
0.337391
0.551638
0.743686
0.412306
0.507618
0.128972
0.214836
0.29283
0.449966
0.240282
0.263263
0.891583
0.58614
0.938675
0.61808
0.250719
0.102537
0.546364
0.442646
0.691506
0.759439
0.399421
0.567413
0.205584
0.943529
0.512807
0.276247
0.22914
0.952928
0.689421
0.707873
0.656922
0.778967
0.58047
0.50323
0.878731
0.392949
0.242636
0.281627
0.904771
0.702675
0.853056
0.378684
0.633022
0.0315568
0.920034
0.469747
0.519903
0.766312
0.336217
0.625985
0.326902
0.311107
0.646078
0.433692
0.102887
0.236151
0.971783
0.698897
0.65945
0.326097
0.0198219
0.570473
0.0363349
0.264743
0.190658
0.4493
0.768655
0.627936
0.3147
0.292043
0.078238
0.171944
0.72128
0.0894486
0.917812
0.429677
0.0797229
0.572144
0.831772
0.347368
0.779889
0.708339
0.590942
0.376994
0.393825
0.428309
0.423026
0.218924
0.496765
0.0398697
0.564816
0.049143
0.872281
0.860025
0.338258
0.97403
0.954775
0.988621
0.157718
0.00291835
0.24818
0.34629
0.233339
0.755891
0.225928
0.448443
0.259445
0.345795
0.902955
0.0127009
0.132223
0.388063
0.840621
0.213266
0.935234
0.9698
0.375259
0.984863
0.122086
0.760957
0.579362
0.621157
0.489904
0.22045
0.144134
0.635176
0.802416
0.669643
0.471603
0.944478
0.591481
0.226748
0.683844
0.320643
0.748919
0.998143
0.269733
0.93187
0.696387
0.0952593
0.245872
0.934658
0.479784
0.882528
0.779297
0.0182839
0.770762
0.685798
0.867667
0.58051
0.626105
0.111147
0.213694
0.0363698
0.444545
0.326581
0.287294
0.496452
0.181705
0.933792
0.940181
0.591463
0.000808618
0.903006
0.682893
0.073851
0.996384
0.314457
0.80922
0.461451
0.587141
0.477596
0.552454
0.175317
0.587245
0.154802
0.445453
0.537621
0.4619
0.83411
0.996172
0.972244
0.745929
0.199957
0.0363292
0.188604
0.577547
0.628272
0.364775
0.636558
0.891293
0.253518
0.286359
0.125419
0.528574
0.820766
0.299775
0.787679
0.437013
0.55054
0.986114
0.689781
0.970137
0.0959658
0.898092
0.0584431
0.123318
0.630726
0.370104
0.319572
0.795694
0.301705
0.607462
0.461972
0.292593
0.832419
0.570526
0.0705081
0.266312
0.170875
0.560307
0.202091
0.492369
0.729367
0.954996
0.762368
0.0800681
0.938246
0.974474
0.60711
0.957495
0.330651
0.901215
0.000365624
0.48328
0.147475
0.314992
0.171375
0.592907
0.657608
0.348963
0.0536934
0.047168
0.0558578
0.071512
0.0156755
0.973679
0.734797
0.752386
0.0333136
0.117606
0.261303
0.893358
0.972061
0.994074
0.346786
0.292302
0.187247
0.743148
0.718019
0.188895
0.433938
0.0455931
0.655473
0.781042
0.8629
0.785353
0.433492
0.347821
0.0553886
0.819441
0.10604
0.00607405
0.275042
0.942771
0.674259
0.385658
0.856946
0.674825
0.608097
0.439426
0.961285
0.822906
0.0104994
0.141617
0.48281
0.580618
0.292989
0.438867
0.398265
0.137305
0.952762
0.360045
0.836977
0.0413357
0.423831
0.075638
0.313815
0.945983
0.854503
0.173531
0.535884
0.294889
0.902872
0.0813874
0.787475
0.174408
0.719988
0.232007
0.207137
0.216132
0.976671
0.381849
0.635289
0.046564
0.232068
0.87484
0.460143
0.00306357
0.464941
0.824072
0.871886
0.301075
0.236005
0.831578
0.437753
0.507087
0.185475
0.151499
0.906806
0.99275
0.390081
0.826811
0.954058
0.893842
0.841006
0.683284
0.171796
0.237551
0.434285
0.0250622
0.268647
0.980159
0.312692
0.571752
0.611663
0.901538
0.39604
0.692767
0.204486
0.0628528
0.622386
0.68802
0.296785
0.571562
0.316223
0.809498
0.365498
0.69879
0.633426
0.964579
0.200797
0.598178
0.0837034
0.544415
0.846149
0.0406983
0.32936
0.70935
0.860311
0.500899
0.99476
0.42864
0.267345
0.472952
0.160845
0.158898
0.268342
0.75712
0.609174
0.966933
0.773321
0.572865
0.450224
0.287057
0.752387
0.0943582
0.106786
0.734894
0.354592
0.580634
0.298855
0.713681
0.360486
0.71846
0.995324
0.0837001
0.468206
0.0938031
0.72517
0.912045
0.0864144
0.519951
0.552631
0.685149
0.299655
0.601878
0.198504
0.656757
0.698357
0.45968
0.157659
0.421786
0.596054
0.322331
0.830729
0.122685
0.251181
0.937608
0.655208
0.752911
0.810859
0.0484267
0.414709
0.725489
0.139044
0.632557
0.246833
0.839972
0.836671
0.453072
0.394759
0.961595
0.0081783
0.398439
0.487772
0.618137
0.07001
0.142688
0.654227
0.21832
0.119132
0.0431371
0.165558
0.511106
0.867268
0.766261
0.134951
0.0649207
0.672445
0.482207
0.495418
0.313484
0.323501
0.909101
0.450337
0.748636
0.185253
0.084922
0.207029
0.558916
0.6617
0.939213
0.0402454
0.163658
0.438123
0.325668
0.0899324
0.81032
0.399559
0.655314
0.566843
0.00312186
0.651351
0.317097
0.265934
0.460448
0.623161
0.801853
0.561164
0.0248041
0.79354
0.273089
0.822911
0.688555
0.603902
0.38695
0.0655353
0.998593
0.661044
0.229172
0.0922546
0.240979
0.90257
0.217348
0.479523
0.909228
0.193782
0.447988
0.6178
0.594213
0.665877
0.26768
0.423867
0.799324
0.932313
0.469719
0.306303
0.439372
0.30686
0.275013
0.138747
0.166547
0.493947
0.0865835
0.926839
0.148476
0.160479
0.717724
0.674894
0.35852
0.0904579
0.00824805
0.372779
0.788307
0.447286
0.0996247
0.805831
0.659455
0.452364
0.533362
0.526665
0.629681
0.646564
0.191831
0.801732
0.196571
0.411294
0.235693
0.272205
0.00866849
0.928281
0.520219
0.464126
0.52353
0.336812
0.332379
0.988288
0.473717
0.746861
0.669959
0.795592
0.272543
0.283915
0.717256
0.184637
0.833703
0.169665
0.953266
0.722548
0.134248
0.853092
0.931693
0.564185
0.398823
0.441603
0.701681
0.260043
0.0285295
0.947965
0.996169
0.779483
0.989401
0.487553
0.127983
0.464367
0.74259
0.673392
0.87398
0.75825
0.617175
0.274817
0.336378
0.835724
0.385886
0.0803466
0.865584
0.435374
0.172081
0.00429641
0.652497
0.36969
0.376099
0.441342
0.516124
0.300115
0.478322
0.00624689
0.171436
0.303557
0.744465
0.580893
0.701207
0.804664
0.851985
0.117721
0.657264
0.752951
0.702129
0.605118
0.0382666
0.19515
0.330682
0.642833
0.217404
0.0769098
0.980589
0.206759
0.983253
0.610371
0.247979
0.517958
0.712831
0.259869
0.114686
0.549669
0.218902
0.312176
0.973133
0.30919
0.946248
0.410562
0.0103336
0.310069
0.155207
0.994083
0.450239
0.545218
0.262332
0.882541
0.103061
0.823563
0.427176
0.920345
0.528012
0.870835
0.352811
0.400152
0.597923
0.911518
0.132987
0.0421674
0.401039
0.595708
0.919679
0.293776
0.545039
0.781682
0.3274
0.0952628
0.441683
0.0290768
0.67539
0.11159
0.19964
0.530162
0.627357
0.373597
0.606454
0.846389
0.701946
0.392874
0.571869
0.249774
0.727347
0.343329
0.0786347
0.302231
0.300402
0.0232212
0.176114
0.860919
0.655948
0.856538
0.27094
0.895948
0.20879
0.964168
0.41436
0.229565
0.81837
0.360443
0.501524
0.747674
0.83185
0.394471
0.0966363
0.265392
0.791945
0.936861
0.568259
0.938022
0.597248
0.987952
0.762349
0.185616
0.51677
0.640152
0.868951
0.600118
0.999669
0.129176
0.293371
0.476879
0.129582
0.228123
0.181072
0.672016
0.325785
0.790588
0.546014
0.230557
0.686762
0.0490826
0.572599
0.993762
0.362969
0.558721
0.92728
0.259876
0.832475
0.175126
0.879842
0.279633
0.849476
0.806716
0.189125
0.978559
0.253728
0.778546
0.810785
0.497953
0.915723
0.100984
0.135825
0.858317
0.0186465
0.728328
0.816658
0.11622
0.488556
0.347448
0.773891
0.285287
0.824397
0.173061
0.863643
0.926055
0.191104
0.0503525
0.548449
0.0095179
0.828364
0.908544
0.705297
0.24333
0.589232
0.9389
0.895502
0.606226
0.792378
0.836168
0.560141
0.000695104
0.251275
0.431949
0.430653
0.875233
0.0676409
0.339907
0.177062
0.246035
0.727819
0.288205
0.237342
0.139659
0.22073
0.817547
0.378229
0.665515
0.935813
0.426481
0.60516
0.969584
0.364651
0.664448
0.314755
0.885716
0.295545
0.295366
0.907082
0.492885
0.20714
0.0258192
0.170209
0.302341
0.96144
0.783657
0.673256
0.840722
0.420854
0.703737
0.481287
0.820576
0.43739
0.859974
0.00889723
0.996031
0.275201
0.0335164
0.1521
0.479596
0.888842
0.283419
0.784127
0.170393
0.731294
0.246622
0.0818409
0.852909
0.686552
0.958111
0.985056
0.534723
0.90598
0.476649
0.889671
0.0238498
0.128725
0.74064
0.39102
0.393628
0.601848
0.0238855
0.387671
0.0567461
0.689571
0.520391
0.0760865
0.40626
0.430213
0.659312
0.218391
0.0810887
0.467672
0.728672
0.613984
0.900598
0.252779
0.220095
0.235805
0.81013
0.702409
0.878505
0.711011
0.66108
0.439577
0.562794
0.990311
0.957315
0.336818
0.155456
0.417079
0.554477
0.0297521
0.866706
0.894414
0.49719
0.209287
0.721597
0.699716
0.460747
0.170593
0.794371
0.8885
0.142515
0.939672
0.000260855
0.438805
0.0111678
0.234516
0.706984
0.694164
0.265121
0.326574
0.0932339
0.0415994
0.75928
0.324874
0.521822
0.951888
0.668978
0.473122
0.649372
0.665636
0.230147
0.80489
0.502785
0.43403
0.709034
0.555264
0.255004
0.0752006
0.589102
0.674242
0.588013
0.533702
0.472616
0.323811
0.430986
0.764898
0.996463
0.265018
0.792067
0.134609
0.0355361
0.453946
0.562977
0.230883
0.144762
0.677096
0.354071
0.510472
0.694707
0.595293
0.506111
0.776399
0.685203
0.319494
0.832143
0.660822
0.587068
0.0190784
0.83695
0.113998
0.84042
0.337497
0.429436
0.793779
0.141567
0.608102
0.930629
0.636444
0.0477707
0.698346
0.25711
0.690902
0.36318
0.541884
0.222142
0.905487
0.373541
0.0788165
0.0309299
0.626901
0.936997
0.319935
0.745175
0.288928
0.124354
0.514081
0.387512
0.97861
0.291818
0.592343
0.571356
0.615856
0.560914
0.279859
0.15185
0.733013
0.0396985
0.801622
0.406417
0.830011
0.971035
0.422483
0.0539048
0.787037
0.630077
0.508819
0.567686
0.309191
0.747136
0.336661
0.883354
0.333656
0.796015
0.804784
0.0502387
0.402505
0.965192
0.414376
0.330524
0.636372
0.858025
0.788284
0.53841
0.74167
0.739721
0.444795
0.85041
0.494535
0.948158
0.797788
0.133045
0.23777
0.127723
0.53412
0.0566967
0.468575
0.982688
0.682221
0.870901
0.496211
0.287662
0.183019
0.961219
0.756261
0.950353
0.671267
0.186055
0.289842
0.0582078
0.0440662
0.279559
0.17047
0.677101
0.902418
0.351987
0.100159
0.793002
0.468432
0.687341
0.683079
0.421436
0.659343
0.633427
0.525146
0.191281
0.511906
0.74833
0.419827
0.737479
0.686468
0.955726
0.307906
0.342301
0.387034
0.0261759
0.633546
0.565251
0.365511
0.421459
0.4622
0.314439
0.225662
0.115937
0.133966
0.946523
0.492433
0.748214
0.310935
0.00770528
0.615622
0.357573
0.648829
0.845977
0.101353
0.588302
0.582382
0.521804
0.4546
0.966702
0.182307
0.559392
0.626474
0.03013
0.642273
0.838161
0.395136
0.437342
0.0848828
0.581377
0.871682
0.206907
0.09461
0.187952
0.667837
0.732421
0.63101
0.468206
0.314362
0.641467
0.562027
0.663727
0.124877
0.674027
0.680311
0.93012
0.82882
0.1781
0.949241
0.199623
0.217681
0.00852194
0.300627
0.274471
0.586448
0.396553
0.186403
0.392816
0.154594
0.832304
0.149752
0.679546
0.75009
0.01489
0.142246
0.0306556
0.808696
0.047146
0.666181
0.456032
0.802996
0.358439
0.025334
0.218588
0.710915
0.548921
0.869693
0.738836
0.10323
0.971433
0.738713
0.0138576
0.679122
0.485503
0.0347184
0.11444
0.0766251
0.607825
0.233466
0.142011
0.530173
0.930301
0.616903
0.689892
0.234426
0.206844
0.0373663
0.663365
0.507255
0.4858
0.861695
0.965515
0.759688
0.246679
0.676267
0.759305
0.58619
0.822439
0.926835
0.637567
0.0189379
0.184341
0.0267407
0.934999
0.484467
0.794786
0.456835
0.494209
0.425714
0.891772
0.874285
0.63315
0.292279
0.291678
0.2455
0.704348
0.774612
0.822654
0.80619
0.253771
0.8005
0.629709
0.231502
0.381077
0.453202
0.50056
0.540572
0.345145
0.29143
0.703529
0.934078
0.594175
0.593091
0.738731
0.372643
0.45327
0.509376
0.928711
0.450788
0.637435
0.459364
0.553774
0.0412327
0.802202
0.671512
0.200328
0.0145864
0.763166
0.567512
0.654214
0.63474
0.73433
0.887327
0.665909
0.120675
0.713736
0.447227
0.640982
0.648896
0.678375
0.0588276
0.223953
0.167982
0.928529
0.515231
0.673364
0.6678
0.0814614
0.225073
0.284189
0.913764
0.229102
0.24862
0.676291
0.648491
0.703677
0.837103
0.727296
0.0194344
0.583746
0.920877
0.091678
0.554561
0.930803
0.199453
0.52532
0.126739
0.748727
0.314669
0.187174
0.980395
0.712827
0.82565
0.68322
0.689402
0.530876
0.188854
0.493016
0.55954
0.82828
0.202869
0.527746
0.807811
0.355104
0.547755
0.717438
0.202512
0.643757
8.9016e-05
0.513177
0.569829
0.0070367
0.892472
0.833194
0.775165
0.788136
0.37363
0.152312
0.35226
0.645098
0.931937
0.093321
0.738778
0.0552674
0.757158
0.463489
0.0450044
0.84203
0.164712
0.115074
0.271561
0.314386
0.60609
0.677467
0.987642
0.993261
0.757536
0.27506
0.954014
0.411082
0.216623
0.62913
0.014869
0.0432998
0.180262
0.200465
0.719358
0.442868
0.845493
0.38979
0.837552
0.748419
0.583861
0.160574
0.52884
0.462671
0.379544
0.09323
0.259145
0.335837
0.375112
0.14626
0.31677
0.281225
0.820124
0.34209
0.872002
0.268029
0.775432
0.609209
0.0179688
0.701511
0.0157523
0.683893
0.877902
0.431806
0.631343
0.586041
0.227411
0.784655
0.287636
0.924376
0.298475
0.536303
0.333647
0.237294
0.545239
0.107686
0.137155
0.0944275
0.310884
0.812636
0.513558
0.866476
0.980487
0.326653
0.219617
0.518224
0.353006
0.859477
0.260021
0.843721
0.582802
0.719406
0.343524
0.00927392
0.192446
0.507388
0.0242418
0.550041
0.276184
0.696241
0.881353
0.0246814
0.341206
0.421406
0.0800112
0.0793538
0.0723762
0.900341
0.969308
0.391307
0.313585
0.553314
0.792048
0.798314
0.863259
0.797962
0.00637641
0.919901
0.0179622
0.0294165
0.711452
0.538414
0.524589
0.50224
0.0656725
0.230041
0.11704
0.989771
0.0705165
0.0600237
0.661577
0.344058
0.128513
0.637136
0.746488
0.805267
0.269027
0.43398
0.401806
0.608142
0.770087
0.941124
0.131465
0.255723
0.378311
0.993736
0.340951
0.899552
0.237482
0.220001
0.991076
0.951105
0.638217
0.504131
0.358118
0.768452
0.784363
0.0289181
0.0524412
0.323419
0.799687
0.63023
0.982798
0.15825
0.616676
0.308717
0.0850785
0.87683
0.590701
0.303123
0.16807
0.339877
0.0674461
0.65349
0.244286
0.757918
0.299014
0.418815
0.0558322
0.0308563
0.18658
0.270906
0.0662433
0.333494
0.0499056
0.101309
0.0718698
0.904513
0.311798
0.591769
0.377625
0.951564
0.742395
0.887093
0.598896
0.68963
0.391117
0.223274
0.13126
0.172478
0.938598
0.034482
0.879557
0.522327
0.808247
0.44758
0.346539
0.757151
0.360213
0.556607
0.888721
0.840164
0.244027
0.435618
0.828553
0.152703
0.757954
0.876508
0.502124
0.570267
0.851482
0.984643
0.790214
0.350683
0.501905
0.255212
0.509872
0.0786199
0.0558993
0.634988
0.616903
0.0814735
0.609521
0.544671
0.855922
0.64269
0.271633
0.106751
0.0605134
0.621883
0.69907
0.27494
0.421969
0.365823
0.0821587
0.0697698
0.12089
0.677853
0.218936
0.23728
0.00863462
0.727111
0.561034
0.551973
0.742254
0.824633
0.393395
0.135944
0.195743
0.720299
0.669635
0.0598496
0.384277
0.491236
0.774162
0.147811
0.485534
0.0718349
0.787444
0.393732
0.236161
0.0805677
0.0790048
0.927429
0.204715
0.956581
0.339742
0.959966
0.343146
0.0634228
0.612473
0.555613
0.90645
0.201225
0.787694
0.347719
0.972151
0.836052
0.711806
0.2149
0.0154477
0.210044
0.536468
0.108458
0.853762
0.910851
0.333725
0.469143
0.00289686
0.310908
0.485222
0.262165
0.683112
0.911186
0.570502
0.265278
0.928472
0.0642448
0.626302
0.948279
0.516393
0.956704
0.272021
0.52699
0.911192
0.214685
0.826785
0.138328
0.437751
0.875283
0.704312
0.497022
0.609597
0.0778284
0.241433
0.0257842
0.846477
0.0148628
0.550416
0.119671
0.587949
0.622211
0.747018
0.309928
0.916504
0.782266
0.101047
0.281105
0.907505
0.111087
0.78982
0.10228
0.767944
0.662055
0.773098
0.931981
0.176884
0.0204218
0.833639
0.473194
0.108646
0.0890544
0.11513
0.167973
0.97251
0.286004
0.599024
0.852209
0.244785
0.727168
0.400791
0.310601
0.653799
0.391825
0.119336
0.978538
0.518252
0.507769
0.325022
0.197272
0.862893
0.267868
0.538681
0.551466
0.963257
0.269576
0.265718
0.30999
0.557298
0.378189
0.245765
0.676179
0.261294
0.961486
0.497577
0.427772
0.567792
0.613038
0.806993
0.880783
0.159978
0.0891769
0.313135
0.607353
0.378738
0.925543
0.0570135
0.994016
0.666958
0.61715
0.147886
0.0289962
0.57247
0.0299816
0.711534
0.214038
0.255187
0.958593
0.181891
0.798457
0.0400427
0.309159
0.967092
0.26699
0.121876
0.607378
0.645352
0.874425
0.897329
0.0531776
0.759513
0.858904
0.481723
0.0750965
0.0907212
0.200216
0.778287
0.40728
0.827042
0.147968
0.732915
0.149892
0.83843
0.545367
0.961168
0.0754953
0.933833
0.359424
0.0669304
0.965933
0.649453
0.420617
0.596441
0.347088
0.217627
0.0378413
0.153425
0.373382
0.876815
0.441148
0.63777
0.387807
0.837196
0.766317
0.125584
0.0926611
0.660318
0.37767
0.107792
0.623811
0.621601
0.911627
0.606132
0.485346
0.576741
0.982101
0.518568
0.348702
0.982874
0.99201
0.896157
0.74158
0.664737
0.733363
0.435916
0.399632
0.217891
0.88163
0.94207
0.948955
0.106443
0.0579753
0.163724
0.527474
0.0697481
0.0101458
0.09168
0.607435
0.0560855
0.6581
0.57582
0.0738354
0.241569
0.351195
0.126739
0.739409
0.44568
0.0176116
0.681708
0.880833
0.139821
0.810854
0.25286
0.0243857
0.530724
0.934855
0.769329
0.404752
0.717811
0.481323
0.441176
0.942361
0.578778
0.78361
0.714807
0.142166
0.692919
0.393649
0.127768
0.640904
0.497508
0.0639725
0.523537
0.31454
0.854892
0.00901511
0.202585
0.880604
0.21805
0.31769
0.343964
0.800077
0.571084
0.813238
0.0861796
0.192137
0.629502
0.0638635
0.742962
0.603397
0.798444
0.160595
0.737931
0.75704
0.881311
0.429242
0.187483
0.303032
0.320757
0.442007
0.361885
0.6256
0.938827
0.286904
0.244599
0.920854
0.926217
0.309941
0.0764754
0.780878
0.130745
0.461482
0.440169
0.605002
0.127021
0.599044
0.132126
0.115337
0.441073
0.271099
0.944107
0.516643
0.445292
0.308588
0.469598
0.779443
0.168813
0.022451
0.708729
0.60515
0.41368
0.91477
0.477181
0.916222
0.496907
0.927553
0.703651
0.694642
0.0045936
0.540219
0.41297
0.62813
0.543536
0.215998
0.552105
0.862749
0.00493932
0.125084
0.775071
0.0203864
0.142633
0.320411
0.90475
0.614156
0.0158979
0.311394
0.192772
0.275468
0.0267102
0.83064
0.764278
0.721157
0.822717
0.764544
0.120567
0.384332
0.0279232
0.00130448
0.00699798
0.167784
0.150436
0.515494
0.418883
0.593813
0.276981
0.592827
0.58514
0.12159
0.0785936
0.0320662
0.168168
0.524171
0.841369
0.306412
0.191161
0.0651194
0.94601
0.244766
0.625404
0.206674
0.241743
0.743413
0.156004
0.823172
0.0939854
0.979798
0.653221
0.284114
0.867233
0.0301398
0.760938
0.896177
0.618875
0.720746
0.46385
0.758886
0.00714197
0.193486
0.0914518
0.167933
0.942248
0.849432
0.137283
0.660725
0.0384897
0.148163
0.184764
0.645362
0.856553
0.853376
0.494038
0.780877
0.274654
0.96738
0.990529
0.084449
0.329793
0.268299
0.215923
0.767022
0.365054
0.154017
0.165022
0.893364
0.94579
0.517467
0.0183734
0.419306
0.122085
0.951848
0.27018
0.893653
0.895192
0.775532
0.908821
0.0166804
0.959289
0.0752526
0.285133
0.488117
0.970572
0.568113
0.27397
0.129083
0.155192
0.268812
0.433889
0.395903
0.425246
0.614389
0.446805
0.0120233
0.0342709
0.39877
0.97945
0.542769
0.912387
0.324159
0.290517
0.878974
0.779144
0.394412
0.882326
0.425668
0.466378
0.424931
0.45521
0.695425
0.0955782
0.73346
0.130018
0.496529
0.259658
0.591667
0.227618
0.955118
0.0630095
0.183247
0.624242
0.291406
0.137187
0.188933
0.956617
0.296613
0.237203
0.660158
0.00429597
0.0781685
0.309584
0.223971
0.695289
0.700232
0.851815
0.55906
0.570332
0.53092
0.858886
0.446346
0.383381
0.595359
0.30504
0.101108
0.371939
0.222155
0.643227
0.776656
0.430034
0.621062
0.279075
0.478048
0.314742
0.82717
0.743161
0.144311
0.0682651
0.532137
0.743955
0.835734
0.720663
0.887623
0.162853
0.20124
0.881962
0.461959
0.18705
0.724882
0.883553
0.798011
0.842972
0.538046
0.209589
0.530445
0.843302
0.21534
0.716726
0.862668
0.471264
0.460504
0.942528
0.628343
0.806387
0.40154
0.321394
0.378806
0.718969
0.193064
0.489987
0.120771
0.13992
0.947195
0.630943
0.438656
0.707762
0.529646
0.652427
0.778184
0.618018
0.502087
0.485372
0.11015
0.91655
0.432619
0.426998
0.0292861
0.510426
0.963703
0.27535
0.743411
0.116803
0.769331
0.765719
0.540766
0.169318
0.93012
0.208209
0.0197606
0.601611
0.607371
0.468855
0.596314
0.723459
0.408111
0.597614
0.42571
0.121842
0.349953
0.546746
0.127099
0.0814966
0.289457
0.676816
0.457042
0.499215
0.0584782
0.0736061
0.337877
0.336071
0.98496
0.751664
0.646531
0.882865
0.51189
0.376203
0.883762
0.245762
0.164003
0.658604
0.255618
0.157603
0.276606
0.298709
0.00590433
0.228652
0.670118
0.981666
0.256149
0.619173
0.971829
0.492171
0.301027
0.597097
0.543383
0.129771
0.552219
0.149064
0.258549
0.528712
0.813377
0.718534
0.500819
0.893981
0.950717
0.462355
0.287597
0.926367
0.496328
0.87733
0.213238
0.114401
0.124316
0.574103
0.466372
0.374039
0.754615
0.455602
0.706028
0.929508
0.820466
0.0398475
0.966189
0.887968
0.638774
0.0109541
0.977259
0.385528
0.399659
0.510288
0.55163
0.958893
0.855401
0.476705
0.877816
0.389878
0.0491625
0.307435
0.32021
0.461296
0.488134
0.706741
0.367297
0.941439
0.268188
0.745396
0.909073
0.584553
0.906503
0.0566831
0.556736
0.00296136
0.153156
0.407491
0.233446
0.535314
0.311606
0.708634
0.587061
0.239191
0.0640589
0.00336919
0.189073
0.491204
0.616469
0.122776
0.133032
0.314181
0.0878552
0.408793
0.282319
0.63059
0.219755
0.654254
0.193468
0.0946
0.91836
0.55824
0.417641
0.110447
0.552744
0.111281
0.236022
0.138654
0.32824
0.346442
0.928757
0.888317
0.790044
0.0744703
0.419797
0.396724
0.412931
0.973954
0.237895
0.108576
0.800029
0.0448126
0.959956
0.801644
0.960596
0.765749
0.608232
0.989042
0.562556
0.495888
0.253041
0.195961
0.492735
0.710884
0.987619
0.33462
0.220165
0.34528
0.0916063
0.631601
0.378188
0.887363
0.426527
0.890774
0.22423
0.79693
0.858281
0.427096
0.58886
0.0916995
0.250583
0.593771
0.520579
0.914054
0.663293
0.499653
0.634803
0.0863605
0.0408072
0.751564
0.323757
0.0664906
0.923257
0.0543605
0.0679426
0.573534
0.439199
0.0273687
0.0496993
0.238553
0.127301
0.630329
0.476414
0.109997
0.435432
0.901879
0.565834
0.730644
0.98096
0.588209
0.503161
0.531594
0.606287
0.764317
0.600624
0.722586
0.435215
0.646525
0.176695
0.876476
0.25169
0.356484
0.303346
0.96776
0.192292
0.0978644
0.69379
0.0960245
0.199386
0.607055
0.709711
0.890528
0.602642
0.862453
0.675957
0.784999
0.536648
0.00444744
0.198611
0.438725
0.558291
0.385129
0.646859
0.585674
0.766331
0.174635
0.503115
0.382675
0.977198
0.936084
0.892737
0.44353
0.751527
0.909403
0.373318
0.116291
0.525121
0.341125
0.849403
0.186232
0.208745
0.530431
0.0842852
0.24077
0.634553
0.111076
0.607345
0.889758
0.490686
0.313508
0.76214
0.954526
0.645884
0.48532
0.438182
0.186382
0.443134
0.48812
0.861131
0.716456
0.620333
0.0897736
0.111761
0.575589
0.461657
0.545449
0.0380123
0.579286
0.628978
0.481927
0.160527
0.754379
0.793496
0.291369
0.507608
0.237992
0.192685
0.808697
0.0666733
0.195862
0.974782
0.57509
0.583214
0.950022
0.100039
0.878734
0.891451
0.214037
0.166952
0.646125
0.180344
0.11655
0.365334
0.402375
0.0898099
0.683768
0.546894
0.985959
0.21275
0.918991
0.665162
0.743478
0.378457
0.474768
0.106262
0.883784
0.445103
0.668228
0.728216
0.285643
0.593687
0.37053
0.795638
0.0735345
0.992738
0.776029
0.00737046
0.888948
0.864125
0.697594
0.884992
0.465645
0.371558
0.0830216
0.997219
0.86983
7.02607e-05
0.679977
0.65488
0.411813
0.476368
0.388271
0.452057
0.0267598
0.425286
0.105805
0.0431113
0.556122
0.611287
0.738832
0.256919
0.726259
0.713253
0.503765
0.89277
0.779385
0.49486
0.761507
0.667045
0.978112
0.117071
0.869323
0.567855
0.120151
0.970329
0.839967
0.0623166
0.278073
0.40963
0.626809
0.919103
0.415152
0.7115
0.970875
0.435472
0.635382
0.901555
0.871584
0.142716
0.200598
0.620928
0.775029
0.246811
0.369452
0.341097
0.45639
0.170824
0.745606
0.0979779
0.890269
0.0820942
0.781523
0.848678
0.450877
0.605325
0.35447
0.759095
0.589441
0.61157
0.843171
0.456988
0.88279
0.493573
0.622851
0.562165
0.721661
0.54677
0.784441
0.446353
0.911908
0.086587
0.998937
0.727581
0.558407
0.142824
0.837637
0.725247
0.41738
0.273171
0.314708
0.581696
0.689358
0.863868
0.210859
0.506752
0.42505
0.2397
0.757523
0.791912
0.38588
0.318054
0.480925
0.278506
0.158036
0.395408
0.285456
0.243051
0.64252
0.956924
0.186336
0.909517
0.56874
0.193516
0.704238
0.651579
0.331897
0.521569
0.0247634
0.0222729
0.798524
0.107812
0.688807
0.775026
0.791494
0.709469
0.946538
0.29802
0.995821
0.554447
0.656088
0.945349
0.224637
0.981518
0.170622
0.94106
0.95696
0.175015
0.0543098
0.268208
0.54601
0.775186
0.603759
0.316096
0.433353
0.842779
0.626133
0.272548
0.514534
0.888401
0.174296
0.820068
0.181192
0.0972637
0.0313148
0.0101759
0.967447
0.888038
0.0496854
0.670207
0.976621
0.220266
0.0840586
0.358865
0.733183
0.602144
0.451371
0.912804
0.00317726
0.51008
0.144461
0.50465
0.568215
0.64217
0.206934
0.340187
0.327474
0.614965
0.59119
0.687924
0.166438
0.652227
0.768638
0.395766
0.396264
0.69212
0.237673
0.948883
0.135752
0.511515
0.0414308
0.31241
0.32177
0.948322
0.207341
0.489343
0.444675
0.820848
0.0174802
0.788515
0.54079
0.0454764
0.51385
0.445624
0.491365
0.659889
0.50537
0.74186
0.94385
0.799325
0.437726
0.0903127
0.933568
0.378376
0.758922
0.803793
0.804236
0.595794
0.324987
0.748348
0.476472
0.515591
0.480095
0.424017
0.176018
0.280557
0.877671
0.873855
0.489587
0.606282
0.717687
0.140023
0.583054
0.195
0.0633377
0.0639017
0.939866
0.520184
0.150116
0.646592
0.583782
0.312334
0.672144
0.397056
0.219516
0.240821
0.386376
0.0335013
0.346723
0.552042
0.55844
0.0668148
0.58194
0.475858
0.661935
0.786098
0.190028
0.961509
0.535061
0.914518
0.645664
0.153469
0.052182
0.0150508
0.196363
0.527712
0.147672
0.0731337
0.554839
0.981283
0.162861
0.156598
0.163671
0.0784896
0.718401
0.446265
0.510119
0.605144
0.883071
0.121916
0.290255
0.062342
0.143533
0.0679654
0.185087
0.768677
0.897677
0.518272
0.844632
0.228757
0.428373
0.368291
0.696048
0.944381
0.217886
0.753004
0.519839
0.760075
0.88087
0.237478
0.939694
0.027152
0.561514
0.890452
0.166991
0.425243
0.326896
0.567591
0.826987
0.391682
0.621351
0.965152
0.828471
0.813402
0.955095
0.18312
0.670428
0.735596
0.819551
0.681018
0.330059
0.0346922
0.120189
0.283713
0.838236
0.901353
0.449947
0.988536
0.0337888
0.85945
0.528557
0.975459
0.877222
0.161335
0.353375
0.0580068
0.444116
0.441094
0.326701
0.914398
0.494556
0.710237
0.664641
0.831781
0.258035
0.769241
0.410567
0.0556567
0.870649
0.9723
0.116976
0.508313
0.755566
0.109987
0.0338635
0.441098
0.129784
0.971602
0.940153
0.93312
0.983758
0.693036
0.702475
0.371312
0.0641059
0.443452
0.542987
0.540162
0.786284
0.601409
0.947014
0.631218
0.878837
0.122686
0.813548
0.977604
0.231243
0.912736
0.676368
0.725066
0.68579
0.796719
0.529627
0.754639
0.503554
0.90704
0.12361
0.852225
0.175046
0.764166
0.459332
0.606064
0.36404
0.401945
0.730075
0.955128
0.878799
0.609732
0.967766
0.634138
0.777265
0.898504
0.226566
0.101267
0.828259
0.42447
0.727096
0.936748
0.296532
0.3122
0.549696
0.552582
0.6404
0.596649
0.161175
0.417908
0.369055
0.0802646
0.236308
0.99434
0.909304
0.790787
0.135146
0.550339
0.0538383
0.676553
0.822281
0.911402
0.147205
0.304862
0.779872
0.487228
0.549174
0.878217
0.988291
0.0191523
0.351324
0.534647
0.747818
0.970013
0.695143
0.273268
0.951138
0.907671
0.457425
0.733171
0.55824
0.993894
0.3893
0.881683
0.89327
0.386
0.727551
0.91265
0.904127
0.0814523
0.0333416
0.572409
0.00929022
0.198328
0.0206801
0.792271
0.190829
0.952083
0.770226
0.816574
0.42605
0.300218
0.68029
0.858516
0.871793
0.897062
0.843587
0.485151
0.488541
0.065334
0.456981
0.595555
0.110083
0.343784
0.264065
0.58018
0.435391
0.4151
0.054213
0.259696
0.244178
0.709095
0.658851
0.119181
0.129219
0.0779686
0.73524
0.55615
0.834371
0.106124
0.256561
0.054124
0.656554
0.277437
0.70913
0.130296
0.523997
0.0458901
0.101306
0.468935
0.710646
0.601346
0.204917
0.618787
0.69915
0.314829
0.804789
0.178022
0.241306
0.59473
0.868233
0.818668
0.590084
0.00228784
0.944532
0.792477
0.399328
0.873449
0.674396
0.242366
0.168445
0.861125
0.326641
0.325152
0.400173
0.763506
0.164068
0.68829
0.643317
0.821354
0.378547
0.111901
0.859483
0.713183
0.57501
0.741138
0.753671
0.555088
0.800912
0.670346
0.535107
0.685926
0.955184
0.627752
0.819132
0.188965
0.751475
0.22158
0.41645
0.790874
0.399962
0.0451092
0.201045
0.0428628
0.639163
0.251759
0.419884
0.171836
0.884456
0.341014
0.205124
0.795387
0.02447
0.0397795
0.529819
0.933367
0.602215
0.601177
0.643866
0.921931
0.219257
0.884904
0.048822
0.81204
0.0325918
0.415042
0.594667
0.196795
0.796091
0.210988
0.174414
0.613842
0.941056
0.661565
0.214898
0.91359
0.380197
0.0349823
0.227345
0.906887
0.868988
0.582469
0.560786
0.00108863
0.126862
0.214641
0.82682
0.387614
0.318075
0.261779
0.296524
0.428178
0.192406
0.567478
0.657666
0.685579
0.35374
0.956791
0.243739
0.748272
0.390228
0.844757
0.371984
0.707606
0.345655
0.877158
0.750528
0.434425
0.400661
0.372938
0.44325
0.380307
0.0727124
0.440281
0.606527
0.304784
0.406644
0.101012
0.47688
0.29241
0.0162826
0.884416
0.210311
0.683644
0.15439
0.974316
0.502662
0.891408
0.726491
0.49718
0.607214
0.349289
0.526215
0.796915
0.273676
0.292684
0.348152
0.875973
0.0933192
0.20668
0.302759
0.351522
0.726748
0.886325
0.0519262
0.0785592
0.0144861
0.19334
0.0262893
0.468766
0.243383
0.919917
0.715834
0.488646
0.0780743
0.530066
0.66605
0.607713
0.419551
0.110798
0.816614
0.249305
0.509178
0.804133
0.50983
0.3027
0.861927
0.0573943
0.730757
0.90088
0.464043
0.469364
0.153814
0.961795
0.876255
0.488629
0.407077
0.126576
0.925425
0.00558112
0.186388
0.324061
0.0501866
0.144537
0.729369
0.48228
0.338065
0.236767
0.450863
0.185451
0.324255
0.263971
0.830077
0.69636
0.333537
0.580232
0.287838
0.263971
0.259901
0.67708
0.519827
0.0767537
0.0558453
0.258728
0.439927
0.284289
0.678768
0.94958
0.773955
0.636139
0.753581
0.746817
0.586031
0.773056
0.392488
0.60529
0.247433
0.290202
0.0193326
0.34731
0.141796
0.411535
0.153068
0.829009
0.7392
0.0988703
0.820633
0.227112
0.106941
0.662776
0.954576
0.814564
0.623253
0.328269
0.277368
0.434377
0.350296
0.877759
0.00615449
0.696449
0.338063
0.304984
0.648101
0.921146
0.893074
0.997179
0.0728839
0.129619
0.981568
0.0902423
0.686159
0.928965
0.141816
0.884416
0.019762
0.342686
0.238306
0.984564
0.846598
0.794512
0.900278
0.780105
0.836511
0.321093
0.742746
0.664494
0.289184
0.337372
0.908637
0.032251
0.696358
0.20877
0.824149
0.218232
0.0996423
0.619506
0.103815
0.799062
0.902925
0.312513
0.281589
0.00678194
0.495872
0.988482
0.737941
0.31072
0.600408
0.78168
0.111533
0.579329
0.870371
0.689776
0.24297
0.342722
0.54544
0.0675727
0.410448
0.237511
0.488974
0.806067
0.377848
0.517978
0.0945979
0.909095
0.207631
0.382065
0.66028
0.758373
0.173069
0.51738
0.995338
0.707609
0.0805673
0.0433081
0.491156
0.446596
0.486799
0.165891
0.360657
0.880722
0.744352
0.416771
0.907355
0.0943069
0.181326
0.946587
0.100849
0.388038
0.289225
0.0730869
0.194608
0.417485
0.292927
0.702139
0.239713
0.959483
0.305462
0.154915
0.555508
0.790544
0.443872
0.995819
0.436587
0.304441
0.24651
0.960825
0.222881
0.395609
0.224525
0.270025
0.418441
0.997736
0.91103
0.550427
0.596336
0.0791452
0.576636
0.898172
0.463311
0.398396
0.104461
0.652236
0.9917
0.678073
0.428478
0.654801
0.588746
0.745055
0.64087
0.503676
0.938041
0.605344
0.638924
0.702657
0.860949
0.379662
0.712123
0.52352
0.363489
0.434676
0.687598
0.226851
0.979004
0.975671
0.289514
0.338433
0.996445
0.788971
0.794922
0.632369
0.811451
0.448093
0.830614
0.126663
0.513268
0.715931
0.248146
0.5319
0.38221
0.801761
0.670861
0.982859
0.936821
0.576272
0.0801862
0.413825
0.180845
0.995631
0.520386
0.885283
0.648252
0.466254
0.0952809
0.967821
0.620111
0.156003
0.398367
0.882505
0.539014
0.543676
0.442453
0.183745
0.249231
0.285112
0.52951
0.559837
0.415146
0.90568
0.305143
0.64977
0.288782
0.255251
0.358183
0.805918
0.538927
0.590064
0.231142
0.101946
0.644644
0.980139
0.101722
0.187866
0.00938536
0.838303
0.481342
0.46853
0.90855
0.417147
0.544138
0.699009
0.0790503
0.509416
0.486898
0.85588
0.614405
0.117415
0.606873
0.16418
0.399026
0.532357
0.875211
0.659039
0.787626
0.126025
0.524974
0.89948
0.109084
0.634571
0.080846
0.411232
0.712634
0.100422
0.809947
0.637809
0.898069
0.621821
0.414607
0.647558
0.489269
0.0937553
0.637323
0.950262
0.476376
0.602805
0.591483
0.225262
0.668433
0.156552
0.774251
0.213053
0.169124
0.725753
0.256189
0.162767
0.625777
0.250747
0.262978
0.843928
0.397421
0.104579
0.193854
0.36307
0.874534
0.59977
0.258113
0.358428
0.88754
0.900531
0.447952
0.268851
0.553815
0.178848
0.859702
0.231976
0.168105
0.0267229
0.322431
0.555165
0.824529
0.804248
0.0244082
0.371506
0.49187
0.466052
0.0417138
0.617002
0.578033
0.298809
0.435666
0.136633
0.299721
0.761375
0.0353025
0.2695
0.996269
0.446946
0.152785
0.886228
0.0313804
0.116035
0.250855
0.759675
0.89831
0.22342
0.673299
0.818786
0.94893
0.874315
0.393736
0.936962
0.436896
0.162523
0.309821
0.681109
0.934055
0.947389
0.599083
0.948874
0.404018
0.0410324
0.293826
0.0319395
0.864513
0.432546
0.0928085
0.137792
0.241971
0.223009
0.86774
0.764177
0.344714
0.38478
0.594865
0.535121
0.333556
0.854683
0.265644
0.93394
0.389834
0.683065
0.27501
0.0279577
0.940613
0.53397
0.671173
0.607535
0.750873
0.981322
0.72767
0.857321
0.991843
0.75946
0.146041
0.326305
0.0287861
0.694551
0.958757
0.729047
0.736754
0.174611
0.35541
0.574649
0.459945
0.833725
0.815444
0.323952
0.461684
0.673959
0.595226
0.134387
0.0194918
0.125108
0.223276
0.449137
0.534532
0.99039
0.717347
0.980057
0.0537378
0.636874
0.960382
0.269923
0.949407
0.902234
0.194648
0.733952
0.174861
0.105141
0.314113
0.348766
0.398962
0.283917
0.313912
0.71828
0.944647
0.0877888
0.279534
0.596159
0.828435
0.782153
0.557239
0.0362764
0.669372
0.848988
0.0654646
0.360766
0.258051
0.432597
0.306071
0.966589
0.129933
0.217436
0.893394
0.621706
0.398162
0.356089
0.646573
0.733091
0.731701
0.958176
0.0459545
0.424361
0.00901746
0.703805
0.780892
0.56484
0.0232952
0.00756392
0.988969
0.201647
0.823338
0.36095
0.461253
0.110045
0.781262
0.453444
0.297102
0.3584
0.482436
0.431225
0.698823
0.675066
0.00687099
0.0789897
0.460627
0.777536
0.816764
0.631388
0.364876
0.887498
0.250927
0.066119
0.727151
0.766798
0.898326
0.766825
0.946883
0.535733
0.959781
0.978188
0.5221
0.84536
0.898027
0.931229
0.45764
0.759162
0.938796
0.810701
0.930392
0.446957
0.833886
0.987781
0.369639
0.170767
0.823165
0.587057
0.961612
0.489129
0.253523
0.678224
0.914492
0.617075
0.322499
0.490512
0.407455
0.0839396
0.59196
0.879015
0.553308
0.299471
0.897008
0.794306
0.775812
0.598968
0.557221
0.299708
0.547657
0.99183
0.483413
0.684774
0.480017
0.746521
0.211422
0.248487
0.0978391
0.70867
0.855746
0.789034
0.742843
0.104522
0.520875
0.846632
0.843613
0.377747
0.272095
0.125304
0.691353
0.555131
0.00847423
0.416032
0.439118
0.784361
0.829997
0.589606
0.142074
0.593313
0.726193
0.42838
0.210792
0.265384
0.993184
0.480756
0.82775
0.603238
0.817842
0.955547
0.650378
0.627647
0.646563
0.0621331
0.938197
0.898716
0.694859
0.310406
0.343546
0.0762294
0.519837
0.608777
0.72716
7.39336e-05
0.169766
0.463291
0.361852
0.952066
0.932193
0.958069
0.206538
0.159701
0.571761
0.592919
0.698611
0.305813
0.393851
0.336886
0.128993
0.0869364
0.548943
0.317733
0.992748
0.723565
0.572101
0.717227
0.976559
0.426991
0.913014
0.897311
0.835229
0.0479582
0.359281
0.295754
0.629126
0.136184
0.374046
0.864782
0.250274
0.0295056
0.999449
0.605143
0.244195
0.438195
0.735094
0.557989
0.438339
0.603542
0.180999
0.808786
0.819058
0.487236
0.75505
0.404373
0.725676
0.154009
0.509073
0.668036
0.152576
0.062696
0.337115
0.445944
0.757648
0.130534
0.901512
0.220338
0.378551
0.422756
0.972686
0.177016
0.882277
0.551257
0.321492
0.899846
0.542112
0.462889
0.807975
0.360818
0.971003
0.555517
0.76982
0.680121
0.2052
0.834623
0.865467
0.0415208
0.614193
0.27328
0.746707
0.487872
0.792375
0.524463
0.597512
0.22003
0.364019
0.297242
0.851617
0.97369
0.623622
0.892279
0.980903
0.646979
0.798819
0.404874
0.482364
0.0638924
0.802929
0.351071
0.849272
0.991807
0.484324
0.356365
0.0543711
0.914077
0.704969
0.438084
0.968109
0.723821
0.656803
0.514772
0.877056
0.0601742
0.471478
0.311017
0.194693
0.15105
0.90142
0.0706583
0.958388
0.69989
0.0120097
0.0048804
0.853291
0.467288
0.836719
0.220625
0.805961
0.248579
0.998273
0.937898
0.553956
0.912697
0.63549
0.780096
0.567218
0.191762
0.906248
0.514856
0.998976
0.377329
0.206112
0.729947
0.313436
0.117581
0.888606
0.693123
0.9399
0.417167
0.815771
0.804843
0.360404
0.913814
0.288316
0.165002
0.455863
0.242817
0.00192205
0.615343
0.661228
0.660336
0.680475
0.85065
0.0373145
0.680775
0.571138
0.690215
0.895566
0.266862
0.0685546
0.313601
0.78918
0.49834
0.437033
0.168406
0.264563
0.683882
0.816637
0.705521
0.576539
0.994062
0.461193
0.493353
0.27396
0.655103
0.407057
0.299963
0.605436
0.791173
0.970894
0.773384
0.599982
0.449069
0.153473
0.211233
0.700349
0.956182
0.635469
0.891271
0.216285
0.683544
0.315059
0.0253866
0.820249
0.432669
0.0887066
0.935084
0.390777
0.587932
0.239836
0.653565
0.366532
0.48125
0.401686
0.333798
0.267585
0.767843
0.240382
0.961277
0.923551
0.274247
0.223279
0.252124
0.246993
0.239576
0.428251
0.825926
0.617186
0.193874
0.808081
0.985634
0.148602
0.853031
0.238602
0.416941
0.3224
0.434039
0.327424
0.0989688
0.671174
0.0493587
0.200996
0.499137
0.275419
0.419604
0.596993
0.0491449
0.886679
0.858299
0.0850616
0.177417
0.0133985
0.589985
0.707862
0.758923
0.213971
0.966167
0.484389
0.0624681
0.178459
0.338263
0.880482
0.0427205
0.355407
0.640739
0.827884
0.044623
0.790826
0.0511507
0.296426
0.272142
0.913454
0.605467
0.502217
0.7366
0.112123
0.88449
0.529551
0.00549392
0.162868
0.262326
0.0388698
0.682064
0.0281965
0.499949
0.480695
0.278529
0.590492
0.287416
0.919946
0.00606384
0.56453
0.368692
0.371361
0.0211943
0.687251
0.554564
0.765436
0.791339
0.246561
0.199807
0.366939
0.719572
0.125365
0.429894
0.0163535
0.0710202
0.710306
0.802948
0.910197
0.912124
0.629536
0.131494
0.0621365
0.777544
0.74215
0.625929
0.729097
0.203014
0.794995
0.974571
0.420144
0.245721
0.480122
0.668972
0.852376
0.945323
0.128732
0.696645
0.0800841
0.103563
0.131198
0.515055
0.481781
0.445883
0.798177
0.528938
0.668844
0.483338
0.332687
0.258802
0.973703
0.26436
0.789941
0.497069
0.320785
0.616283
0.00689415
0.0629337
0.920025
0.906164
0.831537
0.913675
0.679158
0.777059
0.693668
0.198856
0.452388
0.788887
0.00192455
0.555578
0.433248
0.0584159
0.44196
0.839594
0.618257
0.741594
0.935637
0.32531
0.745991
0.872898
0.433286
0.52156
0.652659
0.469011
0.183299
0.226002
0.411955
0.0152917
0.75067
0.0621234
0.431684
0.542779
0.610149
0.436234
0.0810686
0.283957
0.0732268
0.729978
0.346375
0.652205
0.481757
0.382594
0.326886
0.10304
0.370412
0.377442
0.481798
0.79562
0.691394
0.84979
0.512283
0.855033
0.465442
0.264849
0.629484
0.562734
0.541156
0.393311
0.420462
0.137122
0.292178
0.00732321
0.932701
0.609259
0.891846
0.420825
0.400181
0.553934
0.596259
0.506279
0.58721
0.132822
0.761598
0.651143
0.35109
0.312596
0.274251
0.149531
0.334346
0.833034
0.233576
0.069241
0.494727
0.122151
0.402621
0.0912142
0.720548
0.342343
0.566305
0.654512
0.652501
0.700857
0.301104
0.0854638
0.633436
0.266435
0.894252
0.300269
0.715057
0.330352
0.364873
0.592348
0.905185
0.264529
0.949826
0.738729
0.00446115
0.850737
0.695572
0.562432
0.337716
0.332799
0.0773228
0.458301
0.65719
0.571954
0.402109
0.934701
0.360534
0.947714
0.0301236
0.441097
0.700709
0.702993
0.510167
0.612244
0.746369
0.801436
0.336725
0.564093
0.855266
0.589159
0.508241
0.853431
0.683798
0.106338
0.501957
0.0191667
0.442609
0.907175
0.0446696
0.945191
0.18038
0.369908
0.205239
0.0955858
0.432741
0.277561
0.100858
0.49892
0.239034
0.349601
0.558262
0.548067
0.421274
0.3855
0.380664
0.280728
0.179912
0.127284
0.0156902
0.753088
0.504955
0.72211
0.761101
0.268949
0.193622
0.0641488
0.425374
0.702147
0.977321
0.551583
0.0438068
0.582149
0.278376
0.542194
0.443321
0.117205
0.379941
0.764833
0.918368
0.692699
0.970624
0.126165
0.646414
0.38685
0.562345
0.198351
0.393926
0.340242
0.356478
0.37304
0.115364
0.50121
0.816913
0.343507
0.498536
0.118024
0.575517
0.515464
0.355277
0.863349
0.344015
0.456881
0.238089
0.771163
0.273405
0.525002
0.531113
0.873384
0.937613
0.0487175
0.978845
0.632326
0.0726338
0.211824
0.359887
0.426681
0.758145
0.915751
0.62974
0.955909
0.755118
0.526111
0.850111
0.816031
0.13213
0.760724
0.617232
0.397647
0.841272
0.0383197
0.0962059
0.948102
0.396016
0.532262
0.903642
0.340035
0.663896
0.727361
0.223014
0.555454
0.455233
0.610265
0.54399
0.518356
0.286048
0.879016
0.936543
0.806209
0.969085
0.524235
0.112869
0.650234
0.190886
0.856936
0.942853
0.103447
0.296439
0.799034
0.441715
0.492521
0.0295162
0.572643
0.572462
0.741691
0.0766056
0.787166
0.193495
0.530928
0.92413
0.986056
0.975293
0.304769
0.753638
0.206355
0.861381
0.657844
0.102206
0.580465
0.963488
0.844873
0.753107
0.70305
0.246624
0.0399415
0.462113
0.117374
0.16162
0.419756
0.666115
0.973154
0.27965
0.531393
0.930693
0.166662
0.78925
0.102965
0.883623
0.522238
0.974126
0.756104
0.72257
0.00260119
0.205614
0.260369
0.0799547
0.735328
0.822651
0.343391
0.136138
0.665889
0.830441
0.673621
0.139459
0.378827
0.678363
0.515925
0.978055
0.267725
0.866911
0.373755
0.13663
0.0826915
0.738824
0.372068
0.380516
0.302174
0.294525
0.259814
0.463475
0.987852
0.385076
0.943234
0.167001
0.925004
0.754337
0.856599
0.602387
0.107367
0.455472
0.65459
0.0575331
0.0212629
0.289802
0.931479
0.514019
0.875298
0.3781
0.884512
0.534774
0.892603
0.102763
0.212046
0.701606
0.361351
0.00139571
0.384308
0.320143
0.393345
0.181251
0.209377
0.593725
0.594466
0.17247
0.933002
0.0562168
0.201724
0.508252
0.759215
0.146052
0.931073
0.421948
0.0564987
0.6742
0.279809
0.780087
0.962841
0.688245
0.498423
0.0990325
0.287751
0.538112
0.0113301
0.282843
0.589571
0.172048
0.170098
0.676343
0.569594
0.551671
0.967441
0.628422
0.32455
0.521016
0.864937
0.994108
0.838488
0.347397
0.74941
0.939413
0.668082
0.481203
0.286163
0.595156
0.336407
0.959551
0.442075
0.961996
0.676384
0.706078
0.957693
0.939877
0.833758
0.155241
0.830432
0.46414
0.298688
0.523305
0.83163
0.539132
0.259832
0.354038
0.186738
0.350657
0.189719
0.835691
0.384151
0.00949972
0.309025
0.836747
0.281337
0.781343
0.531514
0.153915
0.525254
0.28324
0.714866
0.734389
0.449636
0.182077
0.13554
0.272772
0.635644
0.806188
0.667877
0.286589
0.142442
0.245875
0.691897
0.0717468
0.498661
0.985998
0.904901
0.575208
0.766517
0.746767
0.695331
0.677317
0.2824
0.581868
0.618872
0.81424
0.0159871
0.214353
0.987867
0.817337
0.632082
0.682147
0.808217
0.279662
0.664969
0.0293241
0.54438
0.52897
0.873164
0.187608
0.931461
0.976352
0.331204
0.623709
0.527061
0.459082
0.358566
0.33427
0.0831952
0.390402
0.239344
0.486272
0.700094
0.13727
0.826467
0.930053
0.828731
0.484953
0.659769
0.456401
0.418462
0.0342963
0.926848
0.0433801
0.47606
0.385748
0.534058
0.998168
0.902474
0.0147555
0.780515
0.485289
0.39022
0.82309
0.874418
0.998356
0.195661
0.869969
0.307492
0.411236
0.81634
0.368255
0.426215
0.0912168
0.667498
0.731308
0.300818
0.337997
0.734322
0.985457
0.698771
0.0899318
0.470738
0.635363
0.525269
0.141339
0.275515
0.987103
0.794998
0.933335
0.348373
0.209133
0.680366
0.355424
0.438373
0.908778
0.83359
0.391384
0.733979
0.29066
0.292137
0.296796
0.0248424
0.917842
0.68603
0.234278
0.497353
0.790582
0.380233
0.218583
0.722665
0.772833
0.693283
0.619675
0.762303
0.51148
0.329405
0.00134406
0.580644
0.171838
0.194907
0.150322
0.50542
0.0173869
0.471208
0.0460775
0.442265
0.163559
0.5721
0.81832
0.085342
0.232836
0.246046
0.351934
0.409084
0.114243
0.407215
0.675931
0.543024
0.35713
0.661593
0.678703
0.13156
0.43962
0.937196
0.570224
0.577639
0.764602
0.246952
0.693855
0.294863
0.570701
0.634804
0.398891
0.248884
0.935332
0.448902
0.531784
0.634839
0.66812
0.439013
0.172989
0.694384
0.924926
0.370606
0.638788
0.889679
0.482942
0.629818
0.465017
0.109173
0.113116
0.107892
0.445731
0.938845
0.633814
0.929669
0.0628763
0.306939
0.949764
0.0103644
0.167828
0.755272
0.833822
0.60586
0.517917
0.942858
0.741206
0.701079
0.744718
0.873826
0.964121
0.981917
0.918633
0.28348
0.0586256
0.820995
0.179522
0.0349313
0.771327
0.540526
0.33154
0.578217
0.854507
0.642375
0.420104
0.545913
0.182298
0.236274
0.205414
0.259686
0.942632
0.64157
0.829063
0.388762
0.168412
0.740118
0.872796
0.355525
0.178829
0.996424
0.959128
0.155996
0.928936
0.424574
0.223084
0.136395
0.260176
0.544465
0.0822084
0.598127
0.0291862
0.454909
0.332499
0.943673
0.303102
0.428224
0.661034
0.381088
0.136171
0.0966266
0.305162
0.823884
0.627253
0.205933
0.980185
0.437774
0.835196
0.53918
0.0251269
0.00682428
0.786086
0.447393
0.288737
0.86318
0.656228
0.284694
0.644566
0.263581
0.174779
0.36862
0.537542
0.926407
0.749121
0.147735
0.00288775
0.127014
0.916921
0.672122
0.11379
0.960227
0.119383
0.492416
0.361313
0.47
0.0587798
0.330012
0.26452
0.245918
0.947676
0.032442
0.906151
0.368498
0.66254
0.953625
0.0941285
0.685316
0.41244
0.111789
0.491835
0.461552
0.877058
0.660239
0.277965
0.657168
0.645415
0.897224
0.882337
0.335172
0.427002
0.803765
0.923094
0.866724
0.49965
0.584483
0.924757
0.166117
0.37436
0.259408
0.830481
0.0701767
0.28103
0.555045
0.618967
0.409787
0.258428
0.416746
0.382056
0.0963341
0.131284
0.609898
0.656194
0.840995
0.499818
0.307198
0.169764
0.0487654
0.225817
0.366971
0.567846
0.569715
0.778776
0.590242
0.110663
0.640678
0.0720193
0.365846
0.287303
0.741438
0.0669874
0.757166
0.240713
0.23091
0.0119884
0.132475
0.209387
0.214183
0.905794
0.277773
0.097102
0.782822
0.667521
0.612673
0.343792
0.690339
0.233559
0.308029
0.357301
0.216698
0.67728
0.736015
0.0100186
0.355914
0.239955
0.927609
0.762987
0.379387
0.685956
0.698873
0.590398
0.962056
0.781346
0.538427
0.0941383
0.886009
0.257495
0.463507
0.330798
0.756773
0.802849
0.803118
0.876637
0.0874741
0.667914
0.502422
0.335562
0.588561
0.351933
0.206718
0.262155
0.0986493
0.150063
0.321019
0.594389
0.153738
0.0626256
0.00778223
0.77426
0.682045
0.120503
0.719253
0.161854
0.12016
0.681152
0.144827
0.0578278
0.134942
0.0147804
0.189117
0.0708621
0.0378598
0.30787
0.515736
0.393511
0.995196
0.4396
0.15144
0.778051
0.741173
0.0876437
0.470426
0.29283
0.406851
0.430237
0.871262
0.70725
0.0142973
0.0245837
0.236994
0.598265
0.926198
0.334413
0.443033
0.0991381
0.715151
0.721638
0.782471
0.942045
0.0475685
0.80035
0.466788
0.27914
0.0447211
0.787551
0.899124
0.775684
0.83745
0.344421
0.191193
0.378439
0.256334
0.0214632
0.293279
0.240423
0.202589
0.348221
0.53715
0.124314
0.192738
0.48862
0.40701
0.734919
0.299905
0.807136
0.913665
0.765108
0.334212
0.719338
0.0335932
0.615624
0.112185
0.0506022
0.0552102
0.0262196
0.955436
0.525214
0.756254
0.589818
0.738906
0.319417
0.84813
0.493647
0.114835
0.812272
0.666829
0.381783
0.718809
0.418628
0.0559327
0.585
0.298828
0.409563
0.58609
0.315622
0.147358
0.991529
0.107493
0.334257
0.037959
0.922407
0.373142
0.989161
0.543456
0.563317
0.187899
0.215496
0.485307
0.219501
0.936873
0.277625
0.953104
0.814933
0.349599
0.021606
0.341013
0.384398
0.0932896
0.969253
0.190045
0.16462
0.507031
0.508238
0.0514782
0.367012
0.584797
0.994751
0.435132
0.695998
0.0164755
0.15254
0.899539
0.0463763
0.029327
0.574444
0.340404
0.219301
0.903991
0.683088
0.371648
0.401118
0.20497
0.237699
0.884361
0.921243
0.781649
0.241916
0.583596
0.201856
0.127068
0.687669
0.910739
0.75094
0.822909
0.225121
0.386746
0.418688
0.935786
0.105555
0.531289
0.621192
0.280342
0.197763
0.408387
0.362605
0.161901
0.893525
0.440476
0.67031
0.210427
0.471146
0.0499138
0.495932
0.269721
0.684174
0.747996
0.391641
0.558827
0.732246
0.611622
0.58123
0.0706039
0.374246
0.0335896
0.406143
0.657958
0.575241
0.975956
0.441639
0.777837
0.569458
0.0210998
0.512274
0.407552
0.219837
0.230461
0.43855
0.919894
0.319038
0.284335
0.363779
0.499318
0.813524
0.234818
0.0222639
0.301121
0.298062
0.825928
0.136395
0.81458
0.861088
0.552942
0.0185299
0.507821
0.713645
0.697748
0.893456
0.701185
0.93729
0.0108928
0.81974
0.0342677
0.51616
0.65333
0.754127
0.279997
0.603051
0.888781
0.643234
0.786063
0.491141
0.40346
0.87744
0.708183
0.826492
0.0106704
0.0955571
0.543284
0.856217
0.264356
0.775547
0.637921
0.72506
0.894648
0.767987
0.206847
0.0433042
0.153564
0.718314
0.128644
0.220789
0.453559
0.465261
0.0897863
0.50673
0.0765091
0.166525
0.74771
0.334567
0.305054
0.818879
0.982049
0.96897
0.576622
0.233483
0.292098
0.673764
0.573739
0.199702
0.958198
0.336155
0.149664
0.328383
0.113097
0.771914
0.792563
0.587069
0.0791916
0.192902
0.775405
0.353391
0.838948
0.133887
0.698148
0.190345
0.396807
0.338947
0.922693
0.838403
0.629524
0.865491
0.21629
0.0648991
0.678001
0.53512
0.517349
0.255719
0.852828
0.823201
0.0165722
0.47471
0.944119
0.458621
0.849972
0.535552
0.434101
0.0244337
0.50436
0.876484
0.908249
0.285203
0.132704
0.000132544
0.317961
0.530108
0.829176
0.673584
0.913014
0.756142
0.168512
0.964016
0.348266
0.598488
0.731392
0.870816
0.333399
0.463043
0.166887
0.466389
0.45637
0.127822
0.63993
0.896488
0.427428
0.175846
0.294898
0.0587383
0.0601729
0.0266599
0.550467
0.563051
0.304596
0.754511
0.671103
0.939838
0.485155
0.518088
0.789203
0.571168
0.766495
0.920166
0.210306
0.608114
0.465725
0.6167
0.203092
0.677601
0.0173156
0.226608
0.914466
0.768434
0.533313
0.0683802
0.199584
0.0120176
0.966572
0.832201
0.445309
0.990495
0.794284
0.488611
0.130589
0.212243
0.83111
0.323787
0.738768
0.159873
0.731471
0.0536941
0.71439
0.121736
0.984045
0.593098
0.269543
0.432004
0.930512
0.507885
0.064098
0.659111
0.449172
0.147168
0.775228
0.531262
0.0878942
0.900461
0.868151
0.0562999
0.640056
0.889265
0.347723
0.66672
0.454461
0.446879
0.017031
0.861418
0.937822
0.478774
0.569831
0.992796
0.404135
0.219841
0.866497
0.689023
0.171469
0.00902373
0.169077
0.206388
0.901622
0.70914
0.13193
0.425205
0.661447
0.322383
0.597437
0.210647
0.189618
0.208316
0.713345
0.252696
0.270015
0.481757
0.220674
0.354664
0.637734
0.749754
0.492421
0.617389
0.319453
0.302499
0.141789
0.844342
0.288154
0.908832
0.113209
0.613861
0.283904
0.508132
0.538875
0.0521505
0.437082
0.21873
0.918339
0.691453
0.115925
0.359623
0.306056
0.302248
0.561445
0.796099
0.469949
0.791171
0.418769
0.73953
0.357523
0.949822
0.750147
0.0195775
0.755167
0.911801
0.347754
0.0712852
0.855089
0.0943533
0.549568
0.915525
0.522012
0.0519655
0.440909
0.691189
0.261378
0.895908
0.459712
0.232019
0.195943
0.849694
0.741609
0.662215
0.107088
0.836173
0.454915
0.65063
0.904423
0.110706
0.60383
0.0163825
0.0912104
0.905672
0.547619
0.644206
0.235877
0.620574
0.0789823
0.645751
0.1763
0.618925
0.970324
0.669193
0.331811
0.457887
0.0249493
0.523105
0.989192
0.723364
0.396945
0.59073
0.57318
0.507674
0.145546
0.290949
0.501144
0.14187
0.406383
0.593103
0.80938
0.470599
0.674122
0.75718
0.1821
0.619639
0.769927
0.421086
0.438989
0.48878
0.216833
0.832912
0.501544
0.102732
0.36436
0.820802
0.122844
0.649359
0.736625
0.710665
0.105335
0.958604
0.423693
0.560113
0.0987828
0.483118
0.153625
0.30847
0.130916
0.343519
0.66306
0.516203
0.796667
0.576596
0.066874
0.248482
0.908679
0.889508
0.989806
0.323655
0.98742
0.613865
0.652082
0.601346
0.797794
0.610447
0.377239
0.174647
0.0599142
0.152353
0.383419
0.0130839
0.965374
0.318187
0.955604
0.0289597
0.397179
0.27781
0.361853
0.780453
0.445664
0.0573123
0.0479943
0.530815
0.766768
0.614629
0.932433
0.781577
0.754903
0.326217
0.521981
0.645579
0.511238
0.6621
0.23131
0.982569
0.0859195
0.412678
0.985284
0.485259
0.611872
0.0112205
0.768552
0.74156
0.217347
0.397321
0.262564
0.0786386
0.22012
0.484985
0.515296
0.839009
0.413152
0.402176
0.952687
0.335098
0.13375
0.695436
0.922773
0.487525
0.505692
0.00462576
0.188469
0.779639
0.610826
0.792457
0.8379
0.687358
0.0814341
0.806141
0.134777
0.569914
0.574692
0.0161028
0.934828
0.61478
0.668575
0.421773
0.702767
0.470697
0.408893
0.988636
0.485251
0.117263
0.858086
0.341976
0.316379
0.377527
0.869882
0.531433
0.0251555
0.248355
0.72368
0.432381
0.261451
0.189409
0.214478
0.494895
0.0330008
0.372624
0.356677
0.274707
0.264399
0.744515
0.131684
0.803084
0.304403
0.342846
0.659341
0.0389645
0.772143
0.690085
0.927245
0.0620186
0.687467
0.725695
0.846529
0.5538
0.842397
0.0489189
0.758804
0.676
0.874429
0.330943
0.5185
0.453945
0.179503
0.847399
0.046426
0.523596
0.232704
0.903274
0.541257
0.098685
0.857084
0.042738
0.142042
0.217498
0.777462
0.357606
0.0253238
0.83378
0.363198
0.788562
0.87966
0.676508
0.545244
0.898889
0.0994935
0.0909393
0.0342393
0.324174
0.166066
0.998079
0.415485
0.754333
0.693313
0.770644
0.91226
0.31068
0.204717
0.0728788
0.587201
0.542487
0.644086
0.598005
0.45002
0.16255
0.764921
0.9833
0.143146
0.827703
0.881133
0.0704503
0.477865
0.738755
0.733737
0.816245
0.53348
0.560833
0.346526
0.550756
0.0211027
0.736771
0.833972
0.83632
0.0331204
0.912172
0.0949252
0.850908
0.5222
0.0163665
0.129177
0.593175
0.721787
0.0370252
0.176169
0.232437
0.715013
0.770586
0.589379
0.872939
0.453991
0.983929
0.259961
0.690669
0.596744
0.279329
0.27921
0.683768
0.811281
0.0762412
0.369373
0.806237
0.958331
0.993735
0.425572
0.433153
0.338446
0.454668
0.769975
0.7557
0.992394
0.203073
0.375417
0.70867
0.163498
0.323962
0.809012
0.218957
0.328388
0.461998
0.35233
0.0735396
0.505193
0.2742
0.567635
0.0275111
0.613717
0.423612
0.645296
0.306118
0.290785
0.430515
0.550274
0.122461
0.130425
0.228788
0.106923
0.0930372
0.188573
0.683496
0.541483
0.521407
0.941817
0.637501
0.718558
0.424442
0.248358
0.935987
0.802128
0.761634
0.0617528
0.906654
0.655628
0.94795
0.545242
0.305319
0.088516
0.421535
0.367533
0.852529
0.983924
0.0538531
0.357135
0.999067
0.415017
0.380648
0.10458
0.589612
0.146321
0.376576
0.936352
0.70037
0.242934
0.742119
0.326638
0.369959
0.492794
0.200618
0.287567
0.292593
0.429844
0.478113
0.93192
0.83623
0.289976
0.958075
0.723048
0.864808
0.52325
0.0527687
0.960015
0.672208
0.0654668
0.979136
0.294845
0.949909
0.17342
0.000904599
0.878455
0.850537
0.336409
0.0983301
0.628119
0.400417
0.928052
0.880606
0.619081
0.893941
0.209053
0.258298
0.00412488
0.0904527
0.59582
0.299313
0.775434
0.64239
0.179547
0.28334
0.135855
0.563496
0.144256
0.856053
0.0304084
0.850324
0.2328
0.754936
0.0563904
0.707646
0.184121
0.994603
0.5167
0.538151
0.271514
0.378257
0.512147
0.515419
0.468934
0.154167
0.215126
0.645173
0.606139
0.182345
0.867691
0.527718
0.974538
0.285485
0.949081
0.607605
0.776488
0.063482
0.591157
0.899758
0.509788
0.532835
0.798576
0.655096
0.463058
0.557317
0.743034
0.514322
0.120782
0.268087
0.924859
0.589397
0.539223
0.937265
0.255629
0.9119
0.557116
0.738685
0.684321
0.139706
0.973489
0.42454
0.0762116
0.107926
0.972241
0.570353
0.483825
0.64499
0.218204
0.694903
0.245757
0.633619
0.960137
0.726422
0.969658
0.762141
0.525096
0.44679
0.638362
0.307138
0.443406
0.66527
0.822277
0.319021
0.657045
0.505403
0.157446
0.305077
0.105101
0.870622
0.678951
0.826875
0.946069
0.630604
0.513402
0.555995
0.987431
0.626902
0.852017
0.490251
0.0199588
0.243831
0.550075
0.101567
0.474312
0.174531
0.325383
0.110386
0.428237
0.718991
0.767617
0.927185
0.756954
0.332498
0.88056
0.52561
0.26734
0.168217
0.0450112
0.170775
0.925775
0.108624
0.834149
0.151815
0.855876
0.598568
0.197768
0.797531
0.787386
0.0955851
0.171448
0.602812
0.325098
0.267285
0.7893
0.616613
0.686464
0.697433
0.932021
0.120188
0.606886
0.489868
0.529701
0.221869
0.748181
0.258154
0.199114
0.871523
0.0271855
0.0363402
0.437994
0.0656876
0.979386
0.6289
0.656328
0.327906
0.4755
0.0162418
0.200028
0.858495
0.0675401
0.310749
0.826623
0.611868
0.9146
0.88411
0.245313
0.958202
0.452297
0.888558
0.46485
0.585221
0.011679
0.728435
0.4153
0.118637
0.596256
0.00468786
0.939455
0.691412
0.271798
0.753737
0.658332
0.28371
0.535615
0.0602161
0.677427
0.922883
0.466639
0.36881
0.917394
0.011573
0.929235
0.693418
0.821237
0.857737
0.110577
0.704999
0.551666
0.520628
0.313732
0.161415
0.319728
0.671067
0.523951
0.6078
0.760315
0.163863
0.494362
0.764688
0.300811
0.838866
0.679808
0.328461
0.538264
0.837817
0.242977
0.0194841
0.607479
0.538793
0.226349
0.919941
0.935995
0.48863
0.697628
0.516586
0.285234
0.00945048
0.29295
0.666485
0.155092
0.225578
0.877622
0.605728
0.646814
0.0691829
0.218546
0.779994
0.629077
0.0706164
0.657219
0.519659
0.94753
0.0208507
0.728718
0.398518
0.687246
0.0730871
0.758046
0.0507226
0.64241
0.500775
0.53009
0.738252
0.274568
0.238036
0.759943
0.960094
0.166206
0.378594
0.0968024
0.934562
0.802916
0.730205
0.794713
0.57357
0.36169
0.161334
0.886371
0.901999
0.758582
0.361792
0.496225
0.658685
0.288967
0.143057
0.308133
0.347441
0.139538
0.216239
0.555822
0.0511837
0.417353
0.71158
0.879273
0.601479
0.464972
0.815421
0.322125
0.376389
0.138016
0.653592
0.025492
0.233686
0.978782
0.943021
0.981064
0.066964
0.195257
0.423406
0.537076
0.463277
0.625909
0.502559
0.791777
0.710352
0.569405
0.157099
0.625603
0.925833
0.983197
0.723174
0.187558
0.860132
0.12906
0.743472
0.0478784
0.649699
0.0595371
0.919762
0.171725
0.0880464
0.304543
0.671595
0.204443
0.97481
0.0395597
0.491791
0.640933
0.405016
0.057082
0.630337
0.214581
0.629709
0.394561
0.796108
0.879037
0.780077
0.702483
0.420672
0.643856
0.078309
0.38075
0.437689
0.406951
0.273786
0.231351
0.737898
0.8794
0.772488
0.0358329
0.554316
0.588174
0.246189
0.398386
0.80678
0.301836
0.489634
0.781287
0.449977
0.83324
0.676675
0.0866291
0.980718
0.566428
0.207679
0.0956087
0.0625215
0.025782
0.334127
0.556807
0.845939
0.626754
0.599864
0.210636
0.253915
0.651974
0.328917
0.523174
0.124717
0.452696
0.992596
0.399229
0.0619117
0.292961
0.552272
0.740127
0.318404
0.493858
0.628669
0.753146
0.693887
0.136881
0.906962
0.378877
0.529622
0.988615
0.958209
0.817646
0.423895
0.817977
0.444496
0.38026
0.707235
0.238916
0.175765
0.238147
0.283592
0.0406487
0.551417
0.942499
0.787837
0.241432
0.695976
0.0152575
0.768548
0.331893
0.32233
0.765437
0.384165
0.218627
0.563322
0.220633
0.162637
0.39964
0.0203949
0.42327
0.0032733
0.04486
0.189124
0.201336
0.60035
0.231722
0.566548
0.55075
0.338006
0.989924
0.148359
0.851288
0.78718
0.524301
0.018839
0.263452
0.99859
0.710541
0.21809
0.641613
0.121068
0.556681
0.787968
0.414502
0.0836644
0.587107
0.639266
0.125155
0.865262
0.487784
0.276018
0.311472
0.666567
0.500098
0.444139
0.325583
0.565924
0.0152227
0.552834
0.935824
0.481772
0.328476
0.803082
0.143466
0.0786228
0.445408
0.46551
0.736679
0.699037
0.53309
0.206323
0.156967
0.40224
0.437576
0.975063
0.926744
0.308064
0.862583
0.560227
0.544162
0.84228
0.787971
0.536371
0.00183038
0.370152
0.436121
0.633203
0.146777
0.565367
0.403117
0.0539818
0.135985
0.39051
0.457556
0.331911
0.857333
0.607156
0.197118
0.143521
0.76738
0.652723
0.34228
0.056611
0.420362
0.460864
0.535503
0.828423
0.99837
0.382405
0.19008
0.992391
0.679937
0.934896
0.63641
0.648705
0.382612
0.0278736
0.593066
0.731305
0.653124
0.0619616
0.153041
0.755654
0.495833
0.384369
0.288318
0.186366
0.947338
0.398056
0.139152
0.541373
0.0305164
0.54845
0.396589
0.760946
0.162785
0.4681
0.593645
0.0853344
0.497141
0.776899
0.133818
0.700195
0.830731
0.513148
0.00481381
0.356712
0.973022
0.144658
0.774766
0.360979
0.281578
0.54341
0.407239
0.920304
0.356899
0.112509
0.255084
0.155677
0.813111
0.629639
0.659374
0.664118
0.547277
0.285949
0.0973132
0.831218
0.31502
0.598784
0.468768
0.658211
0.261
0.28453
0.691057
0.973479
0.282558
0.853993
0.901328
0.837754
0.75228
0.259131
0.947138
0.847132
0.842375
0.777156
0.473755
0.851166
0.929184
0.0242436
0.729087
0.46632
0.591194
0.984498
0.847007
0.976697
0.344855
0.277363
0.316407
0.336489
0.5481
0.285206
0.915859
0.670683
0.785491
0.183005
0.140886
0.0557447
0.618373
0.589941
0.375036
0.0226182
0.159251
0.506773
0.787172
0.762038
0.934325
0.79518
0.454261
0.344399
0.13286
0.561234
0.207615
0.118007
0.767655
0.457255
0.725843
0.106726
0.439141
0.557388
0.855584
0.911929
0.35133
0.372362
0.102235
0.657593
0.21881
0.866431
0.393405
0.453885
0.181754
0.0674385
0.784553
0.801867
0.463419
0.852423
0.625648
0.180491
0.0300702
0.129778
0.315606
0.731535
0.77298
0.148569
0.7958
0.165345
0.717103
0.0785568
0.393866
0.81583
0.529975
0.947356
0.316681
0.578165
0.190229
0.392261
0.998756
0.343688
0.908571
0.697666
0.0297702
0.481277
0.676905
0.402483
0.154091
0.561168
0.949325
0.959295
0.989941
0.836014
0.65408
0.869173
0.863771
0.761925
0.165268
0.0794742
0.508895
0.0930403
0.437859
0.311971
0.379151
0.995592
0.869492
0.947907
0.254305
0.0484916
0.831839
0.688726
0.596022
0.21474
0.535169
0.0557556
0.431049
0.190738
0.327775
0.937657
0.847367
0.256984
0.377206
0.733514
0.782224
0.0116371
0.221706
0.0670718
0.705654
0.875934
0.277482
0.692804
0.139014
0.374769
0.835878
0.695748
0.694899
0.853362
0.294588
0.650968
0.298628
0.944677
0.780789
0.825018
0.736185
0.793673
0.405158
0.130612
0.159556
0.816644
0.0305541
0.543991
0.823497
0.948397
0.460268
0.0695003
0.5224
0.195857
0.298711
0.975715
0.165316
0.77735
0.341378
0.474103
0.100237
0.0601817
0.86172
0.0708716
0.882796
0.39384
0.440051
0.350732
0.0323509
0.725566
0.35349
0.64106
0.771589
0.677081
0.485872
0.812129
0.0759967
0.0283329
0.433507
0.143478
0.808037
0.00175475
0.0962215
0.421675
0.235114
0.956301
0.371487
0.49132
0.267509
0.57628
0.520045
0.978869
0.660741
0.846242
0.0871436
0.422876
0.0414065
0.602132
0.731446
0.682629
0.0610319
0.676503
0.307075
0.348294
0.7265
0.107092
0.252499
0.438931
0.58718
0.307007
0.435469
0.310336
0.915969
0.65842
0.176907
0.645104
0.0352927
0.782607
0.00180399
0.384515
0.672467
0.0394906
0.434759
0.174381
0.583211
0.191036
0.383639
0.88218
0.00184136
0.680203
0.282515
0.821409
0.294109
0.3901
0.951081
0.835255
0.890217
0.932589
0.129361
0.348286
0.71361
0.625149
0.833619
0.220504
0.319321
0.219386
0.0280353
0.68021
0.286149
0.0307908
0.284451
0.113194
0.0716234
0.581015
0.010961
0.843501
0.0660618
0.484097
0.162403
0.421958
0.86306
0.65641
0.962474
0.39576
0.41193
0.779265
0.902051
0.669312
0.171376
0.319782
0.271206
0.230797
0.702492
0.30947
0.973869
0.862436
0.619773
0.879447
0.307114
0.626196
0.633983
0.301197
0.582954
0.107676
0.798408
0.875137
0.64767
0.0550692
0.938562
0.0579614
0.249145
0.375118
0.413529
0.165184
0.941974
0.128043
0.755389
0.640155
0.306615
0.115719
0.955548
0.824148
0.152197
0.39289
0.462763
0.737818
0.875654
0.973842
0.723877
0.622915
0.842093
0.378042
0.898682
0.788761
0.908798
0.42141
0.0705868
0.907523
0.612739
0.750338
0.580403
0.994522
0.165867
0.708823
0.166703
0.0793309
0.634077
0.551481
0.772274
0.0548825
0.0466424
0.58251
0.761745
0.18526
0.535964
0.573696
0.604939
0.0407916
0.270123
0.178949
0.527728
0.735075
0.917633
0.0305984
0.824218
0.847394
0.469636
0.370319
0.0756367
0.169957
0.671965
0.590129
0.667788
0.45026
0.791944
0.455798
0.894465
0.0725565
0.635435
0.808622
0.321098
0.536072
0.86608
0.534216
0.793612
0.586233
0.881507
0.443176
0.0931639
0.929496
0.418572
0.526703
0.690944
0.0546573
0.34041
0.792789
0.00654511
