0.0542019
0.274074
0.357479
0.781057
0.188845
0.40648
0.693955
0.82948
0.546175
0.912339
0.917629
0.618542
0.910472
0.893861
0.345293
0.996385
0.890265
0.363816
0.782897
0.328324
0.156707
0.739484
0.631737
0.599904
0.240562
0.282347
0.798737
0.586945
0.301753
0.296112
0.225205
0.505442
0.565037
0.0688958
0.163903
0.510519
0.541539
0.510036
0.121917
0.15575
0.409146
0.693653
0.780772
0.636363
0.581805
0.974734
0.529638
0.288371
0.196209
0.215373
0.437663
0.56695
0.915583
0.316097
0.281023
0.618899
0.220445
0.172017
0.0164176
0.516334
0.00241617
0.556002
0.555734
0.0737322
0.396909
0.772204
0.572536
0.403069
0.523322
0.392486
0.0670251
0.778519
0.76431
0.56853
0.614463
0.58887
0.616629
0.239777
0.791084
0.705647
0.737876
0.138418
0.00549026
0.738518
0.810787
0.564722
0.055682
0.323096
0.933615
0.852758
0.686773
0.167238
0.679664
0.0795689
0.561004
0.459042
0.665068
0.434114
0.0307029
0.442409
0.467067
0.0103844
0.59355
0.301631
0.825934
0.915917
0.267353
0.296017
0.0924736
0.725832
0.71746
0.620868
0.376115
0.630672
0.517287
0.650206
0.871254
0.331019
0.557545
0.0286139
0.220866
0.785588
0.290904
0.0571833
0.698901
0.638333
0.647709
0.882603
0.164071
0.666668
0.383201
0.693228
0.304173
0.649632
0.359535
0.912868
0.388772
0.678022
0.752664
0.199394
0.678317
0.791001
0.726212
0.175196
0.103216
0.817545
0.980096
0.751684
0.909741
0.608515
0.459201
0.0459135
0.599668
0.781424
0.818052
0.223082
0.732903
0.677559
0.972098
0.4116
0.0512269
0.315271
0.314759
0.492737
0.0556306
0.0949828
0.239078
0.782436
0.86883
0.623984
0.332523
0.271248
0.031974
0.869332
0.247647
0.985422
0.127586
0.532953
0.378597
0.783772
0.91409
0.361125
0.911044
0.119122
0.0348277
0.904507
0.930741
0.589996
0.0564481
0.88216
0.849516
0.56874
0.460586
0.067605
0.383213
0.740402
0.522328
0.496759
0.830199
0.0167762
0.264059
0.141901
0.0329706
0.289314
0.893866
0.163104
0.988979
0.131302
0.4673
0.370159
0.657562
0.873565
0.294876
0.272825
0.080891
0.186346
0.760009
0.909609
0.644623
0.517449
0.701595
0.0450742
0.890251
0.67262
0.164873
0.502564
0.531819
0.624003
0.964568
0.569174
0.577672
0.937488
0.0615602
0.658997
0.0993981
0.608669
0.804352
0.0323154
0.521933
0.297648
0.660648
0.597717
0.0615489
0.891164
0.953334
0.180876
0.0735452
0.988032
0.427906
0.758982
0.923166
0.872116
0.963365
0.29676
0.710039
0.901098
0.874201
0.828601
0.0352094
0.906136
0.627933
0.572596
0.738187
0.508222
0.864827
0.140238
0.657136
0.592994
0.513367
0.24462
0.973506
0.916214
0.65201
0.110502
0.514626
0.481053
0.0681719
0.388843
0.805203
0.786656
0.119977
0.411976
0.798067
0.25272
0.587479
0.0367334
0.68163
0.82682
0.699911
0.351772
0.489147
0.284127
0.265971
0.764926
0.584379
0.538556
0.990675
0.769158
0.586098
0.790853
0.548925
0.0764199
0.474317
0.849727
0.403079
0.236798
0.541489
0.368907
0.758522
0.769037
0.346308
0.967453
0.355807
0.193194
0.0910559
0.313235
0.958344
0.638464
0.20814
0.333122
0.343016
0.894843
0.50416
0.562223
0.789345
0.350928
0.22018
0.822832
0.0760419
0.0821857
0.309716
0.855496
0.474297
0.324237
0.460044
0.674175
0.574062
0.842825
0.0758215
0.25985
0.687559
0.432499
0.323726
0.046072
0.310353
0.426623
0.615572
0.243015
0.844717
0.882797
0.928256
0.562634
0.302986
0.770147
0.50722
0.612585
0.686576
0.0839054
0.714108
0.298379
0.233191
0.317444
0.282018
0.250564
0.123545
0.668144
0.278391
0.247568
0.568767
0.0513477
0.823166
0.0369454
0.267171
0.30219
0.662305
0.625757
0.712341
0.275835
0.996085
0.300446
0.501265
0.132322
0.89756
0.237942
0.0670901
0.365624
0.989006
0.212025
0.287535
0.504589
0.630568
0.393183
0.679961
0.130034
0.0702382
0.0453837
0.553928
0.890816
0.585794
0.531546
0.64404
0.407507
0.261375
0.60921
0.632786
0.759273
0.233894
0.288725
0.0226978
0.291437
0.354083
0.64963
0.607602
0.756168
0.884364
0.895503
0.0780761
0.525871
0.0451454
0.796613
0.314831
0.235507
0.267438
0.142384
0.193852
0.833386
0.745104
0.743855
0.265942
0.113418
0.0489807
0.27612
0.65736
0.626701
0.574108
0.200358
0.409374
0.284314
0.834083
0.757352
0.865908
0.416935
0.742514
0.0699355
0.958454
0.687191
0.26003
0.735626
0.478618
0.871375
0.322553
0.561023
0.24585
0.134488
0.237612
0.363673
0.688089
0.0390195
0.688734
0.260818
0.856589
0.546114
0.460499
0.152666
0.255789
0.391646
0.964607
0.519424
0.120884
0.914895
0.456607
0.904683
0.2919
0.782189
0.0559069
0.213044
0.776544
0.69681
0.907883
0.608883
0.544557
0.753118
0.877259
0.893774
0.855831
0.683244
0.407614
0.0478553
0.238428
0.0139592
0.3817
0.907123
0.303596
0.86733
0.147173
0.309913
0.418244
0.210176
0.767455
0.242546
0.886141
0.297543
0.190678
0.724119
0.95681
0.901467
0.700584
0.813472
0.866425
0.888213
0.230451
0.626476
0.243942
0.44268
0.782786
0.715829
0.244633
0.737832
0.907812
0.842232
0.971466
0.142859
0.856912
0.762052
0.760262
0.459418
0.384084
0.107429
0.455472
0.147247
0.293592
0.380417
0.924546
0.193468
0.655051
0.394229
0.193486
0.0317354
0.801822
0.313325
0.746942
0.590634
0.296429
0.815503
0.892513
0.589583
0.815188
0.555128
0.814574
0.0383539
0.848485
0.114486
0.151174
0.728034
0.201974
0.738008
0.867171
0.209039
0.72876
0.6133
0.512972
0.959335
0.184444
0.200738
0.659121
0.739105
0.374368
0.97608
0.0352113
0.328246
0.650959
0.0393503
0.135622
0.238739
0.859359
0.914478
0.00760761
0.246182
0.60973
0.984514
0.979311
0.619195
0.948318
0.373761
0.227565
0.568183
0.560081
0.281103
0.872199
0.845637
0.647979
0.723669
0.26674
0.121991
0.150853
0.667906
0.336551
0.617685
0.775326
0.732936
0.736284
0.0599006
0.227051
0.466279
0.898958
0.544241
0.057137
0.794493
0.774849
0.509021
0.0257518
0.975528
0.242368
0.901012
0.448384
0.0627939
0.0992591
0.368498
0.513531
0.380071
0.0016966
0.717577
0.345076
0.656387
0.169335
0.621151
0.424611
0.677083
0.17881
0.887456
0.159935
0.0978455
0.761439
0.894076
0.247727
0.597233
0.0766173
0.266548
0.846328
0.684056
0.487419
0.356783
0.213335
0.228838
0.764782
0.396144
0.822659
0.525028
0.102739
0.0483825
0.938881
0.614735
0.991897
0.476778
0.982658
0.572067
0.232497
0.117017
0.130376
0.741824
0.138313
0.187152
0.396476
0.335996
0.458718
0.102915
0.170468
0.641399
0.787682
0.37236
0.306597
0.897638
0.724393
0.406703
0.186363
0.0515842
0.943964
0.42062
0.596144
0.513544
0.895827
0.185833
0.0935017
0.0565559
0.0476368
0.68272
0.475505
0.927014
0.411363
0.870006
0.71
0.942367
0.480171
0.434611
0.512073
0.52449
0.469051
0.958543
0.856098
0.305534
0.720322
0.854618
0.307691
0.156803
0.0771066
0.748091
0.534213
0.453919
0.792427
0.218777
0.30651
0.731537
0.459926
0.405043
0.251685
0.581145
0.808327
0.0504337
0.148746
0.49141
0.891695
0.31302
0.282826
0.0647121
0.0605151
0.579087
0.836963
0.347393
0.348429
0.0415269
0.391318
0.866307
0.0252594
0.171378
0.830928
0.0128309
0.46669
0.831624
0.900266
0.507053
0.83873
0.567657
0.773961
0.312721
0.107592
0.694582
0.741751
0.396931
0.346586
0.054359
0.374866
0.366856
0.284173
0.914389
0.660146
0.425534
0.6251
0.600122
0.980508
0.764331
0.7189
0.880662
0.0106503
0.571535
0.971603
0.53363
0.0627168
0.564695
0.228127
0.440578
0.0989057
0.127116
0.801629
0.254883
0.499928
0.522996
0.019605
0.877014
0.460103
0.979939
0.569475
0.874304
0.241524
0.117559
0.151405
0.0594939
0.200206
0.868242
0.770874
0.931871
0.080753
0.0698915
0.977305
0.521702
0.787699
0.309754
0.118516
0.485428
0.415278
0.915841
0.159458
0.203608
0.15009
0.957696
0.748681
0.206452
0.665701
0.219563
0.4493
0.940374
0.58194
0.147727
0.629531
0.184303
0.0828926
0.213928
0.526436
0.666704
0.458999
0.215459
0.220276
0.890088
0.301553
0.250061
0.896617
0.119728
0.665199
0.327472
0.326094
0.825488
0.550212
0.644778
0.845129
0.594999
0.330987
0.211409
0.625688
0.263062
0.975649
0.161356
0.794542
0.924433
0.466308
0.613565
0.410489
0.969225
0.6532
0.77141
0.415175
0.149071
0.494319
0.848694
0.677786
0.445928
0.497077
0.156128
0.697865
0.204692
0.677375
0.124508
0.595472
0.772918
0.579581
0.683934
0.427303
0.276806
0.97804
0.964917
0.728054
0.724777
0.644965
0.0858497
0.527904
0.851543
0.209986
0.82674
0.20641
0.475496
0.299929
0.34497
0.92795
0.0301212
0.720036
0.376216
0.588028
0.329947
0.864927
0.854955
0.548099
0.0434137
0.53358
0.825268
0.566275
0.219237
0.323338
0.0650433
0.373823
0.258527
0.260603
0.472485
0.0948331
0.0631454
0.816481
0.0684482
0.297635
0.787571
0.456372
0.910177
0.550671
0.429218
0.399054
0.0632966
0.716192
0.719924
0.741173
0.689373
0.260416
0.00987003
0.350101
0.896161
0.743236
0.293986
0.184343
0.162956
0.07579
0.436979
0.27162
0.237105
0.146549
0.470825
0.728588
0.3914
0.156016
0.141592
0.904516
0.352418
0.159462
0.871877
0.803712
0.734155
0.492171
0.401842
0.862601
0.180836
0.925568
0.822036
0.686578
0.469161
0.887939
0.982359
0.0323355
0.824773
0.659318
0.448279
0.57372
0.797916
0.632758
0.789704
0.0595593
0.389406
0.420234
0.664072
0.634471
0.885303
0.611508
0.615349
0.877162
0.766863
0.750091
0.115622
0.20409
0.11626
0.84146
0.381574
0.454046
0.0738874
0.025165
0.961115
0.158395
0.933642
0.236765
0.075554
0.672556
0.0843275
0.0621676
0.695169
0.00205896
0.156857
0.27455
0.315229
0.714036
0.571787
0.515193
0.57733
0.00494271
0.352235
0.544735
0.0920641
0.272324
0.590728
0.00462732
0.0307507
0.376707
0.165515
0.306225
0.269974
0.30721
0.584022
0.538519
0.790671
0.372719
0.752009
0.652579
0.551939
0.85092
0.425249
0.574401
0.768254
0.539514
0.98427
0.105585
0.301005
0.379854
0.472716
0.222569
0.320742
0.226851
0.0217578
0.0154734
0.78385
0.0186471
0.902727
0.196605
0.609035
0.522871
0.70673
0.353196
0.758894
0.505576
0.765774
0.362532
0.925018
0.901099
0.551715
0.521025
0.179025
0.608923
0.72796
0.875942
0.473322
0.752214
0.181048
0.0213358
0.129271
0.860052
0.796709
0.187592
0.171215
0.675568
0.399895
0.935527
0.476235
0.402236
0.190023
0.337066
0.440981
0.137984
0.980339
0.43965
0.803842
0.817665
0.231528
0.641258
0.25781
0.124107
0.407058
0.0676925
0.10976
0.529556
0.211502
0.0259674
0.99412
0.744641
0.982235
0.951382
0.471608
0.987536
0.852921
0.309077
0.951736
0.113649
0.117274
0.000695415
0.303156
0.369181
0.120341
0.711912
0.957514
0.322288
0.788984
0.671486
0.109614
0.723963
0.882602
0.000493126
0.101944
0.370384
0.914689
0.998989
0.170494
0.172617
0.10307
0.606148
0.41189
0.255783
0.201685
0.187689
0.883772
0.631414
0.622426
0.658269
0.177084
0.625849
0.876456
0.178203
0.645574
0.884122
0.250516
0.586221
0.486873
0.839086
0.0516756
0.739473
0.554516
0.429472
0.779723
0.396667
0.357229
0.659472
0.394172
0.178478
0.054295
0.247121
0.901813
0.982443
0.484109
0.14475
0.511667
0.993528
0.762569
0.966024
0.929881
0.236491
0.0975222
0.409774
0.131173
0.754567
0.348103
0.449784
0.199335
0.736518
0.203367
0.76816
0.24128
0.613733
0.345772
0.722632
0.117223
0.180788
0.193864
0.360548
0.404394
0.22578
0.669057
0.957213
0.431665
0.803814
0.798189
0.995241
0.211804
0.329019
0.762342
0.756759
0.961277
0.569892
0.608506
0.365092
0.343548
0.599988
0.525629
0.484967
0.65565
0.038252
0.189923
0.928745
0.58298
0.0154104
0.293675
0.0452602
0.794732
0.711366
0.536361
0.586795
0.210947
0.413915
0.515821
0.838335
0.659911
0.481176
0.852765
0.481528
0.272296
0.731196
0.969469
0.375623
0.2386
0.242705
0.0189394
0.982653
0.80262
0.563485
0.388829
0.652528
0.993708
0.713766
0.102367
0.447289
0.692795
0.332956
0.921749
0.632491
0.932185
0.42592
0.30049
0.889029
0.0173738
0.148055
0.959162
0.714469
0.306467
0.828096
0.807892
0.909255
0.642813
0.628686
0.118471
0.918972
0.623981
0.257585
0.951304
0.0462058
0.0209271
0.0880501
0.517843
0.878664
0.402179
0.561323
0.598156
0.0750509
0.39149
0.354985
0.244789
0.108028
0.112289
0.267205
0.266392
0.936081
0.186177
0.507435
0.147594
0.9207
0.929461
0.136751
0.871569
0.0123551
0.722036
0.878585
0.387447
0.24643
0.111724
0.846781
0.659659
0.779662
0.358563
0.184135
0.0101796
0.0859148
0.329467
0.30083
0.506571
0.386605
0.937296
0.159541
0.77971
0.177462
0.805293
0.562384
0.470075
0.359612
0.371774
0.382873
0.256307
0.972038
0.660565
0.505287
0.198021
0.104384
0.888413
0.36296
0.453714
0.0647936
0.850762
0.279433
0.91192
0.0597702
0.615966
0.563943
0.66827
0.335443
0.0377943
0.285785
0.931249
0.799852
0.331075
0.73742
0.56744
0.0160637
0.425515
0.0293784
0.784177
0.980815
0.689944
0.779685
0.597979
0.284609
0.746255
0.693874
0.442523
0.419128
0.150771
0.540292
0.19636
0.749183
0.71566
0.704497
0.736287
0.656687
0.891096
0.49108
0.341777
0.962709
0.124944
0.208612
0.15497
0.807605
0.0673666
0.490603
0.598418
0.36502
0.688559
0.856907
0.900638
0.951496
0.900047
0.00653693
0.0419322
0.870892
0.444401
0.442541
0.330599
0.939673
0.712841
0.938907
0.530956
0.021803
0.820391
0.287496
0.86738
0.860211
0.550632
0.457238
0.850024
0.347778
0.238461
0.0509378
0.134958
0.578133
0.904369
0.771166
0.704143
0.422411
0.957857
0.755589
0.366003
0.550614
0.221429
0.255945
0.735253
0.315545
0.422405
0.748442
0.353089
0.446459
0.0339351
0.728014
0.621376
0.125795
0.215456
0.308377
0.0309519
0.201455
0.0674298
0.00015225
0.636429
0.802754
0.394338
0.262736
0.283828
0.713644
0.194145
0.58008
0.247472
0.935907
0.564557
0.879609
0.992676
0.946253
0.478376
0.124994
0.064156
0.386665
0.558246
0.922429
0.934308
0.824812
0.183582
0.393108
0.912782
0.53417
0.451462
0.285597
0.622774
0.181772
0.927146
0.713974
0.832368
0.496483
0.963217
0.843314
0.113898
0.936179
0.688364
0.307112
0.860655
0.948458
0.681841
0.563195
0.149974
0.98621
0.815024
0.91222
0.683966
0.303031
0.731797
0.27621
0.615239
0.294852
0.518275
0.738924
0.744021
0.403459
0.160928
0.022401
0.105879
0.931999
0.615549
0.633284
0.00668715
0.214866
0.0810032
0.161465
0.0918036
0.134133
0.0717962
0.268847
0.0400667
0.74408
0.944833
0.221361
0.600565
0.436093
0.173561
0.194894
0.189121
0.929892
0.490544
0.796324
0.184799
0.227785
0.849808
0.494287
0.985739
0.172227
0.950103
0.382335
0.447633
0.359891
0.144467
0.816639
0.181711
0.832973
0.406296
0.421451
0.533254
0.430317
0.00242131
0.664659
0.256788
0.591923
0.35785
0.548054
0.780689
0.55888
0.301692
0.460615
0.920918
0.886181
0.879474
0.970343
0.752305
0.0155433
0.992342
0.455763
0.520498
0.088893
0.785105
0.717694
0.545402
0.744136
0.687323
0.611294
0.0823415
0.377002
0.40497
0.687378
0.405015
0.554467
0.618265
0.417462
0.844879
0.55151
0.81315
0.315395
0.859363
0.217365
0.115356
0.0858715
0.154633
0.80218
0.964472
0.196792
0.77805
0.0264829
0.113879
0.186623
0.925405
0.54971
0.0311733
0.876555
0.950212
0.482801
0.432901
0.619808
0.230256
0.700548
0.980993
0.163515
0.630785
0.641791
0.636527
0.987215
0.386914
0.261725
0.457809
0.114374
0.358105
0.785349
0.305116
0.730674
0.645078
0.839366
0.52061
0.381409
0.619245
0.60476
0.535555
0.730112
0.376313
0.121742
0.366922
0.81078
0.897704
0.346714
0.015903
0.0287833
0.849642
0.939559
0.762706
0.965803
0.492718
0.554943
0.652237
0.973129
0.90373
0.0250447
0.574323
0.729376
0.15167
0.0494824
0.534939
0.039868
0.49998
0.210334
0.475991
0.654049
0.0489728
0.858313
0.0395083
0.640555
0.506435
0.577116
0.879055
0.184353
0.201457
0.13196
0.822207
0.735343
0.893488
0.159685
0.422292
0.628908
0.596781
0.295739
0.782024
0.381772
0.984771
0.205128
0.77975
0.84502
0.461285
0.679125
0.797155
0.235575
0.75223
0.920062
0.994638
0.882963
0.503402
0.00588021
0.0150864
0.0959368
0.78696
0.553593
0.719519
0.228478
0.0126919
0.120224
0.632978
0.0152108
0.940266
0.999566
0.378219
0.895206
0.59005
0.835056
0.482346
0.059441
0.460336
0.318711
0.91016
0.897861
0.651168
0.246053
0.234025
0.548435
0.392823
0.754795
0.392573
0.265421
0.346891
0.934263
0.373853
0.482526
0.238215
0.531249
0.210122
0.295207
0.531986
0.507584
0.499121
0.911498
0.730343
0.899712
0.804925
0.447934
0.235006
0.0671237
0.284199
0.431738
0.455124
0.979352
0.926906
0.597574
0.58368
0.113072
0.3992
0.942879
0.214325
0.170452
0.346885
0.620189
0.435735
0.415828
0.285196
0.905089
0.682778
0.104263
0.0834785
0.013394
0.918762
0.367573
0.422025
0.57571
0.186023
0.0222264
0.658001
0.458649
0.199989
0.19652
0.693574
0.747417
0.543334
0.525856
0.406714
0.556972
0.730631
0.293512
0.784555
0.0758189
0.47168
0.399156
0.911112
0.428022
0.945084
0.404529
0.242497
0.872619
0.493988
0.423574
0.552366
0.248569
0.257159
0.209735
0.580623
0.835151
0.85266
0.643897
0.985008
0.978982
0.682626
0.785478
0.348798
0.780515
0.0463973
0.352833
0.356998
0.129735
0.982246
0.415754
0.406485
0.782691
0.433204
0.576278
0.650468
0.0330108
0.404012
0.958944
0.59552
0.933078
0.937041
0.755739
0.538914
0.824291
0.0107468
0.746519
0.103035
0.0484108
0.185691
0.47284
0.00963562
0.85818
0.47349
0.149935
0.245455
0.0567911
0.205245
0.465489
0.460975
0.351056
0.441003
0.329407
0.572097
0.992353
0.717851
0.360996
0.572729
0.380335
0.372083
0.424275
0.743127
0.36008
0.626489
0.85287
0.120025
0.174343
0.950628
0.977501
0.252005
0.28462
0.838286
0.802101
0.369961
0.362811
0.271741
0.259469
0.994394
0.0462633
0.676333
0.501685
0.113288
0.461315
0.718631
0.960603
0.5289
0.935417
0.989587
0.465716
0.363796
0.0903359
0.844204
0.413706
0.757358
0.554033
0.47624
0.26659
0.135277
0.0777008
0.846593
0.337043
0.673994
0.104433
0.587366
0.114803
0.249345
0.414173
0.715467
0.869671
0.815428
0.232449
0.346335
0.960612
0.301313
0.154196
0.744436
0.282895
0.328839
0.0013319
0.563914
0.444134
0.161363
0.703462
0.544031
0.25462
0.393111
0.244619
0.582689
0.0527435
0.602293
0.0399708
0.86241
0.34311
0.112233
0.593427
0.630077
0.78138
0.736514
0.791597
0.648711
0.911908
0.606076
0.736446
0.713252
0.689987
0.91987
0.969546
0.328926
0.0948157
0.806533
0.682735
0.173247
0.48101
0.939338
0.138072
0.659654
0.194039
0.626484
0.620735
0.440977
0.658947
0.447152
0.851604
0.707325
0.428546
0.620197
0.641192
0.88775
0.993604
0.728354
0.505823
0.048929
0.108219
0.858296
0.915944
0.67166
0.462336
0.96139
0.0799172
0.385913
0.0164362
0.591907
0.568236
0.0122707
0.589805
0.360217
0.0254347
0.97858
0.132194
0.550577
0.863438
0.682541
0.0349692
0.440198
0.439827
0.766112
0.999839
0.257466
0.885814
0.0497216
0.331656
0.729554
0.498702
0.54666
0.224639
0.122981
0.485212
0.874042
0.641425
0.448237
0.137144
0.141159
0.982596
0.971884
0.428893
0.756039
0.558591
0.756654
0.97592
0.041874
0.351003
0.476648
0.174935
0.355905
0.888469
0.069153
0.0927474
0.205804
0.615199
0.273432
0.747785
0.305726
0.765444
0.252886
0.671016
0.131914
0.942448
0.444583
0.357995
0.169801
0.499074
0.452166
0.066216
0.887882
0.907784
0.782654
0.471944
0.796142
0.875647
0.672252
0.0703827
0.124472
0.425366
0.782666
0.589147
0.472136
0.0337885
0.180074
0.93182
0.590764
0.506336
0.218439
0.952051
0.36226
0.458547
0.83081
0.790665
0.441023
0.624034
0.955508
0.663479
0.266491
0.723155
0.561078
0.972981
0.300873
0.49702
0.283954
0.074208
0.111397
0.0753069
0.996192
0.599598
0.788968
0.861269
0.827068
0.936924
0.0358535
0.139711
0.725442
0.872094
0.374103
0.216188
0.57601
0.0256468
0.0435049
0.933449
0.401652
0.784921
0.242629
0.608543
0.893184
0.62942
0.924147
0.995805
0.15009
0.0247969
0.911264
0.147997
0.0899431
0.715694
0.175014
0.159722
0.478932
0.948732
0.74107
0.672333
0.0703452
0.306105
0.936833
0.856937
0.890847
0.588587
0.162586
0.176045
0.747564
0.945286
0.65798
0.543832
0.597653
0.234603
0.819768
0.788496
0.58906
0.43626
0.549739
0.352969
0.995791
0.364964
0.966174
0.0247409
0.777839
0.440182
0.6305
0.314025
0.921815
0.223325
0.374486
0.308144
0.0378225
0.60517
0.835864
0.588252
0.363455
0.139885
0.116534
0.981217
0.541692
0.0865099
0.256096
0.209775
0.31461
0.903752
0.520696
0.162236
0.143612
0.0640531
0.854645
0.974457
0.929025
0.40952
0.901611
0.484497
0.469674
0.167828
0.0828585
0.633161
0.310979
0.466354
0.211069
0.00144572
0.797611
0.368047
0.0151376
0.714978
0.218579
0.688717
0.246007
0.266085
0.132071
0.34421
0.75439
0.889239
0.710436
0.246475
0.451389
0.931224
0.615668
0.25829
0.631103
0.695532
0.40366
0.193482
0.307074
0.692955
0.63036
0.249824
0.043422
0.531451
0.176201
0.521902
0.871282
0.613613
0.271432
0.85454
0.15746
0.259419
0.67058
0.225957
0.825967
0.324096
0.488387
0.763724
0.737676
0.636026
0.249141
0.734317
0.339505
0.302768
0.127142
0.0101403
0.924929
0.910006
0.382148
0.701392
0.672342
0.127674
0.200969
0.902827
0.891836
0.377682
0.250193
0.602701
0.625451
0.0196829
0.819733
0.517945
0.909434
0.118625
0.946149
0.927045
0.094805
0.415257
0.322862
0.846254
0.94795
0.729221
0.68385
0.641412
0.315883
0.732147
0.157648
0.760071
0.0919099
0.967654
0.608966
0.894952
0.194147
0.988058
0.241315
0.223421
0.401998
0.780906
0.839212
0.4095
0.402401
0.77175
0.249125
0.865741
0.682186
0.977393
0.185524
0.216183
0.312922
0.752012
0.367737
0.604456
0.383435
0.550488
0.385442
0.665435
0.0147142
0.813124
0.349856
0.715516
0.958894
0.507417
0.666168
0.429465
0.849499
0.654233
0.504258
0.368516
0.685249
0.0992075
0.0476468
0.869336
0.651867
0.610459
0.421946
0.503707
0.164141
0.0931721
0.685325
0.142671
0.528712
0.00357277
0.425058
0.224341
0.659942
0.503102
0.600057
0.200174
0.137401
0.023789
0.939543
0.695501
0.554233
0.295414
0.0426317
0.85376
0.596682
0.0185268
0.933191
0.00978832
0.640956
0.788685
0.526503
0.291248
0.628329
0.425469
0.54637
0.190797
0.744489
0.212856
0.100122
0.896385
0.822337
0.882784
0.0881243
0.700188
0.170224
0.833044
0.728057
0.775893
0.763495
0.0570995
0.609848
0.898472
0.516131
0.506172
0.255617
0.971603
0.581124
0.968386
0.0414384
0.188628
0.51976
0.640854
0.340731
0.64833
0.355438
0.85043
0.542805
0.67308
0.256573
0.121338
0.0406064
0.887943
0.753187
0.802079
0.441406
0.0751726
0.15423
0.247244
0.079226
0.85316
0.157177
0.616663
0.52845
0.19122
0.759751
0.614998
0.152064
0.454637
0.682098
0.281259
0.624863
0.94173
0.566803
0.693116
0.978586
0.899117
0.64848
0.982921
0.163815
0.509787
0.627348
0.800001
0.417769
0.0548344
0.519144
0.134532
0.366974
0.696621
0.129584
0.78585
0.050309
0.815616
0.866939
0.196896
0.607394
0.99668
0.0423743
0.138823
0.222954
0.58301
0.671106
0.723196
0.504439
0.64463
0.0363693
0.193852
0.749546
0.308178
0.749052
0.852037
0.0993555
0.597778
0.720602
0.568714
0.23511
0.910636
0.95062
0.516315
0.707088
0.798795
0.199689
0.106841
0.618575
0.0222239
0.037562
0.115364
0.818697
0.376899
0.229156
0.36814
0.17454
0.77478
0.330031
0.31578
0.724587
0.584955
0.777756
0.359576
0.184733
0.573689
0.483095
0.421627
0.317325
0.972572
0.258223
0.5671
0.352067
0.31203
0.0093976
0.668127
0.885688
0.421318
0.85858
0.947992
0.376107
0.203293
0.179169
0.306294
0.850312
0.525603
0.828442
0.106876
0.617142
0.566827
0.260936
0.00230811
0.287255
0.82127
0.895115
0.995808
0.0084384
0.732843
0.0846173
0.633349
0.805086
0.829965
0.567221
0.260043
0.784532
0.169205
0.274258
0.00490319
0.397561
0.0265516
0.854699
0.204892
0.860351
0.0561247
0.223512
0.0452805
0.750992
0.698056
0.918788
0.908923
0.805524
0.999677
0.800766
0.322915
0.0251446
0.732823
0.472787
0.392588
0.860014
0.0574616
0.384545
0.14184
0.0456814
0.697995
0.913512
0.383546
0.243111
0.907098
0.702018
0.895638
0.947974
0.936692
0.996787
0.396942
0.659936
0.82295
0.622367
0.700506
0.489515
0.508817
0.779713
0.0404858
0.901007
0.732046
0.615783
0.755188
0.284467
0.206249
0.652186
0.92812
0.804574
0.350436
0.270188
0.744618
0.722992
0.85672
0.918819
0.269008
0.688152
0.617997
0.0715535
0.188398
0.335569
0.311046
0.420204
0.0877388
0.559868
0.667625
0.115302
0.31566
0.980796
0.88587
0.0227583
0.863286
0.244994
0.433602
0.135376
0.2156
0.774729
0.0871863
0.400378
0.590111
0.196524
0.696812
0.592969
0.46419
0.241155
0.41277
0.770494
0.0353389
0.60755
0.0794736
0.415376
0.985478
0.842648
0.0524026
0.727518
0.114958
0.485381
0.868594
0.0167039
0.818908
0.783874
0.193708
0.912844
0.68369
0.888394
0.71287
0.484892
0.833218
0.0907464
0.0254918
0.335728
0.486923
0.225363
0.554709
0.681148
0.834943
0.895873
0.437598
0.399655
0.44012
0.309626
0.446953
0.96439
0.462348
0.495992
0.0215399
0.192285
0.898134
0.389292
0.102046
0.349699
0.178546
0.249091
0.640984
0.975754
0.920664
0.0538069
0.903085
0.189999
0.992615
0.3265
0.227543
0.943711
0.810847
0.924444
0.718502
0.879257
0.865062
0.357425
0.136276
0.80578
0.681125
0.431387
0.947115
0.951173
0.0320806
0.276167
0.067753
0.826949
0.396323
0.581177
0.343534
0.97121
0.603406
0.667641
0.863325
0.420087
0.073411
0.871397
0.694654
0.841425
0.676246
0.701402
0.895417
0.587414
0.325195
0.994851
0.207538
0.286253
0.833108
0.770248
0.200579
0.764766
0.615923
0.964267
0.503691
0.478702
0.585697
0.979592
0.349099
0.261003
0.589942
0.745385
0.0819839
0.374956
0.0870084
0.318151
0.45323
0.161081
0.0598681
0.444865
0.285274
0.199178
0.509812
0.0194784
0.830103
0.200386
0.426563
0.733088
0.526797
0.269299
0.767835
0.954412
0.117687
0.0248882
0.42204
0.064384
0.125603
0.0924178
0.232689
0.211193
0.609811
0.394527
0.726698
0.961298
0.750217
0.0787398
0.867953
0.362771
0.797007
0.786387
0.331355
0.949991
0.82849
0.62913
0.295624
0.617005
0.988503
0.344009
0.239645
0.000397106
0.90929
0.62754
0.786229
0.748716
0.616898
0.183402
0.843593
0.715993
0.651801
0.612807
0.873786
0.792677
0.724425
0.409154
0.997653
0.623809
0.353165
0.182723
0.320904
0.255607
0.941085
0.892907
0.988052
0.952472
0.874207
0.162244
0.146688
0.649803
0.790086
0.0723016
0.244519
0.0107072
0.232541
0.254855
0.912188
0.367547
0.038034
0.650832
0.816367
0.0837504
0.011481
0.365615
0.412765
0.416021
0.463376
0.466007
0.548159
0.532691
0.507693
0.781091
0.289965
0.550502
0.574665
0.203892
0.555237
0.214116
0.549157
0.0697698
0.860448
0.208383
0.238632
0.380585
0.287366
0.750523
0.318939
0.10737
0.806136
0.252058
0.503905
0.0398508
0.624194
0.387442
0.308274
0.33205
0.931593
0.46799
7.09932e-05
0.725781
0.399483
0.0229236
0.637742
0.439352
0.591769
0.617985
0.454097
0.0490853
0.719694
0.740093
0.404799
0.0514125
0.948005
0.877387
0.82765
0.448637
0.884475
0.853718
0.647737
0.506783
0.0760229
0.362407
0.231091
0.860181
0.63439
0.731457
0.156355
0.949647
0.400423
0.611387
0.798489
0.68637
4.83446e-05
0.502658
0.98562
0.00700372
0.0409293
0.103423
0.603407
0.0461903
0.421872
0.355863
0.69767
0.362978
0.324555
0.677476
0.583252
0.240455
0.374867
0.204735
0.258642
0.847314
0.427041
0.656983
0.531272
0.937019
0.333422
0.360912
0.746494
0.863929
0.0220538
0.849524
0.807625
0.542783
0.433783
0.602437
0.335105
0.778107
0.0967198
0.451955
0.761949
0.625833
0.00149152
0.0171724
0.456854
0.221564
0.371421
0.441232
0.0606895
0.364042
0.376869
0.30124
0.918389
0.477351
0.180392
0.297038
0.829299
0.618124
0.6636
0.616203
0.261267
0.872499
0.00536813
0.365255
0.591972
0.924839
0.458005
0.424208
0.654962
0.764236
0.379644
0.454069
0.643802
0.735155
0.633822
0.782944
0.034487
0.100862
0.0417408
0.160518
0.835003
0.559434
0.172022
0.938799
0.542159
0.830258
0.317444
0.232739
0.701994
0.519784
0.286146
0.0276729
0.152803
0.783923
0.518752
0.416823
0.108548
0.631428
0.126734
0.580644
0.1845
0.494911
0.335441
0.206849
0.105166
0.153633
0.87333
0.724371
0.00358418
0.810415
0.245622
0.885937
0.839281
0.355567
0.315247
0.154186
0.388423
0.30544
0.821176
0.279882
0.851454
0.195285
0.355002
0.345976
0.585631
0.456251
0.0384487
0.380016
0.546487
0.0682581
0.213226
0.771898
0.630379
0.808721
0.02149
0.0117569
0.398797
0.209696
0.587915
0.822722
0.749076
0.929145
0.524546
0.538645
0.667294
0.871261
0.181325
0.699107
0.18891
0.199816
0.770966
0.529896
0.00471464
0.955361
0.877279
0.872309
0.494025
0.531102
0.0322607
0.750157
0.758352
0.583563
0.370117
0.492
0.527182
0.448724
0.142401
0.652744
0.67467
0.749763
0.305926
0.804348
0.299967
0.274087
0.270485
0.763491
0.318575
0.357004
0.675482
0.0335382
0.150023
0.42155
0.212894
0.760072
0.643306
0.839647
0.207796
0.438348
0.73212
0.104752
0.444565
0.490553
0.694426
0.930808
0.155151
0.0526812
0.608676
0.242941
0.558302
0.678501
0.466505
0.658405
0.808349
0.856439
0.710878
0.263334
0.296107
0.185845
0.599377
0.778297
0.0957662
0.409976
0.631246
0.765313
0.515607
0.0467894
0.44064
0.781269
0.991146
0.849279
0.0599863
0.766725
0.724907
0.754683
0.201431
0.323839
0.597079
0.977114
0.451428
0.496305
0.971656
0.763005
0.979765
0.202831
0.0316686
0.158148
0.719703
0.777282
0.644958
0.338065
0.654652
0.0456563
0.867485
0.102962
0.946969
0.379498
0.134521
0.31288
0.898684
0.78079
0.193041
0.173941
0.893316
0.770765
0.792117
0.213558
0.193373
0.646739
0.111287
0.505913
0.684922
0.157028
0.373375
0.808372
0.909322
0.16069
0.737948
0.555696
0.187857
0.690014
0.299816
0.632268
0.235784
0.489343
0.758264
0.620207
0.247775
0.653208
0.330786
0.119203
0.656856
0.94732
0.841154
0.146388
0.687493
0.664213
0.510489
0.434722
0.383588
0.842294
0.250835
0.29148
0.560969
0.626664
0.449719
0.864425
0.953957
0.816527
0.720063
0.122042
0.0829542
0.839123
0.350551
0.905637
0.577891
0.0510865
0.215654
0.146685
0.416301
0.877558
0.0929587
0.929845
0.935838
0.265358
0.0356789
0.466467
0.58438
0.726743
0.333494
0.0636823
0.891637
0.828963
0.37295
0.765463
0.437401
0.518272
0.560189
0.245506
0.128305
0.610483
0.613568
0.234931
0.85761
0.115305
0.882515
0.388909
0.299822
0.752914
0.26517
0.525548
0.229235
0.0563856
0.827781
0.115814
0.541923
0.624684
0.000375822
0.163615
0.00951656
0.753001
0.70371
0.356341
0.670412
0.0909951
0.822655
0.42322
0.101588
0.0975894
0.106357
0.618699
0.200987
0.423198
0.809022
0.328916
0.27335
0.818829
0.206466
0.654567
0.576013
0.563713
0.314677
0.145664
0.130217
0.842667
0.474612
0.231697
0.781042
0.682424
0.161219
0.141194
0.668743
0.658733
0.643806
0.186788
0.822098
0.613746
0.932222
0.661416
0.249203
0.0466922
0.0371405
0.718269
0.243418
0.145676
0.0439552
0.80883
0.840724
0.229517
0.747839
0.281947
0.338252
0.329206
0.0666344
0.0771535
0.494832
0.376097
0.416587
0.619685
0.66353
0.635509
0.340202
0.744755
0.695506
0.586577
0.882742
0.957209
0.860079
0.320362
0.663588
0.905633
0.685411
0.999125
0.499394
0.2729
0.69341
0.995013
0.210378
0.415731
0.162008
0.249722
0.393708
0.340167
0.928525
0.452724
0.526567
0.501154
0.810326
0.804838
0.117821
0.61835
0.772728
0.284838
0.26912
0.466116
0.37125
0.479241
0.438208
0.255226
0.141138
0.266172
0.348484
0.252522
0.017718
0.450747
0.904582
0.657065
0.143432
0.258497
0.791265
0.72738
0.823119
0.936303
0.191172
0.526944
0.28061
0.408387
0.239853
0.357556
0.164321
0.00252969
0.406658
0.279618
0.177276
0.585658
0.721518
0.721261
0.508586
0.325926
0.454838
0.296881
0.683027
0.924728
0.291746
0.475994
0.391544
0.318896
0.400186
0.877593
0.95316
0.00438344
0.601428
0.785578
0.638507
0.117015
0.710513
0.0977497
0.584766
0.847565
0.230725
0.195988
0.0378282
0.827547
0.0282617
0.367239
0.174811
0.504073
0.495986
0.864881
0.57114
0.171016
0.908353
0.663638
0.502689
0.822085
0.287697
0.880965
0.531438
0.0925936
0.483544
0.321797
0.543081
0.956704
0.367524
0.0264607
0.739511
0.324885
0.665287
0.497846
0.857685
0.748632
0.397916
0.514114
0.583756
0.508244
0.733871
0.72859
0.19413
0.454893
0.518616
0.149086
0.78194
0.165433
0.495224
0.259175
0.621759
0.457112
0.255456
0.534401
0.0916215
0.561533
0.8522
0.727491
0.538698
0.671617
0.860683
0.551928
0.910683
0.55675
0.858338
0.452763
0.160616
0.237215
0.611743
0.433722
0.607155
0.236656
0.933525
0.703409
0.675635
0.393636
0.647504
0.449255
0.989972
0.0936148
0.468374
0.693682
0.941818
0.631512
0.617116
0.643529
0.151533
0.244668
0.550142
0.241308
0.504064
0.801252
0.663515
0.0367734
0.20803
0.403123
0.918238
0.607991
0.2183
0.348916
0.267919
0.385386
0.878275
0.555025
0.324908
0.648536
0.610404
0.0889626
0.366805
0.939952
0.922814
0.260857
0.264573
0.780331
0.401908
0.886456
0.452187
0.496989
0.372962
0.38171
0.458086
0.717785
0.729951
0.336132
0.464298
0.377706
0.0639498
0.982702
0.596293
0.450137
0.972011
0.688654
0.487983
0.357346
0.431488
0.206195
0.54485
0.957502
0.187005
0.770205
0.837381
0.908314
0.630663
0.593594
0.772603
0.273069
0.00823762
0.268419
0.533855
0.225141
0.912491
0.112739
0.266342
0.479796
0.660934
0.835947
0.634713
0.806841
0.57242
0.491711
0.801514
0.441051
0.0488697
0.98746
0.749249
0.578645
0.334167
0.593352
0.901644
0.842945
0.868416
0.103637
0.787311
0.405961
0.306967
0.0265203
0.710456
0.843628
0.0498878
0.245631
0.950157
0.11008
0.957975
0.345386
0.880448
0.27603
0.714449
0.0497157
0.107254
0.858991
0.424279
0.562526
0.732725
0.960883
0.059135
0.119566
0.1308
0.802721
0.160171
0.52553
0.708592
0.990396
0.610435
0.291582
0.55088
0.540711
0.900516
0.0709286
0.983752
0.905694
0.938993
0.67186
0.726554
0.0933698
0.135473
0.810643
0.845293
0.102972
0.755897
0.321174
0.238238
0.8396
0.421444
0.659959
0.0357787
0.740803
0.997567
0.384147
0.529257
0.784164
0.162201
0.90142
0.310288
0.679309
0.459185
0.664184
0.682898
0.242329
0.54373
0.16423
0.906589
0.572722
0.845281
0.975702
0.796368
0.554124
0.873106
0.267553
0.941065
0.990263
0.91737
0.0372021
0.58598
0.421007
0.0455295
0.925214
0.751346
0.0603986
0.722134
0.286332
0.964474
0.149331
0.597203
0.465169
0.411336
0.880489
0.224888
0.542962
0.947602
0.653341
0.0340971
0.388856
0.873919
0.388312
0.746907
0.741106
0.229778
0.923802
0.172041
0.830253
0.410845
0.770337
0.340022
0.891335
0.855426
0.131903
0.682366
0.14958
0.410368
0.549948
0.551803
0.772998
0.74075
0.907675
0.463715
0.400803
0.943901
0.0956148
0.558748
0.317395
0.944771
0.618902
0.464386
0.879032
0.732685
0.589215
0.100644
0.0218783
0.084297
0.455153
0.188319
0.0751258
0.329067
0.227287
0.337171
0.552447
0.968311
0.22723
0.400146
0.990771
0.462019
0.98453
0.49844
0.988004
0.538099
0.132896
0.339203
0.729008
0.415644
0.924721
0.0702916
0.379396
0.565159
0.756592
0.733666
0.381245
0.904656
0.193021
0.890348
0.258176
0.413657
0.00327934
0.545836
0.345007
0.645588
0.932185
0.587708
0.260603
0.899946
0.0172462
0.227921
0.716858
0.0996279
0.717018
0.239581
0.412839
0.28944
0.151618
0.309802
0.633439
0.0225924
0.62416
0.200189
0.397056
0.465831
0.798358
0.221004
0.382386
0.906787
0.123876
0.0450573
0.689604
0.298121
0.99656
0.183932
0.555147
0.591298
0.499037
0.46256
0.152769
0.258559
0.72238
0.996347
0.55531
0.643679
0.680807
0.95281
0.366399
0.469222
0.12854
0.0798067
0.544008
0.672307
0.843507
0.598325
0.0624011
0.737646
0.153585
0.0851074
0.049007
0.0804032
0.21329
0.388538
0.287982
0.149711
0.633817
0.113691
0.734481
0.890022
0.44291
0.408086
0.413853
0.878702
0.527216
0.127744
0.211536
0.168248
0.354724
0.364559
0.551677
0.131342
0.710388
0.354988
0.64708
0.425283
0.757335
0.242964
0.188444
0.152736
0.991214
0.974719
0.922101
0.451303
0.201801
0.375567
0.743166
0.901101
0.860453
0.973289
0.151505
0.123158
0.193804
0.257629
0.728177
0.223366
0.597042
0.174089
0.575221
0.458983
0.882938
0.00650199
0.367411
0.162737
0.0762916
0.901151
0.427892
0.546477
0.0870373
0.588896
0.407885
0.612578
0.0403467
0.0479681
0.457422
0.819527
0.698852
0.549945
0.200926
0.637987
0.0453295
0.720746
0.424304
0.515791
0.911281
0.749634
0.962075
0.757375
0.438088
0.455497
0.511583
0.23361
0.439687
0.144218
0.523388
0.403795
0.0549636
0.364322
0.098576
0.609969
0.223401
0.580666
0.33051
0.746495
0.781607
0.119135
0.430989
0.145344
0.0995088
0.513675
0.185055
0.725277
0.0386088
0.175247
0.848634
0.829909
0.203962
0.487528
0.535436
0.195502
0.914187
0.282773
0.951048
0.683168
0.61791
0.548732
0.777954
0.233193
0.116576
0.353428
0.0996201
0.380837
0.977993
0.614111
0.575922
0.449713
0.445774
0.407442
0.898586
0.416342
0.680156
0.0359559
0.178071
0.0939088
0.125196
0.188529
0.465441
0.171773
0.521054
0.675291
0.86889
0.756937
0.984232
0.21984
0.172999
0.922728
0.898937
0.377197
0.137199
0.142254
0.00677181
0.80793
0.824806
0.914956
0.348943
0.456638
0.645615
0.673504
0.975907
0.613359
0.92775
0.928172
0.997718
0.268294
0.946144
0.112128
0.869964
0.109511
0.898298
0.635193
0.600994
0.468422
0.513905
0.544773
0.690247
0.563029
0.203873
0.375177
0.630856
0.515162
0.128802
0.82981
0.839441
0.323476
0.15839
0.857178
0.317448
0.269635
0.860606
0.80122
0.26247
0.898853
0.125889
0.856531
0.824722
0.453873
0.128094
0.0821987
0.174168
0.727455
0.486973
0.506925
0.919943
0.215467
0.135851
0.441895
0.222084
0.236069
0.275397
0.138119
0.17638
0.37232
0.986729
0.858851
0.733991
0.589775
0.238835
0.24243
0.018924
0.816261
0.712925
0.774855
0.295749
0.798322
0.508615
0.117903
0.87617
0.20544
0.29195
0.290844
0.875444
0.160987
0.72281
0.805566
0.741832
0.792085
0.697821
0.778401
0.365185
0.909672
0.553157
0.856432
0.957511
0.805097
0.417961
0.602931
0.523061
0.608298
0.175605
0.518055
0.496826
0.846213
0.572806
0.176046
0.129696
0.657252
0.213118
0.445418
0.745189
0.66551
0.299396
0.772555
0.355395
0.0901199
0.727179
0.716518
0.0810666
0.736509
0.0837457
0.891691
0.888089
0.569339
0.847043
0.126624
0.204711
0.0494696
0.692382
0.293286
0.74785
0.534739
0.327923
0.921022
0.828465
0.52299
0.122679
0.09234
0.672961
0.710431
0.980868
0.962349
0.402068
0.186915
0.389354
0.885119
0.59522
0.628196
0.960662
0.239762
0.318027
0.286204
0.918012
0.808547
0.977465
0.173099
0.805188
0.3644
0.561876
0.288411
0.71868
0.328519
0.676989
0.833545
0.0425013
0.964167
0.132197
0.136864
0.65243
0.33012
0.977635
0.663341
0.915637
0.144173
0.104044
0.939679
0.734526
0.0232597
0.108073
0.107345
0.281817
0.86278
0.109755
0.574089
0.921953
0.978371
0.904401
0.050672
0.412456
0.311648
0.423227
0.914799
0.284658
0.574951
0.806544
0.718628
0.901144
0.0553911
0.860098
0.00775546
0.71789
0.710901
0.175537
0.869655
0.156562
0.911964
0.233808
0.686059
0.639899
0.157594
0.289686
0.198522
0.931812
0.540734
0.952564
0.217463
0.645033
0.786224
0.400258
0.836795
0.16305
0.203313
0.34398
0.24913
0.345701
0.98638
0.623951
0.596264
0.577292
0.403034
0.545446
0.777425
0.470403
0.0883874
0.933904
0.0435985
0.648696
0.733023
0.0932238
0.785547
0.924824
0.56425
0.454247
0.793536
0.283779
0.992102
0.985979
0.53618
0.894398
0.235551
0.478506
0.907567
0.663745
0.435754
0.853989
0.396035
0.468605
0.449999
0.323984
0.870819
0.883295
0.34301
0.953921
0.309728
0.931514
0.161898
0.952939
0.878519
0.507171
0.0182444
0.778155
0.359457
0.848549
0.433062
0.605782
0.37758
0.72141
0.316173
0.949351
0.849746
0.775598
0.299517
0.872699
0.375083
0.79842
0.816787
0.999013
0.0450888
0.236803
0.430906
0.84724
0.386435
0.122807
0.915262
0.182328
0.590777
0.81235
0.261161
0.985808
0.441257
0.225261
0.184719
0.69824
0.875195
0.768964
0.261435
0.985706
0.044184
0.344146
0.673185
0.0567342
0.0545707
0.564865
0.650946
0.237028
0.626916
0.530038
0.514284
0.701628
0.373691
0.614033
0.307287
0.092897
0.662921
0.0285752
0.384545
0.0720519
0.291918
0.21316
0.721997
0.705025
0.71512
0.361223
0.54647
0.357832
0.940956
0.444792
0.110819
0.865122
0.035555
0.223264
0.137963
0.302575
0.254192
0.731184
0.637686
0.975245
0.331082
0.420691
0.480426
0.909834
0.572125
0.424836
0.454418
0.951208
0.582946
0.391435
0.558078
0.986554
0.783623
0.0882224
0.378498
0.769505
0.199408
0.353076
0.217679
0.00330515
0.191625
0.450239
0.681829
0.468066
0.128376
0.803684
0.075973
0.123078
0.871057
0.68544
0.511908
0.616499
0.832547
0.0105682
0.522007
0.383859
0.0587556
0.714305
0.778116
0.71665
0.11985
0.32363
0.866184
0.675169
0.239316
0.0284746
0.263856
0.748558
0.430818
0.950183
0.084484
0.0164285
0.61461
0.213516
0.75366
0.712053
0.40653
0.242931
0.529312
0.792373
0.771542
0.372952
0.436001
0.986685
0.896192
0.735465
0.220711
0.0691363
0.0885896
0.26243
0.151458
0.36414
0.681044
0.102128
0.887078
0.467242
0.534878
0.0811183
0.138554
0.0320833
0.27342
0.760617
0.93873
0.0153163
0.0642945
0.667291
0.562792
0.236515
0.892676
0.461609
0.605184
0.314501
0.134871
0.928123
0.957911
0.989271
0.222674
0.36796
0.713168
0.029266
0.596404
0.347655
0.444995
0.146103
0.176703
0.582891
0.419112
0.302615
0.454971
0.40389
0.892284
0.42059
0.740937
0.267468
0.244247
0.16536
0.607166
0.615072
0.92751
0.958222
0.801808
0.612655
0.888404
0.51888
0.463331
0.246202
0.757983
0.594863
0.00487276
0.653198
0.955331
0.498737
0.604601
0.713503
0.0629768
0.18244
0.878018
0.785639
0.938705
0.300211
0.857207
0.817726
0.830411
0.435451
0.540584
0.913597
0.597723
0.00687106
0.272339
0.137467
0.7087
0.041507
0.436744
0.680357
0.551741
0.17794
0.0855453
0.186772
0.368764
0.93109
0.696638
0.166343
0.773501
0.413202
0.708613
0.332137
0.551058
0.996468
0.667182
0.88895
0.358258
0.434015
0.733049
0.994529
0.476645
0.331558
0.605345
0.773158
0.385647
0.203863
0.386674
0.0650316
0.432319
0.689734
0.506562
0.716917
0.301217
0.706008
0.915207
0.705798
0.133123
0.665466
0.375565
0.502442
0.399009
0.960435
0.115674
0.561219
0.467226
0.158937
0.525198
0.31974
0.781342
0.0629339
0.622343
0.637054
0.0811052
0.846314
0.861936
0.758724
0.937734
0.647618
0.996027
0.736216
0.057479
0.00934526
0.830913
0.335008
0.268972
0.108301
0.181664
0.383805
0.837104
0.761702
0.987245
0.711001
0.344843
0.537592
0.744183
0.929393
0.1284
0.220987
0.328012
0.338135
0.867305
0.675717
0.0169835
0.517439
0.512296
0.396039
0.92071
0.991757
0.554696
0.570801
0.23213
0.798207
0.237841
0.573311
0.619432
0.453728
0.754413
0.56587
0.777865
0.734193
0.965407
0.763001
0.56686
0.599695
0.591279
0.961648
0.441617
0.692481
0.235857
0.770613
0.160001
0.0786548
0.310656
0.324245
0.1769
0.246012
0.991839
0.611304
0.483004
0.244266
0.973911
0.715416
0.69839
0.174839
0.470388
0.80509
0.109709
0.795011
0.868028
0.097349
0.0658448
0.0602827
0.45503
0.879422
0.347853
0.436686
0.1312
0.653399
0.537491
0.729113
0.132127
0.8942
0.457947
0.100627
0.401038
0.868277
0.957447
0.0213951
0.944959
0.921909
0.610962
0.490169
0.444751
0.396819
0.151912
0.870169
0.485674
0.859897
0.728215
0.542568
0.630758
0.269076
0.591812
0.866305
0.925545
0.95112
0.0667045
0.946138
0.496633
0.0680274
0.153642
0.296073
0.168749
0.735195
0.879697
0.851423
0.672029
0.798496
0.10048
0.522669
0.0586883
0.813646
0.345685
0.828924
0.724963
0.337294
0.211464
0.33984
0.459292
0.528747
0.401206
0.751922
0.0269389
0.374649
0.186681
0.371982
0.330848
0.0185119
0.685231
0.672338
0.833036
0.436388
0.635741
0.665115
0.355773
0.318535
0.689773
0.026314
0.939921
0.626543
0.135101
0.938513
0.467858
0.933204
0.973247
0.284362
0.538809
0.0125754
0.157151
0.351647
0.773127
0.320201
0.553478
0.380122
0.75021
0.985073
0.447117
0.0746274
0.100438
0.336226
0.292209
0.916975
0.504762
0.579224
0.051684
0.266767
0.782877
0.538028
0.939762
0.53761
0.412949
0.964089
0.599124
0.941266
0.761007
0.11087
0.285133
0.212597
0.414766
0.501671
0.841204
0.779606
0.583654
0.518982
0.29908
0.690152
0.627909
0.776412
0.867994
0.0264464
0.615516
0.198292
0.864764
0.9282
0.847255
0.0388063
0.52722
0.363823
0.0701278
0.248258
0.0590644
0.231343
0.93544
0.806716
0.0380684
0.968146
0.930047
0.0459226
0.32952
0.716521
0.0314579
0.242843
0.306536
0.833999
0.521829
0.115485
0.139302
0.404541
0.159314
0.944453
0.12984
0.227778
0.0267462
0.890789
0.7209
0.204048
0.340586
0.59629
0.612485
0.0657475
0.176573
0.17345
0.856475
0.579538
0.201831
0.675428
0.0994686
0.00411218
0.561702
0.356471
0.431978
0.274073
0.505807
0.26296
0.00582414
0.92501
0.494493
0.221063
0.885053
0.120335
0.531993
0.170326
0.965588
0.945126
0.491663
0.167259
0.710888
0.756771
0.479871
0.836508
0.83708
0.570325
0.783084
0.475748
0.777664
0.895995
0.956421
0.131302
0.626415
0.749588
0.190879
0.443757
0.291998
0.436021
0.679946
0.252995
0.872142
0.536203
0.912387
0.465915
0.373135
0.693489
0.756916
0.908452
0.0623008
0.783457
0.16787
0.832849
0.12946
0.492048
0.83937
0.578569
0.27563
0.362343
0.534342
0.938207
0.283312
0.639808
0.0377423
0.757198
0.187403
0.509629
0.592036
0.239064
0.485816
0.92062
0.362533
0.0635395
0.606514
0.174103
0.631263
0.356818
0.691072
0.0550319
0.326878
0.612816
0.982823
0.454661
0.253328
0.0372224
0.56477
0.0457094
0.937787
0.45392
0.869659
0.92704
0.681522
0.357243
0.801645
0.576258
0.680264
0.582427
0.909062
0.898367
0.456335
0.182168
0.327846
0.0237894
0.00717053
0.803532
0.242549
0.792569
0.799
0.205029
0.491708
0.850047
0.625678
0.214782
0.972774
0.536885
0.834641
0.815554
0.554828
0.428528
0.292306
0.802653
0.988765
0.508386
0.190799
0.541161
0.248695
0.391546
0.206597
0.785773
0.473173
0.472986
0.718192
0.128005
0.950803
0.73484
0.618638
0.56163
0.227763
0.885068
0.514032
0.418641
0.775304
0.697214
0.990275
0.592911
0.156334
0.13079
0.170357
0.0660196
0.375279
0.726359
0.389104
0.036016
0.00565423
0.656161
0.752658
0.067614
0.339271
0.497392
0.311824
0.672019
0.808391
0.676905
0.930723
0.638918
0.572912
0.990677
0.0545517
0.0850608
0.961251
0.405432
0.68528
0.406041
0.994992
0.837892
0.245992
0.416477
0.369977
0.791801
0.0321087
0.796476
0.034056
0.0184653
0.447451
0.837516
0.795998
0.936869
0.201312
0.862681
0.255805
0.0596814
0.96868
0.0655055
0.229541
0.0330784
0.127822
0.680035
0.0282963
0.851904
0.282222
0.42199
0.653313
0.921595
0.29235
0.966801
0.779415
0.0863147
0.178892
0.190304
0.0991796
0.9099
0.0484247
0.910024
0.122042
0.353663
0.231771
0.560725
0.573309
0.302769
0.773449
0.0138646
0.267161
0.932078
0.838306
0.0228831
0.965607
0.397913
0.515229
0.731655
0.553231
0.983242
0.534354
0.641311
0.336625
0.982334
0.886031
0.10671
0.620319
0.871125
0.588828
0.76559
0.747788
0.126251
0.63674
0.903567
0.333756
0.490888
0.225384
0.764011
0.404792
0.960108
0.612395
0.353583
0.208463
0.0767154
0.585291
0.26376
0.583717
0.0369065
0.896514
0.175271
0.72094
0.118599
0.476791
0.742697
0.533551
0.635104
0.957403
0.243036
0.628839
0.746148
0.852528
0.670857
0.968776
0.00286565
0.0799642
0.567705
0.337405
0.607
0.124434
0.581614
0.868004
0.1307
0.363704
0.0890565
0.182737
0.612702
0.926602
0.738208
0.00524671
0.453466
0.552925
0.360648
0.0250715
0.672116
0.677363
0.378475
0.434442
0.532949
0.0519279
0.231414
0.426072
0.142783
0.988125
0.848091
0.928071
0.872468
0.394604
0.377015
0.0257394
0.774744
0.352195
0.198064
0.689376
0.212043
0.11149
0.94247
0.855164
0.862779
0.125874
0.229491
0.844391
0.806825
0.276474
0.311238
0.380604
0.418477
0.0659326
0.947149
0.790257
0.652143
0.97528
0.130745
0.515836
0.531822
0.131869
0.644133
0.407307
0.691721
0.695269
0.30176
0.832079
0.770458
0.986868
0.612175
0.365638
0.150739
0.9757
0.706264
0.766586
0.177362
0.240518
0.904488
0.733798
0.874674
0.267735
0.851825
0.828338
0.87955
0.0537512
0.25103
0.85377
0.952942
0.131588
0.300879
0.0519093
0.546442
0.436695
0.196771
0.204636
0.0901499
0.00452094
0.187126
0.65135
0.595724
0.942288
0.640203
0.449175
0.376823
0.00879008
0.216686
0.443192
0.339368
0.140141
0.0884111
0.00373112
0.797665
0.293663
0.711352
0.443497
0.296089
0.262062
0.275242
0.0737013
0.792192
0.300425
0.0503366
0.336092
0.862364
0.151861
0.309546
0.530871
0.539323
0.794498
0.0607677
0.842683
0.931039
0.759259
0.118356
0.125964
0.300002
0.376688
0.656218
0.846684
0.778509
0.69883
0.478729
0.392182
0.549188
0.595028
0.0596209
0.91921
0.482581
0.0735835
0.342805
0.540716
0.605088
0.776785
0.661482
0.655713
0.57782
0.287446
0.77732
0.521644
0.470604
0.123603
0.841853
0.155352
0.76664
0.0480176
0.76359
0.350508
0.459881
0.0485356
0.293304
0.745346
0.926029
0.752651
0.145213
0.346983
0.89375
0.14177
0.851188
0.477535
0.926
0.541409
0.528101
0.842076
0.179646
0.276169
0.156309
0.784109
0.613586
0.631053
0.731303
0.118358
0.973976
0.124467
0.901713
0.0792069
0.874109
0.60486
0.84755
0.715178
0.959884
0.193623
0.075144
0.0841323
0.961059
0.965241
0.932282
0.686907
0.138293
0.64775
0.407493
0.703503
0.224709
0.9956
0.101385
0.818112
0.685841
0.39517
0.891402
0.382263
0.445986
0.872385
0.885029
0.207788
0.795843
0.69143
0.620176
0.404717
0.146061
0.0464977
0.245683
0.172979
0.260139
0.956673
0.608925
0.608559
0.250579
0.785001
0.011285
0.123473
0.643597
0.901492
0.385267
0.767316
0.88813
0.0759655
0.352615
0.963996
0.560735
0.849555
0.851781
0.723876
0.945934
0.696686
0.0672112
0.290057
0.197185
0.157381
0.296113
0.257478
0.216348
0.526026
0.32089
0.284681
0.07649
0.88509
0.137596
0.666252
0.00127016
0.890024
0.498328
0.937377
0.0169571
0.697272
0.77832
0.652488
0.551584
0.517398
0.404963
0.540615
0.273652
0.155228
0.882463
0.18797
0.435804
0.363054
0.881024
0.801243
0.00595395
0.589547
0.406781
0.0309439
0.432383
0.413212
0.88545
0.22675
0.97468
0.509849
0.821521
0.203635
0.191931
0.889821
0.732504
0.752261
0.403901
0.721783
0.416836
0.986591
0.539053
0.423707
0.0709782
0.845702
0.657471
0.367304
0.699711
0.273577
0.14495
0.30475
0.111916
0.983206
0.810816
0.467765
0.38041
0.692456
0.104777
0.0283933
0.199129
0.263503
0.987383
0.206642
0.0535224
0.0861432
0.358084
0.834598
0.0290313
0.132812
0.186358
0.950512
0.996888
0.950536
0.959412
0.226754
0.260475
0.383672
0.875622
0.959102
0.63067
0.278622
0.0930163
0.202281
0.743577
0.681693
0.52943
0.837446
0.466297
0.322374
0.587255
0.639543
0.0174873
0.0367376
0.0551375
0.0639836
0.0713734
0.964775
0.0831563
0.455265
0.956196
0.508636
0.210308
0.998453
0.969911
0.673148
0.0765056
0.211693
0.0457577
0.50571
0.95016
0.577561
0.439446
0.602004
0.214546
0.672567
0.323858
0.634143
0.355581
0.152582
0.0844857
0.738799
0.837413
0.367474
0.127048
0.0733284
0.892217
0.234806
0.7672
0.487062
0.796428
0.308605
0.508593
0.807122
0.750313
0.861751
0.553295
0.795643
0.949861
0.745838
0.061983
0.190352
0.746451
0.109225
0.976739
0.773326
0.994299
0.317272
0.733974
0.81552
0.415412
0.446648
0.576177
0.762675
0.61894
0.314783
0.801594
0.763227
0.245735
0.507473
0.147019
0.129699
0.660655
0.0732312
0.201564
0.850747
0.595795
0.677312
0.964955
0.805442
0.751057
0.79844
0.273873
0.412874
0.273422
0.214854
0.284611
0.684535
0.434761
0.559762
0.200732
0.609906
0.788695
0.0614296
0.988984
0.621534
0.974383
0.85468
0.0393485
0.445476
0.323216
0.15496
0.873993
0.352136
0.399799
0.911125
0.398178
0.474933
0.894121
0.68751
0.659993
0.774743
0.80855
0.317969
0.00954553
0.914243
0.097526
0.864318
0.957797
0.865014
0.673897
0.556164
0.451354
0.329943
0.0879312
0.331577
0.847956
0.0816065
0.139916
0.287279
0.828024
0.554792
0.320373
0.779676
0.87742
0.570818
0.559481
0.710703
0.332126
0.937676
0.11747
0.794218
0.329919
0.114577
0.549509
0.650744
0.613114
0.751877
0.162625
0.773012
0.771451
0.854648
0.542695
0.594335
0.263134
0.495747
0.991421
0.134565
0.330673
0.015132
0.81035
0.727601
0.801017
0.400157
0.819352
0.692175
0.915341
0.641535
0.661277
0.01346
0.863605
0.188148
0.264671
0.181177
0.539712
0.518635
0.700867
0.784575
0.255524
0.915122
0.327591
0.176565
0.228905
0.139539
0.574747
0.642184
0.249031
0.59022
0.360686
0.719582
0.335574
0.478018
0.223835
0.424421
0.621795
0.0912717
0.149159
0.14953
0.0887736
0.677969
0.552867
0.805899
0.400019
0.573946
0.271664
0.606501
0.913091
0.571814
0.985231
0.0180787
0.460842
0.503893
0.714161
0.690597
0.992692
0.268804
0.551105
0.0590947
0.251511
0.538184
0.4877
0.30441
0.140911
0.34209
0.839039
0.629968
0.246026
0.478514
0.993113
0.726588
0.029171
0.552705
0.638715
0.378151
0.255088
0.558287
0.754724
0.0964287
0.417147
0.496841
0.858456
0.595266
0.639509
0.0583901
0.485091
0.128934
0.672738
0.767018
0.123055
0.718137
0.683379
0.033664
0.92997
0.531313
0.203365
0.570212
0.689304
0.26452
0.434131
0.78139
0.92335
0.39404
0.390019
0.666084
0.95465
0.918579
0.368404
0.562902
0.800391
0.898317
0.92429
0.41309
0.203265
0.200032
0.0027594
0.983551
0.920472
0.776118
0.794333
0.55165
0.711417
0.0626128
0.0616486
0.606379
0.246812
0.00183633
0.766192
0.425431
0.989564
0.0702525
0.124508
0.968415
0.877223
0.240369
0.51592
0.0787727
0.635601
0.616206
0.679456
0.839603
0.768685
0.0546404
0.0819871
0.543017
0.32212
0.244383
0.0223265
0.170627
0.950953
0.338382
0.497872
0.370201
0.661229
0.465686
0.892728
0.259551
0.68029
0.530949
0.0462062
0.678195
0.29832
0.105341
0.467518
0.682295
0.779982
0.827625
0.428072
0.504308
0.634222
0.726703
0.412961
0.356316
0.321548
0.462441
0.664048
0.645998
0.343888
0.589383
0.846689
0.177941
0.296553
0.0458102
0.799978
0.796095
0.39571
0.319934
0.991886
0.550914
0.0145786
0.859177
0.593809
0.861371
0.77705
0.104903
0.394196
0.975986
0.51049
0.39347
0.555267
0.975436
0.447889
0.864078
0.142927
0.0956775
0.34773
0.0727526
0.54444
0.965396
0.281173
0.0801358
0.145802
0.163046
0.538578
0.468961
0.265314
0.674539
0.124545
0.251766
0.58917
0.351098
0.522774
0.335171
0.0235351
0.40168
0.504683
0.129589
0.612969
0.963456
0.0896571
0.308662
0.529214
0.447415
0.939963
0.721104
0.737883
0.639132
0.0353145
0.641615
0.318591
0.101102
0.0809822
0.902145
0.252736
0.494908
0.388113
0.263626
0.263116
0.699527
0.0567314
0.788717
0.292302
0.839438
0.484634
0.233479
0.220535
0.314285
0.995427
0.189132
0.850491
0.843905
0.528317
0.664871
0.369616
0.317438
0.810324
0.102623
0.212763
0.446422
0.386551
0.774648
0.474231
0.796791
0.0248595
0.99914
0.283053
0.767825
0.0350637
0.870359
0.742945
0.109293
0.866617
0.821526
0.00379177
0.660263
0.632365
0.210481
0.434947
0.933109
0.457283
0.110029
0.679891
0.971732
0.435377
0.237959
0.887421
0.952771
0.391655
0.763328
0.100053
0.223862
0.102477
0.021421
0.516928
0.258686
0.033903
0.749682
0.541712
0.881948
0.561391
0.96869
0.752475
0.949283
0.738814
0.263525
0.0874846
0.685885
0.810465
0.150807
0.313814
0.487028
0.703631
0.596085
0.0543512
0.971161
0.574372
0.574443
0.577154
0.60092
0.136016
0.034933
0.413837
0.272949
0.689648
0.985591
0.246915
0.766348
0.66666
0.536316
0.900525
0.666921
0.543385
0.0892718
0.0277883
0.959793
0.732243
0.89066
0.895253
0.794324
0.535218
0.342401
0.280784
0.474461
0.00857964
0.4248
0.717987
0.410536
0.604571
0.590882
0.978606
0.275977
0.0427861
0.870653
0.887844
0.371951
0.148874
0.169315
0.162823
0.595221
0.851466
0.0441128
0.590111
0.247793
0.218489
0.728445
0.183082
0.106938
0.453108
0.193715
0.371959
0.183761
0.886769
0.213487
0.542775
0.165275
0.448273
0.822608
0.472541
0.879506
0.656411
0.547909
0.518561
0.425358
0.812119
0.64203
0.184273
0.997704
0.488388
0.509235
0.764176
0.674589
0.725292
0.22226
0.383085
0.346163
0.841848
0.975266
0.282174
0.975571
0.60217
0.186945
0.463329
0.124167
0.699965
0.758415
0.479748
0.683121
0.71805
0.212783
0.14042
0.480692
0.999407
0.880798
0.0389256
0.948633
0.89286
0.212325
0.981949
0.254547
0.626856
0.518767
0.494841
0.246604
0.0637559
0.168444
0.664876
0.706078
0.85807
0.269826
0.0224693
0.55813
0.198975
0.920241
0.275098
0.22896
0.51815
0.25606
0.0161486
0.976486
0.89878
0.95921
0.844526
0.380965
0.0896019
0.732737
0.682574
0.435169
0.143204
0.307105
0.680317
0.503945
0.734657
0.64802
0.067831
0.994697
0.181153
0.460456
0.560741
0.656193
0.81222
0.776364
0.296572
0.180237
0.841915
0.654456
0.607938
0.477456
0.611579
0.378281
0.866344
0.480264
0.461018
0.301627
0.554696
0.57596
0.144194
0.721225
0.200087
0.279534
0.698644
0.190604
0.42193
0.207689
0.138687
0.813761
0.328457
0.480585
0.0669918
0.0820461
0.317459
0.314578
0.338095
0.65403
0.42022
0.832084
0.874214
0.549693
0.338014
0.541983
0.250724
0.368172
0.849717
0.865263
0.0741126
0.944985
0.0153174
0.0792718
0.753844
0.372866
0.209426
0.836255
0.858092
0.772724
0.348092
0.96761
0.325096
0.564109
0.221389
0.587084
0.316707
0.704952
0.0717687
0.0910344
0.184738
0.192568
0.156473
0.272362
0.182719
0.035301
0.0709602
0.0224472
0.613275
0.270941
0.469674
0.175721
0.811093
0.0193316
0.513246
0.917746
0.748218
0.779646
0.365471
0.963155
0.354969
0.87357
0.73486
0.422376
0.514248
0.335834
0.114558
0.786756
0.475336
0.14363
0.486456
0.906939
0.439582
0.657547
0.460565
0.115912
0.349116
0.297838
0.00505904
0.166576
0.874591
0.735092
0.0698979
0.149226
0.939616
0.880934
0.324673
0.463228
0.717829
0.428449
0.535942
0.950284
0.498041
0.817509
0.735727
0.158199
0.791625
0.0136834
0.723489
0.492443
0.337404
0.754817
0.706491
0.442562
0.821593
0.816027
0.816173
0.50106
0.163721
0.584023
0.90912
0.28963
0.35419
0.329793
0.727057
0.698356
0.278767
0.867155
0.0852995
0.0683145
0.968253
0.625075
0.77018
0.145388
0.31385
0.000655746
0.559457
0.922122
0.445322
0.349265
0.513061
0.0892814
0.763783
0.388393
0.147842
0.385067
0.272511
0.299247
0.0115328
0.238876
0.461894
0.14084
0.375815
0.452617
0.526846
0.5514
0.332373
0.214956
0.149126
0.560457
0.328639
0.653676
0.791405
0.810899
0.682928
0.282565
0.52066
0.55181
0.481624
0.142411
0.341862
0.864924
0.246752
0.186474
0.526296
0.382607
0.844329
0.70901
0.685143
0.309834
0.0144446
0.323577
0.749552
0.223198
0.955364
0.0155629
0.812394
0.197126
0.253921
0.449655
0.58266
0.593706
0.967003
0.476052
0.621818
0.617212
0.617578
0.374049
0.694572
0.304677
0.378794
0.756655
0.507025
0.615049
0.402083
0.197995
0.504225
0.470114
0.13924
0.46778
0.479982
0.0421602
0.0912878
0.318397
0.995366
0.618374
0.755775
0.276122
0.533972
0.0225858
0.823498
0.240969
0.652105
0.628912
0.159656
0.757103
0.331837
0.23628
0.710777
0.327275
0.515141
0.43211
0.798792
0.542866
0.917836
0.139274
0.901507
0.276282
0.943685
0.0650411
0.550988
0.0121191
0.140015
0.85604
0.63867
0.829884
0.699062
0.139786
0.668937
0.466678
0.925949
0.885138
0.706961
0.643402
0.256543
0.703547
0.735617
0.763792
0.394751
0.0622752
0.700259
0.395615
0.835586
0.244223
0.961214
0.906725
0.318727
0.767245
0.755409
0.596543
0.142728
0.0469065
0.862995
0.592463
0.0796504
0.247111
0.846979
0.0722903
0.814575
0.884314
0.370245
0.800345
0.810675
0.17855
0.694294
0.660977
0.990063
0.383515
0.730505
0.0761993
0.0746262
0.534885
0.384844
0.375226
0.97292
0.713075
0.345891
0.243755
0.755658
0.884885
0.346573
0.0734144
0.552794
0.416689
0.224474
0.478228
0.499305
0.602914
0.285803
0.539571
0.519512
0.478191
0.580958
0.390836
0.920561
0.67639
0.291466
0.96363
0.0163885
0.222067
0.828727
0.778837
0.302716
0.864858
0.927323
0.751464
0.442291
0.542609
0.875106
0.977469
0.595548
0.58649
0.883002
0.791177
0.512308
0.549912
0.639516
0.331146
0.328813
0.148411
0.727147
0.369139
0.606425
0.00683861
0.138915
0.964327
0.720469
0.915345
0.727895
0.497689
0.637315
0.484724
0.411637
0.273816
0.884745
0.905238
0.457725
0.419484
0.551575
0.790396
0.0587275
0.46578
0.774543
0.704233
0.676345
0.775617
0.45474
0.225752
0.936338
0.622821
0.733324
0.836394
0.59453
0.394788
0.618225
0.677167
0.0173208
0.738938
0.0547026
0.243256
0.729088
0.436224
0.00149288
0.219478
0.38809
0.724354
0.767102
0.240689
0.0354788
0.952299
0.530484
0.16042
0.362753
0.277614
0.580704
0.640866
0.118887
0.0312923
0.480834
0.154103
0.9266
0.412229
0.403844
0.153173
0.875066
0.877336
0.0928447
0.332592
0.693492
0.170896
0.345922
0.365071
0.34166
0.915388
0.171214
0.193373
0.966212
0.461039
0.734878
0.0867953
0.215335
0.57057
0.323566
0.957258
0.590393
0.120142
0.276718
0.145665
0.71914
0.755146
0.847926
0.160877
0.42693
0.801657
0.206385
0.656937
0.290159
0.685802
0.308792
0.9427
0.23891
0.69878
0.13992
0.445182
0.646046
0.0851176
0.512014
0.249177
0.375285
0.589691
0.995183
0.0383515
0.265685
0.302191
0.206143
0.6337
0.715582
0.535503
0.0746155
0.15336
0.683658
0.333781
0.841985
0.947992
0.751684
0.0271897
0.7441
0.336756
0.801352
0.166903
0.636688
0.143242
0.820112
0.178481
0.179376
0.151676
0.434622
0.88
0.49952
0.568013
0.0875587
0.443955
0.704571
0.981806
0.358108
0.115318
0.260125
0.99528
0.837499
0.750068
0.764551
0.975703
0.883579
0.640914
0.904587
0.810721
0.606039
0.857352
0.156899
0.323413
0.506473
0.393268
0.280707
0.88847
0.305932
0.827063
0.183115
0.851052
0.296071
0.0311655
0.370989
0.385176
0.856519
0.922539
0.256756
0.578293
0.327275
0.47459
0.743094
0.670821
0.0638907
0.901822
0.720925
0.443295
0.172351
0.41594
0.000715548
0.546541
0.564303
0.0650672
0.386694
0.504965
0.868573
0.748513
0.745714
0.847937
0.2371
0.33753
0.964131
0.143513
0.103534
0.908646
0.115186
0.744369
0.724665
0.122221
0.984906
0.208144
0.249744
0.48624
0.292744
0.716499
0.574192
0.711025
0.100812
0.313876
0.928287
0.89293
0.598705
0.496647
0.825702
0.815781
0.141203
0.604664
0.790571
0.748586
0.00982236
0.193402
0.384793
0.438757
0.892296
0.930286
0.602365
0.728976
0.894365
0.361839
0.203689
0.530281
0.927203
0.209949
0.982018
0.416364
0.268663
0.730739
0.53411
0.375113
0.382406
0.217159
0.845147
0.0717395
0.362519
0.109587
0.913581
0.0405085
0.227929
0.351238
0.890983
0.483962
0.209413
0.318153
0.899286
0.00698699
0.173886
0.767739
0.175571
0.50734
0.293802
0.87325
0.823484
0.998822
0.374543
0.508095
0.748499
0.399915
0.931655
0.427686
0.0422193
0.157553
0.361352
0.0588539
0.84336
0.889984
0.0588942
0.202493
0.0873697
0.573073
0.43699
0.0888124
0.775723
0.733927
0.145227
0.615829
0.798207
0.820231
0.368625
0.809937
0.06068
0.0907508
0.805586
0.546981
0.895124
0.186859
0.832461
0.0626398
0.60003
0.0600721
0.233533
0.219706
0.25925
0.599285
0.694915
0.922128
0.655575
0.633643
0.401798
0.357842
0.453988
0.838934
0.390013
0.889676
0.811448
0.822252
0.864895
0.338745
0.0632639
0.266863
0.09257
0.67131
0.944915
0.656309
0.41636
0.241606
0.350991
0.69974
0.488717
0.820372
0.329963
0.0940675
0.831762
0.426678
0.25695
0.605893
0.577125
0.961447
0.0633784
0.719434
0.902009
0.195184
0.897668
0.821606
0.665945
0.656676
0.535542
0.148039
0.615373
0.373915
0.438733
0.599165
0.877969
0.115913
0.98574
0.857254
0.441606
0.83162
0.292645
0.510936
0.751237
0.380327
0.266267
0.262604
0.582624
0.443121
0.446479
0.978698
0.791361
0.211472
0.948571
0.0585511
0.023948
0.208484
0.294285
0.366028
0.850064
0.941759
0.0637994
0.409576
0.947449
0.222861
0.0475659
0.00722301
0.219968
0.673441
0.131855
0.704347
0.384885
0.362164
0.962599
0.0875689
0.255661
0.412618
0.703928
0.747978
0.0374367
0.781344
0.316968
0.414422
0.0879032
0.349376
0.129424
0.304327
0.946217
0.770128
0.821307
0.114783
0.203311
0.592598
0.0106913
0.271813
0.660901
0.20075
0.685722
0.107286
0.446995
0.12704
0.519775
0.256774
0.159931
0.421715
0.558692
0.30066
0.735579
0.340175
0.0446923
0.408185
0.322181
0.358314
0.0542195
0.748508
0.0797376
0.292543
0.416568
0.699782
0.229094
0.798983
0.760793
0.340753
0.231032
0.708782
0.406447
0.944985
0.653688
0.103404
0.780798
0.697469
0.10778
0.206342
0.933478
0.204706
0.0405271
0.542399
0.00438233
0.575897
0.446139
0.846512
0.593417
0.0532935
0.687592
0.128639
0.941518
0.0389807
0.705453
0.765833
0.701149
0.394765
0.893526
0.469748
0.61559
0.130738
0.83525
0.446772
0.921644
0.770402
0.215094
0.141295
0.11298
0.224713
0.221905
0.221952
0.447052
0.309707
0.818208
0.58728
0.871199
0.735474
0.702099
0.854332
0.133922
0.128502
0.45743
0.289503
0.670872
0.231663
0.209023
0.609871
0.612318
0.995021
0.989775
0.722842
0.828394
0.365554
0.146064
0.782489
0.646446
0.991486
0.775035
0.970443
0.145859
0.718058
0.287476
0.603067
0.468134
0.568635
0.915348
0.416624
0.0887825
0.767465
0.372109
0.488503
0.292864
0.612179
0.849158
0.638596
0.497875
0.92164
0.347183
0.0220791
0.0483153
0.796152
0.970892
0.741655
0.278785
0.714079
0.098112
0.913982
0.784669
0.151814
0.421087
0.954843
0.189487
0.273417
0.0537719
0.148429
0.0805284
0.711513
0.0700198
0.524147
0.778167
0.0714938
0.661345
0.434867
0.394183
