0.693256
0.499867
0.194767
0.664798
0.163755
0.388806
0.153095
0.0527224
0.692329
0.06835
0.571015
0.949732
0.10883
0.56636
0.132096
0.111254
0.803367
0.895542
0.290105
0.565565
0.0198292
0.304863
0.909105
0.593555
0.581542
0.867184
0.834289
0.14447
0.053051
0.877524
0.419807
0.147251
0.225565
0.307411
0.763262
0.313558
0.0203489
0.830046
0.991775
0.979274
0.60536
0.57903
0.359505
0.872264
0.82394
0.275804
0.475
0.0668549
0.011296
0.839933
0.0970815
0.504465
0.835054
0.653019
0.620098
0.675778
0.829241
0.438361
0.0542213
0.22086
0.881658
0.564756
0.192805
0.0781087
0.189824
0.965362
0.379057
0.731619
0.12238
0.611362
0.237158
0.780784
0.308041
0.293016
0.886255
0.328337
0.131294
0.528031
0.213221
0.905715
0.422701
0.486817
0.0807929
0.962773
0.479283
0.171651
0.0590007
0.807065
0.0115338
0.197529
0.711163
0.501727
0.824173
0.166986
0.844952
0.298918
0.583111
0.972138
0.85931
0.72128
0.671915
0.798976
0.804519
0.349946
0.0217858
0.556203
0.23754
0.363484
0.422513
0.634867
0.8469
0.871438
0.948311
0.891838
0.117034
0.71692
0.64345
0.0689213
0.776053
0.313399
0.35655
0.121259
0.256973
0.392928
0.976533
0.332408
0.557291
0.769886
0.5508
0.288097
0.48269
0.665442
0.951293
0.907861
0.84838
0.765957
0.132961
0.661189
0.59581
0.431445
0.724526
0.960732
0.0617344
0.27394
0.567125
0.77335
0.228615
0.496606
0.213287
0.972624
0.296796
0.685919
0.3709
0.386098
0.380213
0.555301
0.329486
0.255316
0.865466
0.0759688
0.865258
0.836515
0.467258
0.771535
0.76026
0.172666
0.963755
0.880588
0.60141
0.021648
0.181795
0.298835
0.543285
0.705817
0.0348551
0.366043
0.572625
0.335987
0.251602
0.563968
0.80645
0.930969
0.834877
0.906061
0.574952
0.946784
0.0411597
0.722025
0.634727
0.198298
0.70695
0.88864
0.0723343
0.940246
0.624902
0.315246
0.561197
0.0860832
0.246517
0.347678
0.864588
0.0993682
0.738303
0.28215
0.120249
0.834239
0.764239
0.765692
0.0947983
0.71075
0.463148
0.0942026
0.584609
0.820826
0.145515
0.866938
0.96962
0.0956123
0.387929
0.769428
0.29492
0.875878
0.152911
0.950532
0.546158
0.84099
0.83052
0.391275
0.263057
0.773614
0.833171
0.269316
0.747361
0.616171
0.406551
0.655094
0.456958
0.749248
0.103417
0.160396
0.55603
0.415146
0.33179
0.214732
0.771854
0.727461
0.84173
0.152285
0.816203
0.0936114
0.52766
0.170866
0.635668
0.146546
0.921433
0.757286
0.929016
0.837287
0.0130478
0.323227
0.290789
0.115127
0.850278
0.978899
0.531103
0.551894
0.536583
0.32607
0.55205
0.179305
0.533659
0.23547
0.451401
0.243516
0.855512
0.0507068
0.19265
0.894121
0.776323
0.134211
0.356927
0.546637
0.135859
0.561204
0.421607
0.377099
0.575387
0.854361
0.84553
0.789154
0.150169
0.616129
0.175958
0.463437
0.0441782
0.843788
0.535152
0.922286
0.731781
0.393333
0.61409
0.608374
0.896163
0.969967
0.574568
0.33991
0.879727
0.956766
0.743496
0.919666
0.673877
0.93753
0.139334
0.51838
0.483037
0.458753
0.74373
0.498486
0.155673
0.67126
0.808105
0.641735
0.440478
0.259511
0.586997
0.312036
0.823443
0.329188
0.559166
0.906725
0.0575224
0.67938
0.707972
0.948928
0.957239
0.815811
0.863888
0.167556
0.327048
0.773055
0.0345585
0.0384437
0.996209
0.220153
0.666605
0.455503
0.272778
0.29322
0.93274
0.865714
0.0978425
0.133814
0.67327
0.415122
0.510177
0.00477514
0.782864
0.0123361
0.681207
0.898366
0.961827
0.234134
0.382691
0.577506
0.816452
0.879314
0.162968
0.546466
0.0309841
0.595375
0.889932
0.480896
0.261913
0.182361
0.867817
0.916298
0.216619
0.944624
0.534356
0.839282
0.967465
0.988497
0.368442
0.524903
0.651914
0.153216
0.0877867
0.247102
0.137937
0.717603
0.0136865
0.61835
0.973932
0.586312
0.50484
0.153823
0.663144
0.709184
0.582533
0.599624
0.0231316
0.749323
0.667857
0.00864604
0.649099
0.143804
0.652201
0.331846
0.645571
0.61074
0.809429
0.885427
0.724465
0.555066
0.694708
0.549309
0.40822
0.165289
0.228882
0.123741
0.199591
0.0622433
0.890801
0.730591
0.121991
0.19379
0.396559
0.726014
0.373998
0.285282
0.105708
0.796727
0.511784
0.603531
0.0477066
0.420475
0.839148
0.393901
0.410933
0.280772
0.238083
0.883419
0.0319447
0.729378
0.288529
0.605841
0.772265
0.948622
0.255224
0.414861
0.0250172
0.469063
0.630121
0.642333
0.50316
0.404385
0.566156
0.576388
0.754523
0.121136
0.673048
0.847761
0.282118
0.764979
0.477189
0.167392
0.767095
0.960766
0.237921
0.0513486
0.109997
0.802041
0.389882
0.571644
0.146521
0.505764
0.945552
0.901155
0.417186
0.454681
0.321146
0.0995058
0.431003
0.314792
0.987786
0.434051
0.40137
0.394758
0.162688
0.417517
0.508808
0.28219
0.652071
0.621735
0.708631
0.25306
0.490323
0.32183
0.647275
0.981883
0.781571
0.39386
0.457763
0.551875
0.669877
0.786076
0.408337
0.694545
0.280882
0.136908
0.0119069
0.0362236
0.35284
0.803634
0.435596
0.144186
0.311935
0.126514
0.839705
0.446197
0.0986631
0.942334
0.962624
0.275109
0.844331
0.879177
0.625005
0.461632
0.692734
0.314159
0.515959
0.345124
0.555928
0.713188
0.360792
0.169219
0.650221
0.337756
0.522888
0.622834
0.679443
0.92318
0.0867185
0.511641
0.596732
0.739482
0.174287
0.552714
0.69261
0.02344
0.704933
0.37755
0.958219
0.604627
0.420278
0.363013
0.0373226
0.174413
0.402402
0.239947
0.12639
0.429154
0.988469
0.547582
0.507242
0.300479
0.568781
0.311937
0.0435803
0.475426
0.702995
0.707529
0.584664
0.386416
0.045939
0.581196
0.278212
0.307562
0.514598
0.343416
0.788657
0.766414
0.26014
0.364596
0.270895
0.490948
0.45486
0.915167
0.789897
0.631636
0.483385
0.302087
0.899292
0.663767
0.716697
0.205675
0.824545
0.685587
0.728478
0.746173
0.531844
0.0410725
0.464212
0.692064
0.798191
0.461241
0.0816813
0.680944
0.821605
0.943767
0.112083
0.932342
0.729972
0.304648
0.537934
0.688649
0.381201
0.746399
0.943234
0.872668
0.996242
0.229661
0.147618
0.387926
0.0761527
0.512985
0.0747735
0.908221
0.503262
0.143987
0.568796
0.0967468
0.791037
0.315832
0.288021
0.377968
0.358241
0.652736
0.400141
0.503922
0.92828
0.427469
0.418395
0.500952
0.872888
0.931228
0.456993
0.64871
0.770907
0.349442
0.633811
0.168292
0.272204
0.219453
0.414279
0.283266
0.451641
0.747571
0.227999
0.0660401
0.0696936
0.240474
0.810918
0.931325
0.3459
0.42621
0.491639
0.871947
0.678174
0.496413
0.863095
0.481896
0.0497038
0.590189
0.498086
0.938311
0.00533683
0.963049
0.828098
0.754941
0.751777
0.179966
0.308116
0.936634
0.2756
0.857118
0.490424
0.132405
0.608827
0.72366
0.580699
0.665092
0.865659
0.497635
0.290204
0.998111
0.494685
0.832212
0.738249
0.506686
0.968957
0.0559011
0.106366
0.742869
0.0924364
0.632143
0.480964
0.483708
0.422565
0.582561
0.749687
0.105763
0.472899
0.109059
0.133496
0.338252
0.090852
0.912394
0.660601
0.584008
0.154437
0.588878
0.629311
0.280948
0.155832
0.523406
0.259312
0.0796128
0.0455816
0.0745349
0.480074
0.538684
0.86232
0.292513
0.00411818
0.544123
0.618696
0.372545
0.466846
0.817855
0.0832048
0.0672869
0.815454
0.251087
0.231855
0.369702
0.011953
0.386303
0.809146
0.777907
0.390343
0.828923
0.480687
0.237413
0.772336
0.420725
0.0276195
0.364446
0.433018
0.491325
0.286583
0.473911
0.448588
0.956567
0.589363
0.491277
0.222421
0.647231
0.340885
0.684898
0.900032
0.320337
0.300776
0.0941727
0.203561
0.970153
0.643376
0.409599
0.226397
0.619523
0.858084
0.898058
0.601748
0.663592
0.445205
0.145314
0.579369
0.991432
0.362845
0.524051
0.351474
0.0135479
0.432785
0.247824
0.660578
0.398906
0.913295
0.412275
0.419344
0.147051
0.49947
0.385683
0.302161
0.777596
0.124661
0.538647
0.851774
0.370645
0.352375
0.965183
0.310564
0.223978
0.938996
0.662383
0.405841
0.404815
0.489574
0.332034
0.960546
0.876916
0.504171
0.107204
0.568366
0.38112
0.600295
0.0514176
0.697636
0.775213
0.81776
0.888022
0.681048
0.901892
0.863637
0.649225
0.402413
0.533895
0.0353079
0.121676
0.567174
0.989837
0.35881
0.920609
0.466808
0.4516
0.957847
0.627497
0.854815
0.334378
0.545973
0.623899
0.815902
0.426912
0.0455355
0.792939
0.783796
0.679139
0.95066
0.39417
0.127546
0.653056
0.891198
0.161114
0.531846
0.464589
0.277487
0.804472
0.424004
0.0696934
0.145645
0.52409
0.285918
0.450257
0.792616
0.825561
0.577297
0.782046
0.355603
0.032739
0.856734
0.339657
0.395754
0.771738
0.944795
0.125768
0.659911
0.0763211
0.430887
0.942349
0.603568
0.0623368
0.260738
0.704919
0.94898
0.325316
0.414222
0.680338
0.00727423
0.434385
0.606239
0.889051
0.58887
0.75088
0.41193
0.868756
0.650907
0.582555
0.0393818
0.627105
0.400185
0.214193
0.463195
0.68652
0.269891
0.694554
0.945503
0.451036
0.272126
0.789005
0.419508
0.611152
0.179983
0.246855
0.887283
0.135636
0.2845
0.233944
0.266204
0.0183691
0.105676
0.644403
0.696519
0.991709
0.86566
0.0383711
0.700578
0.0998976
0.808866
0.070443
0.646444
0.651089
0.703163
0.473661
0.117508
0.794805
0.812801
0.633557
0.32299
0.504026
0.137874
0.401733
0.601561
0.869602
0.0630541
0.6875
0.732602
0.112585
0.925629
0.0793062
0.0911161
0.795979
0.116119
0.00508791
0.0169633
0.569122
0.960129
0.123734
0.0942301
0.654171
0.216962
0.245064
0.181081
0.901138
0.433824
0.456559
0.188771
0.930519
0.795066
0.179565
0.216069
0.792531
0.504387
0.316987
0.0741012
0.740618
0.959586
0.0287088
0.20244
0.164492
0.20533
0.31304
0.860124
0.508846
0.590234
0.578114
0.465468
0.0700275
0.198499
0.400134
0.560696
0.430865
0.465215
0.919134
0.45998
0.218336
0.270381
0.00942895
0.821374
0.92995
0.497144
0.658271
0.302206
0.147
0.233245
0.553947
0.738022
0.170712
0.217327
0.442027
0.628079
0.233741
0.0844557
0.352847
0.133145
0.463797
0.0949974
0.714264
0.367435
0.763047
0.475516
0.567745
0.280743
0.150585
0.220904
0.668555
0.255422
0.102232
0.67149
0.189572
0.3647
0.543546
0.100167
0.544946
0.514837
0.615301
0.15903
0.271924
0.793912
0.436098
0.133764
0.272849
0.657009
0.502371
0.387581
0.372262
0.870161
0.644492
0.454459
0.013881
0.249593
0.655018
0.502548
0.413653
0.764934
0.251085
0.251088
0.494722
0.979458
0.728426
0.137977
0.619927
0.741047
0.345735
0.309252
0.224964
0.175661
0.0325262
0.128339
0.805668
0.14699
0.974322
0.192074
0.506303
0.221444
0.490566
0.429187
0.00600825
0.195933
0.758725
0.319211
0.352278
0.672012
0.600297
0.412402
0.799843
0.689342
0.966088
0.888797
0.611868
0.964914
0.468473
0.59231
0.382125
0.802254
0.41326
0.26835
0.258287
0.774833
0.707115
0.432492
0.365192
0.870907
0.746899
0.293565
0.267431
0.474663
0.187585
0.464467
0.93209
0.522797
0.589556
0.869481
0.438153
0.322969
0.755181
0.839699
0.5781
0.666557
0.455468
0.121224
0.479982
0.551048
0.51977
0.55288
0.300617
0.382022
0.386576
0.293036
0.00849453
0.231599
0.184684
0.757295
0.794765
0.311464
0.388733
0.233897
0.455257
0.939028
0.818457
0.408714
0.716087
0.0316896
0.83384
0.928836
0.0378623
0.444646
0.810248
0.0725002
0.334473
0.207682
0.882576
0.757996
0.283226
0.479338
0.748164
0.327006
0.296608
0.851844
0.563188
0.376571
0.0925617
0.473123
0.672121
0.4056
0.649827
0.968575
0.17065
0.126446
0.915053
0.723024
0.664929
0.830991
0.611784
0.285825
0.0490349
0.863034
0.0609431
0.487475
0.633971
0.718358
0.352212
0.713236
0.530343
0.18867
0.120186
0.645035
0.133506
0.782469
0.187491
0.550517
0.624142
0.695422
0.861535
0.550685
0.921112
0.0666429
0.963292
0.864858
0.048364
0.659325
0.903409
0.202481
0.129017
0.623958
0.0240832
0.335645
0.913061
0.0871785
0.552483
0.85896
0.411662
0.410058
0.658222
0.324513
0.151271
0.4431
0.976463
0.839012
0.269476
0.271195
0.530974
0.693255
0.419949
0.604731
0.601994
0.846799
0.271496
0.382616
0.857878
0.207329
0.137495
0.866618
0.774954
0.763324
0.594768
0.31631
0.635042
0.748612
0.880131
0.383435
0.0998466
0.743409
0.170808
0.766339
0.680152
0.218565
0.53502
0.612998
0.862393
0.0277966
0.565773
0.0918296
0.34431
0.766412
0.556934
0.146862
0.883563
0.0681982
0.33134
0.0266041
0.280635
0.206624
0.771095
0.0935834
0.215647
0.0875437
0.784712
0.591053
0.320737
0.626914
0.90335
0.258894
0.392276
0.196699
0.8196
0.0568212
0.453866
0.247607
0.371578
0.15808
0.588915
0.555943
0.143859
0.979443
0.73711
0.106972
0.0917734
0.527357
0.323041
0.479809
0.105218
0.976113
0.767664
0.887274
0.671996
0.82183
0.219021
0.808962
0.257967
0.748182
0.394353
0.0111616
0.162952
0.171035
0.465852
0.379054
0.208877
0.137434
0.68886
0.663014
0.226171
0.348771
0.741514
0.101764
0.815327
0.38913
0.303674
0.85323
0.570833
0.350559
0.520577
0.315947
0.491663
0.444098
0.791408
0.546849
0.414565
0.229839
0.213808
0.80604
0.942141
0.250037
0.840995
0.015769
0.137948
0.846464
0.313689
0.55065
0.804245
0.0186216
0.315119
0.43834
0.005362
0.450933
0.556904
0.244232
0.581819
0.625427
0.370417
0.0947217
0.742243
0.701715
0.360897
0.762969
0.710781
0.598949
0.319144
0.5616
0.215872
0.157546
0.527535
0.309273
0.607502
0.481271
0.56584
0.14126
0.4695
0.407103
0.446532
0.693939
0.245848
0.232893
0.126622
0.551058
0.547776
0.0973364
0.320626
0.170678
0.853498
0.354472
0.530657
0.340342
0.893339
0.116115
0.838365
0.276024
0.242963
0.348204
0.16231
0.811153
0.0685842
0.735234
0.759388
0.0628367
0.796942
0.0950095
0.029975
0.901613
0.738673
0.0962198
0.586282
0.375119
0.775219
0.829339
0.853104
0.465395
0.436221
0.624491
0.911454
0.770977
0.871704
0.16404
0.890438
0.410372
0.64123
0.11776
0.847342
0.911655
0.15655
0.154199
0.727402
0.5421
0.128147
0.833992
0.530617
0.802049
0.0827401
0.224642
0.8524
0.625255
0.708803
0.11456
0.923929
0.788139
0.662635
0.0868891
0.819619
0.9955
0.16289
0.913297
0.607307
0.222747
0.691582
0.703014
0.949559
0.042249
0.115156
0.641023
0.777521
0.0480707
0.684103
0.425177
0.767575
0.361507
0.198627
0.904196
0.105818
0.574339
0.242353
0.721229
0.623473
0.455078
0.783286
0.337683
0.15218
0.623935
0.276582
0.0159725
0.973032
0.114281
0.228732
0.111459
0.973491
0.153779
0.694902
0.122845
0.718026
0.907962
0.738622
0.232137
0.21634
0.716537
0.787573
0.406855
0.809573
0.0613164
0.182432
0.275155
0.953785
0.159466
0.359012
0.331436
0.821911
0.154725
0.530134
0.383188
0.941032
0.951569
0.994323
0.377142
0.38103
0.669387
0.125912
0.416635
0.126345
0.508597
0.905632
0.700417
0.532243
0.619968
0.117456
0.135139
0.416023
0.71104
0.710566
0.609414
0.75956
0.584463
0.391827
0.993919
0.606339
0.927006
0.876344
0.0882385
0.282833
0.0542294
0.150243
0.7499
0.399919
0.699506
0.0877899
0.663085
0.388027
0.434635
0.794604
0.300597
0.385214
0.878944
0.904168
0.785362
0.309583
0.0163973
0.165233
0.256228
0.474407
0.382141
0.0349289
0.994925
0.108965
0.828778
0.939937
0.834522
0.163801
0.188157
0.35793
0.674173
0.929999
0.154619
0.933933
0.813771
0.171241
0.575562
0.0677731
0.972895
0.23326
0.887573
0.650548
0.399839
0.415351
0.152186
0.024986
0.0821948
0.156212
0.976289
0.167609
0.727804
0.220623
0.256293
0.497801
0.00323424
0.0430354
0.584524
0.879392
0.206185
0.965402
0.519033
0.656221
0.197566
0.0919355
0.450332
0.29924
0.540781
0.621126
0.294265
0.330087
4.93942e-05
0.0866169
0.955298
0.186612
0.696833
0.67238
0.38462
0.769562
0.25819
0.210675
0.788005
0.858695
0.299875
0.824545
0.500871
0.334428
0.14656
0.262774
0.649761
0.0788076
0.811017
0.585452
0.749183
0.650588
0.971564
0.977758
0.701186
0.121607
0.815232
0.733095
0.931868
0.0975478
0.763445
0.382258
0.490998
0.561705
0.114236
0.0907747
0.547688
0.0950034
0.147605
0.895588
0.261381
0.851907
0.0379401
0.532926
0.72597
0.00650692
0.782429
0.414173
0.189786
0.668883
0.937223
0.299499
0.911074
0.369695
0.532627
0.615004
0.427578
0.129275
0.653027
0.76981
0.52419
0.6179
0.318705
0.593507
0.872809
0.917365
0.294104
0.588649
0.413959
0.568421
0.76243
0.596408
0.409804
0.91257
0.163175
0.149189
0.605704
0.820674
0.382639
0.489341
0.260687
0.211519
0.583593
0.809073
0.433083
0.501171
0.675243
0.760137
0.517352
0.642344
0.112401
0.20952
0.483935
0.628591
0.867863
0.171921
0.701071
0.550717
0.933528
0.59004
0.94002
0.877631
0.371444
0.444912
0.225087
0.49305
0.825564
0.163584
0.911542
0.854298
0.0841781
0.939728
0.957402
0.946431
0.324601
0.200101
0.344353
0.781359
0.865359
0.958613
0.238216
0.820751
0.75746
0.347721
0.48036
0.96448
0.0825509
0.671494
0.395744
0.39269
0.98766
0.518446
0.657579
0.122391
0.62662
0.107177
0.0371694
0.553693
0.166429
0.788932
0.135872
0.782313
0.418996
0.315818
0.391943
0.900294
0.663898
0.810548
0.865644
0.901434
0.941495
0.650723
0.383542
0.938327
0.221689
0.763276
0.900416
0.489106
0.359207
0.221374
0.227025
0.250441
0.517198
0.178565
0.651808
0.152144
0.418341
0.766767
0.26507
0.247854
0.770286
0.515639
0.946744
0.480124
0.334666
0.744611
0.613858
0.620089
0.610891
0.699511
0.614084
0.743087
0.659204
0.962484
0.505698
0.160871
0.415327
0.41111
0.132222
0.303706
0.674805
0.100343
0.908181
0.879003
0.11443
0.687388
0.452892
0.843736
0.192926
0.669082
0.537489
0.489682
0.302921
0.946518
0.0753526
0.338139
0.517214
0.998999
0.161218
0.171265
0.158692
0.277293
0.730733
0.664888
0.160246
0.0285989
0.927459
0.744473
0.602956
0.359628
0.623227
0.403859
0.648574
0.56098
0.195369
0.0825161
0.7277
0.521446
0.516722
0.0255985
0.464682
0.498249
0.247768
0.838625
0.932092
0.986691
0.658207
0.24493
0.490231
0.635094
0.0570865
0.086333
0.192317
0.239916
0.770642
0.000994316
0.0497648
0.815993
0.135238
0.32004
0.204997
0.177649
0.183178
0.957707
0.560229
0.773681
0.845736
0.477689
0.0243973
0.324845
0.2098
0.866646
0.369534
0.323553
0.548372
0.210316
0.103387
0.27244
0.38858
0.705221
0.42955
0.593881
0.311938
0.727711
0.344316
0.973648
0.412914
0.479591
0.64207
0.771636
0.259653
0.182361
0.978042
0.799593
0.326077
0.333021
0.206355
0.680966
0.196593
0.277294
0.635944
0.101983
0.0806838
0.742708
0.334941
0.61625
0.475182
0.749412
0.626708
0.300558
0.929988
0.489856
0.110667
0.816417
0.905263
0.63235
0.34009
0.547929
0.0819943
0.348695
0.924808
0.845981
0.195356
0.810373
0.274381
0.641305
0.555176
0.566087
0.857677
0.100851
0.875812
0.729506
0.442962
0.207017
0.155384
0.729222
0.298434
0.564971
0.555411
0.712681
0.986874
0.484614
0.746326
0.533083
0.991118
0.122726
0.951606
0.132358
0.12095
0.913697
0.948391
0.664401
0.560719
0.157235
0.696642
0.412243
0.584161
0.988528
0.0175874
0.621805
0.140601
0.803638
0.0815004
0.329863
0.256919
0.0739714
0.272371
0.509949
0.398254
0.00456094
0.128841
0.918428
0.274778
0.751942
0.9785
0.573348
0.479438
0.118816
0.550471
0.699858
0.707422
0.241959
0.491268
0.55333
0.440694
0.668297
0.934104
0.652241
0.167204
0.240046
0.385329
0.320671
0.577733
0.987201
0.268445
0.578074
0.29213
0.91834
0.114386
0.474363
0.799147
0.82583
0.373904
0.291601
0.374562
0.98673
0.433303
0.815434
0.0642596
0.427756
0.0199453
0.381522
0.413975
0.559817
0.883424
0.486554
0.76406
0.670836
0.808685
0.992378
0.829611
0.207346
0.875211
0.132545
0.387054
0.135531
0.971518
0.0768927
0.772686
0.772553
0.315079
0.408869
0.552582
0.434972
0.117924
0.764703
0.661832
0.859494
0.934465
0.469831
0.823892
0.0893379
0.299632
0.0792011
0.349164
0.809232
0.700243
0.975506
0.925661
0.093932
0.135193
0.0581245
0.613356
0.830252
0.594379
0.359594
0.972236
0.263027
0.972675
0.550614
0.445332
0.898442
0.502367
0.918916
0.932712
0.114947
0.737801
0.661823
0.765809
0.130634
0.979465
0.671766
0.877025
0.0541177
0.49137
0.487971
0.581804
0.911627
0.753654
0.885924
0.174586
0.0739497
0.269284
0.212703
0.328674
0.660822
0.480162
0.211619
0.831131
0.220908
0.723293
0.661513
0.225986
0.741838
0.892221
0.72155
0.411032
0.715553
0.941583
0.935408
0.566644
0.0353419
0.0602207
0.188487
0.376143
0.568675
0.669032
0.904986
0.77943
0.886109
0.654046
0.126314
0.00160633
0.173944
0.633862
0.818037
0.449098
0.808926
0.0287041
0.035029
0.383493
0.306742
0.319732
0.23053
0.886074
0.487287
0.0410787
0.711928
0.643612
0.954067
0.661807
0.281606
0.778931
0.0739287
0.289664
0.331322
0.203542
0.586212
0.561016
0.00481812
0.690914
0.296912
0.499545
0.403325
0.626382
0.65266
0.0644131
0.627642
0.489337
0.0116185
0.00571499
0.48706
0.80029
0.70636
0.233991
0.405175
0.704176
0.29517
0.882003
0.0635382
0.623685
0.596655
0.790452
0.599511
0.847338
0.158523
0.952556
0.663936
0.877101
0.117569
0.757527
0.493495
0.228911
0.509994
0.145322
0.0840889
0.501285
0.970093
0.132227
0.968153
0.799162
0.978504
0.916251
0.529122
0.971668
0.264299
0.508324
0.48643
0.496718
0.322425
0.694638
0.276792
0.464211
0.690567
0.20116
0.538625
0.384692
0.796026
0.161871
0.665963
0.316941
0.335834
0.496205
0.613364
0.295386
0.0471949
0.800776
0.19967
0.437974
0.383851
0.539918
0.394711
0.43135
0.160168
0.220123
0.0271489
0.532484
0.716409
0.00314448
0.376322
0.223804
0.927489
0.364579
0.882558
0.103385
0.023476
0.0272269
0.160053
0.643784
0.786483
0.358532
0.452428
0.384988
0.897107
0.941879
0.221064
0.780332
0.45317
0.521616
0.948933
0.170153
0.68772
0.359971
0.0783919
0.296301
0.752839
0.784809
0.713235
0.0987228
0.423058
0.91445
0.423479
0.120291
0.273343
0.664207
0.834949
0.366877
0.942142
0.156456
0.816154
0.699504
0.643949
0.570955
0.00125021
0.849033
0.753397
0.108463
0.890811
0.357079
0.150591
0.790381
0.5336
0.306903
0.414518
0.73228
0.37891
0.331937
0.164852
0.376288
0.589347
0.343622
0.272556
0.250682
0.856701
0.532726
0.65441
0.263865
0.895545
0.967375
0.437514
0.877302
0.855866
0.165141
0.0184897
0.401168
0.342972
0.751241
0.127957
0.960332
0.203332
0.518123
0.698442
0.772351
0.66415
0.293054
0.964143
0.36294
0.181176
0.592624
0.488172
0.246213
0.942736
0.485832
0.912828
0.132181
0.308889
0.416052
0.405376
0.965959
0.185705
0.756597
0.947422
0.568697
0.0791989
0.0615547
0.629876
0.200154
0.75203
0.328319
0.45971
0.459615
0.334366
0.693235
0.627151
0.11643
0.0570143
0.431622
0.932198
0.106777
0.0215576
0.681619
0.734533
0.242597
0.881677
0.593712
0.588452
0.414261
0.0783544
0.727415
0.854159
0.343735
0.873739
0.822174
0.19201
0.661103
0.0849923
0.642457
0.562418
0.911144
0.826696
0.357485
0.764402
0.734211
0.0803086
0.50857
0.304807
0.597675
0.505493
0.169023
0.809577
0.65241
0.536554
0.89041
0.054617
0.290995
0.57245
0.501362
0.72893
0.472028
0.928327
0.955823
0.670499
0.512824
0.801838
0.222816
0.884659
0.718208
0.825709
0.111116
0.562778
0.874265
0.817186
0.0691113
0.546748
0.987206
0.789024
0.236375
0.390112
0.127884
0.104716
0.331665
0.745221
0.412248
0.857116
0.59087
0.678176
0.535104
0.0923085
0.391083
0.447199
0.058708
0.716922
0.2985
0.995927
0.0845759
0.0152098
0.19968
0.807167
0.470187
0.312515
0.285839
0.980255
0.758296
0.130439
0.627206
0.457438
0.6763
0.707187
0.173622
0.504633
0.531882
0.536159
0.41575
0.55595
0.675618
0.511543
0.564917
0.0942141
0.47012
0.168018
0.721046
0.98215
0.918919
0.406341
0.746485
0.438962
0.848423
0.445405
0.71619
0.656884
0.0673
0.613571
0.236159
0.532815
0.182686
0.984019
0.692138
0.290447
0.670496
0.574049
0.817599
0.250453
0.233696
0.26953
0.214309
0.971687
0.943982
0.892185
0.0338804
0.300095
0.342851
0.214153
0.984142
0.306272
0.703487
0.452302
0.940975
0.379123
0.889984
0.244273
0.0962708
0.213496
0.462795
0.810409
0.640792
0.55855
0.679713
0.326517
0.453995
0.665409
0.323922
0.368929
0.694256
0.389652
0.427662
0.221869
0.752488
0.774913
0.435776
0.0714493
0.664482
0.431255
0.928291
0.746445
0.359858
0.376459
0.153394
0.664153
0.178855
0.882598
0.0121594
0.0575887
0.76975
0.0462774
0.876322
0.768801
0.097644
0.445557
0.58065
0.606891
0.206605
0.153542
0.505913
0.483775
0.122946
0.299913
0.136112
0.0524972
0.384324
0.739597
0.655878
0.958185
0.505262
0.635896
0.346017
0.246113
0.951219
0.165395
0.527489
0.996965
0.909318
0.65182
0.131448
0.724378
0.63332
0.797523
0.748181
0.034212
0.502791
0.375879
0.893228
0.182856
0.115821
0.402352
0.681242
0.750388
0.717709
0.732913
0.315496
0.670507
0.114069
0.94921
0.478182
0.595364
0.600479
0.396263
0.084978
0.261505
0.265062
0.50389
0.212931
0.35402
0.194789
0.509403
0.688792
0.452654
0.965958
0.761848
0.0133597
0.901682
0.513946
0.627113
0.720144
0.0246376
0.669805
0.761516
0.126657
0.684136
0.708735
0.725485
0.832527
0.600358
0.97562
0.905515
0.0607502
0.752801
0.504867
0.180673
0.0211457
0.972435
0.064957
0.685387
0.915244
0.732871
0.839285
0.800935
0.106101
0.714974
0.976811
0.0911146
0.829691
0.279805
0.0491112
0.544221
0.794897
0.540931
0.209677
0.299924
0.595379
0.67733
0.596771
0.315075
0.880238
0.968187
0.920503
0.352224
0.125387
0.241093
0.482372
0.917932
0.277608
0.633848
0.590686
0.434985
0.831961
0.117634
0.466665
0.327314
0.19807
0.808732
0.840797
0.746997
0.790546
0.931257
0.80012
0.726183
0.628289
0.0279724
0.389147
0.162354
0.294792
0.66964
0.880292
0.0696844
0.133639
0.554932
0.898312
0.0110627
0.493846
0.455612
0.853321
0.645872
0.307548
0.0577006
0.123995
0.941574
0.870666
0.421256
0.0373104
0.778105
0.321381
0.630721
0.708436
0.889407
0.432397
0.963341
0.546627
0.686077
0.510319
0.0606558
0.321237
0.33995
0.569587
0.221773
0.515893
0.895425
0.22021
0.446691
0.486933
0.809713
0.996452
0.416678
0.0540011
0.89288
0.905732
0.124482
0.210983
0.539137
0.507961
0.550597
0.0187576
0.756178
0.440746
0.350132
0.88387
0.959867
0.580104
0.511989
0.314867
0.324264
0.0721389
0.434485
0.593759
0.345503
0.497011
0.410439
0.278115
0.843515
0.0508434
0.732751
0.950452
0.324178
0.865683
0.317968
0.242463
0.236446
0.355658
0.184323
0.564303
0.843338
0.448505
0.515845
0.720597
0.718858
0.0556541
0.401327
0.891187
0.551032
0.399553
0.985901
0.778446
0.95116
0.606036
0.242234
0.571672
0.71584
0.555187
0.389036
0.70533
0.778813
0.324529
0.950113
0.0241504
0.330307
0.299193
0.71408
0.411948
0.913012
0.637443
0.442512
0.454596
0.876051
0.378729
0.706831
0.155957
0.918961
0.147236
0.329142
0.338878
0.917376
0.242338
0.768921
0.123215
0.650352
0.368461
0.962293
0.379013
0.587855
0.425115
0.0294779
0.267319
0.349875
0.830448
0.376875
0.930828
0.534564
0.717585
0.413375
0.489588
0.559867
0.532023
0.500454
0.0455697
0.842022
0.805646
0.0526253
0.892408
0.751338
0.916715
0.0426925
0.511986
0.595514
0.0362169
0.0932931
0.971358
0.315355
0.577954
0.161999
0.719157
0.024009
0.342633
0.484605
0.983516
0.531815
0.638042
0.351778
0.983152
0.130274
0.274166
0.729784
0.458503
0.847044
0.987244
0.873714
0.404141
0.309152
0.58897
0.801574
0.608659
0.865235
0.947244
0.323802
0.966916
0.519998
0.732963
0.646468
0.685937
0.370811
0.709007
0.550252
0.453119
0.704737
0.722382
0.187959
0.890657
0.238472
0.15859
0.038231
0.611598
0.426455
0.887758
0.557903
0.363472
0.373223
0.53671
0.0621315
0.603668
0.110736
0.183794
0.507714
0.503891
0.408332
0.632575
0.758511
0.643364
0.742188
0.365867
0.397825
0.572417
0.0892756
0.83108
0.0645668
0.590066
0.55164
0.908909
0.215296
0.293925
0.86157
0.904177
0.0759281
0.867049
0.922274
0.897107
0.671223
0.380087
0.218668
0.374471
0.583717
0.244844
0.935346
0.41936
0.650501
0.045561
0.347714
0.294267
0.308157
0.106439
0.858411
0.0264058
0.130811
0.800691
0.41663
0.95638
0.527758
0.989265
0.956058
0.574671
0.323126
0.916138
0.833356
0.26975
0.909105
0.775901
0.418987
0.822715
0.385358
0.53129
0.0444608
0.991295
0.47548
0.928476
0.681477
0.455076
0.0924613
0.97985
0.290854
0.318163
0.595617
0.909171
0.362844
0.276407
0.500001
0.544387
0.995798
0.709986
0.768661
0.707429
0.720142
0.711083
0.854455
0.293984
0.843175
0.975741
0.662341
0.410975
0.171983
0.452644
0.906262
0.521005
0.854544
0.324815
0.863251
0.521503
0.91444
0.278767
0.926232
0.860987
0.313857
0.124959
0.669154
0.783675
0.385825
0.387063
0.851672
0.449074
0.828583
0.83559
0.892595
0.751444
0.674626
0.120279
0.0295237
0.61358
0.731997
0.952489
0.626382
0.468834
0.486126
0.866306
0.817723
0.608385
0.568213
0.506953
0.864994
0.672173
0.288584
0.90585
0.0594565
0.528498
0.508242
0.487967
0.849727
0.883787
0.931471
0.150489
0.0312625
0.195924
0.636974
0.750837
0.308834
0.425672
0.627368
0.623781
0.588152
0.307472
0.325272
0.944397
0.867876
0.633137
0.55651
0.369767
0.531188
0.695429
0.735456
0.642719
0.770719
0.224598
0.43183
0.280555
0.824902
0.567656
0.777716
0.40253
0.685573
0.830196
0.810922
0.843169
0.348373
0.938789
0.0726417
0.191493
0.549308
0.473068
0.0759685
0.0276691
0.0516514
0.394293
0.97228
0.357932
0.529803
0.754378
0.361192
0.215639
0.0145996
0.671757
0.183408
0.536287
0.262944
0.32701
0.978057
0.199449
0.802492
0.457472
0.572459
0.185828
0.119375
0.260704
0.618001
0.497009
0.988205
0.143066
0.353996
0.528892
0.685064
0.515825
0.0907442
0.958893
0.446291
0.327091
0.03627
0.513323
0.805309
0.935986
0.484747
0.46985
0.844307
0.121247
0.151263
0.66457
0.817385
0.81331
0.872516
0.411224
0.116276
0.0259632
0.140265
0.676929
0.841363
0.604344
0.170253
0.567849
0.844815
0.387638
0.614336
0.511441
0.422069
0.100299
0.775808
0.261107
0.0558209
0.362384
0.204735
0.683874
0.121386
0.496511
0.653882
0.53137
0.954873
0.711451
0.848872
0.464571
0.831917
0.552036
0.36359
0.677023
0.765664
0.462302
0.616887
0.195282
0.676484
0.196548
0.566203
0.950976
0.962358
0.780872
0.771414
0.498902
0.111738
0.915425
0.855278
0.194865
0.379097
0.199557
0.633207
0.11098
0.970892
0.943316
0.643864
0.428537
0.836139
0.144608
0.166214
0.914477
0.48142
0.399169
0.519999
0.91702
0.665958
0.100062
0.928957
0.225968
0.828051
0.924523
0.810523
0.722847
0.142627
0.725367
0.771604
0.685773
0.946673
0.715044
0.245437
0.185144
0.260874
0.0785249
0.031034
0.483976
0.407129
0.468669
0.627945
0.292702
0.105454
0.5327
0.914611
0.611328
0.883386
0.322803
0.223811
0.729784
0.351715
0.375433
0.292221
0.33631
0.834725
0.930962
0.660395
0.800442
0.289809
0.980118
0.934661
0.252889
0.702014
0.227204
0.702599
0.372388
0.764357
0.578817
0.346621
0.647895
0.790105
0.214318
0.964217
0.184434
0.688455
0.877845
0.960482
0.448048
0.660161
0.177909
0.570203
0.875365
0.188963
0.520634
0.412905
0.39076
0.460862
0.841927
0.105502
0.583814
0.417639
0.285878
0.852881
0.322958
0.0473412
0.73675
0.0260574
0.00597868
0.425603
0.114312
0.110734
0.600376
0.371173
0.197762
0.544378
0.4056
0.886592
0.325269
0.370134
0.440725
0.110841
0.530543
0.139221
0.64837
0.957599
0.664252
0.795803
0.423835
0.146592
0.483062
0.829857
0.307027
0.900244
0.536329
0.066751
0.173802
0.0673758
0.821816
0.281619
0.802981
0.125425
0.380857
0.207236
0.183939
0.734556
0.758988
0.976667
0.682816
0.822622
0.16115
0.0724019
0.477761
0.364938
0.652602
0.781377
0.623469
0.0427598
0.553818
0.824507
0.524514
0.974536
0.531738
0.941745
0.77115
0.98844
0.542175
0.6945
0.471984
0.254753
0.175429
0.888765
0.704656
0.087997
0.661183
0.909388
0.733939
0.255023
0.163059
0.252856
0.66503
0.477921
0.487527
0.287241
0.665658
0.512189
0.625403
0.477548
0.333428
0.893524
0.361033
0.543945
0.184532
0.964658
0.857827
0.211436
0.516947
0.0511354
0.414097
0.33554
0.347308
0.049203
0.231118
0.211458
0.204407
0.701963
0.181707
0.328831
0.254349
0.518789
0.569651
0.24195
0.155469
0.855819
0.2731
0.537113
0.640634
0.867024
0.972269
0.571198
0.765289
0.708996
0.966007
0.628501
0.546908
0.561805
0.200946
0.674558
0.183677
0.64232
0.437662
0.671603
0.83998
0.790813
0.765948
0.548491
0.0109804
0.809323
0.814242
0.651025
0.053845
0.443493
0.298464
0.432468
0.995522
0.957431
0.624372
0.354916
0.937155
0.138424
0.273175
0.268753
0.669671
0.072724
0.167115
0.522817
0.207374
0.66537
0.953289
0.413382
0.0466986
0.462997
0.808692
0.964458
0.12791
0.407933
0.611491
0.171168
0.680576
0.498059
0.423991
0.987101
0.441568
0.787208
0.545799
0.859746
0.904952
0.785774
0.881181
0.098249
0.225756
0.64983
0.471713
0.701655
0.148043
0.200892
0.376838
0.33259
0.347566
0.61227
0.506125
0.255372
0.992961
0.533695
0.312882
0.404237
0.789008
0.0213277
0.119872
0.288329
0.902105
0.507002
0.910784
0.269797
0.834058
0.621363
0.585997
0.621767
0.359415
0.474952
0.313957
0.0664634
0.24302
0.605843
0.432007
0.435134
0.0949928
0.0594155
0.873154
0.166312
0.141568
0.655122
0.0857359
0.774931
0.523517
0.242221
0.128267
0.121529
0.0454819
0.790319
0.0782085
0.461646
0.853323
0.65343
0.801717
0.985093
0.707745
0.372467
0.70427
0.80482
0.0884566
0.0692126
0.773167
0.865024
0.35375
0.684645
0.604428
0.195489
0.648647
0.329118
0.423915
0.80943
0.709107
0.300392
0.0993041
0.350878
0.864156
0.880353
0.980479
0.434332
0.189795
0.371238
0.386625
0.200509
0.832501
0.352846
0.432289
0.337799
0.149297
0.227915
0.62177
0.77981
0.232774
0.0235715
0.589244
0.155114
0.132785
0.602211
0.720971
0.734668
0.884293
0.84776
0.275216
0.492806
0.370473
0.764941
0.804565
0.585399
0.679866
0.224707
0.211982
0.685971
0.89004
0.253121
0.845869
0.12596
0.6387
0.948569
0.788069
0.610112
0.570832
0.00568539
0.603226
0.24821
0.308266
0.70319
0.494121
0.967223
0.0515332
0.927169
0.266309
0.944179
0.643922
0.473569
0.787605
0.00824429
0.147523
0.685722
0.540117
0.545703
0.482778
0.109235
0.566439
0.347935
0.823094
0.475841
0.979603
0.0626537
0.220057
0.569972
0.294325
0.349787
0.502293
0.901519
0.491532
0.0548701
0.176584
0.409196
0.650318
0.488483
0.937002
0.899338
0.660095
0.831382
0.86278
0.353631
0.395755
0.061532
0.576575
0.734418
0.91077
0.498293
0.34164
0.254815
0.859574
0.557167
0.967442
0.928484
0.411617
0.0753334
0.971707
0.372588
0.105533
0.246376
0.886852
0.693674
0.239958
0.874929
0.7274
0.725466
0.657167
0.705079
0.00447517
0.835158
0.621681
0.294445
0.557943
0.1113
0.22235
0.535576
0.599388
0.886457
0.150578
0.99529
0.224881
0.956571
0.166786
0.664328
0.334995
0.513238
0.46094
0.661014
0.126723
0.543694
0.132415
0.418486
0.629258
0.510806
0.934778
0.612507
0.995308
0.960349
0.628413
0.244922
0.432179
0.418252
0.907664
0.126856
0.984521
0.224215
0.723312
0.857138
0.290793
0.960034
0.389796
0.611759
0.779363
0.309989
0.971905
0.813434
0.950937
0.42228
0.370103
0.653472
0.881683
0.815387
0.598302
0.501179
0.417191
0.489822
0.921581
0.531001
0.786965
0.0935952
0.10069
0.271035
0.947427
0.975537
0.721926
0.666838
0.865026
0.433141
0.260448
0.426754
0.853331
0.800342
0.89214
0.137811
0.774173
0.306009
0.200559
0.420304
0.0498531
0.284183
0.0896259
0.0414804
0.307105
0.830452
0.0108919
0.85267
0.34092
0.359856
0.394813
0.670486
0.13856
0.391976
0.317853
0.825778
0.107749
0.938661
0.412453
0.778485
0.434389
0.189082
0.0793249
0.909964
0.362297
0.878539
0.524674
0.421076
0.889002
0.381308
0.366317
0.218563
0.886182
0.397813
0.142166
0.815947
0.459314
0.259138
0.703617
0.439617
0.0258826
0.321681
0.429099
0.272461
0.160122
0.791428
0.547702
0.310451
0.895318
0.366257
0.329022
0.614757
0.196049
0.327196
0.177352
0.458331
0.800968
0.435426
0.0830302
0.581772
0.554002
0.0357686
0.164748
0.920836
0.382636
0.518605
0.31803
0.533014
0.681913
0.33125
0.205353
0.663741
0.944835
0.134696
0.306963
0.743772
0.59754
0.0522986
0.612897
0.246977
0.355439
0.0229408
0.584341
0.0876561
0.670121
0.57027
0.919817
0.271888
0.810096
0.133864
0.106842
0.800046
0.308654
0.0815611
0.975627
0.233957
0.182275
0.84113
0.246051
0.0914966
0.988785
0.456853
0.562129
0.352164
0.0531519
0.0129461
0.92979
0.442459
0.701651
0.942281
0.0165216
0.26009
0.477002
0.568107
0.75896
0.251417
0.403643
0.0773253
0.201937
0.889485
0.657967
0.634768
0.0157252
0.184592
0.0248979
0.794623
0.301395
0.486479
0.49314
0.0602589
0.714068
0.000437389
0.71789
0.460762
0.703211
0.788804
0.00866746
0.250544
0.0932064
0.784612
0.0160191
0.834665
0.0691721
0.190076
0.0771426
0.750817
0.145963
0.390151
0.459106
0.199018
0.323668
0.958291
0.157974
0.715969
0.234941
0.811178
0.784252
0.742854
0.742559
0.0863617
0.304317
0.45787
0.544277
0.42495
0.224748
0.35638
0.0878429
0.420388
0.0544995
0.9984
0.189796
0.26899
0.108976
0.950467
0.657461
0.876897
0.912224
0.0289037
0.457269
0.424967
0.487531
0.908119
0.902693
0.629243
0.865307
0.66729
0.351291
0.224182
0.171018
0.0040479
0.488702
0.480632
0.277362
0.766978
0.755408
0.299786
0.483628
0.399227
0.378661
0.507946
0.76768
0.386835
0.642585
0.30676
0.412563
0.121218
0.717996
0.522809
0.386596
0.50338
0.0709817
0.596021
0.635616
0.340578
0.228131
0.36583
0.037036
0.179458
0.118349
0.692841
0.72415
0.000300483
0.665859
0.949853
0.663976
0.0244887
0.0502295
0.422597
0.144323
0.332518
0.277867
0.969574
0.26582
0.403865
0.268229
0.780367
0.71038
0.75762
0.234633
0.427231
0.154718
0.0177869
0.560176
0.398735
0.179052
0.785186
0.309633
0.526772
0.310054
0.876267
0.0840625
0.478137
0.117348
0.711018
0.546966
0.948908
0.675819
0.276941
0.465821
0.662703
0.621549
0.0965998
0.74107
0.854473
0.677089
0.708497
0.0966962
0.385865
0.0542281
0.789559
0.185727
0.342954
0.0803201
0.818654
0.160841
0.780493
0.970109
0.376168
0.803725
0.149233
0.880941
0.495625
0.155768
0.680437
0.61572
0.606815
0.771076
0.273396
0.975153
0.453366
0.429676
0.499226
0.0577295
0.442733
0.236332
0.198818
0.511877
0.639211
0.13692
0.263611
0.71837
0.500848
0.161426
0.362762
0.120705
0.719311
0.272571
0.679102
0.676822
0.261148
0.48288
0.482485
0.406589
0.869108
0.874848
0.364716
0.58476
0.805452
0.747229
0.203356
0.184201
0.246265
0.873112
0.432894
0.296065
0.4341
0.587532
0.714949
0.178084
0.889814
0.354457
0.901393
0.573341
0.451455
0.478738
0.736684
0.586126
0.726697
0.39233
0.886157
0.96027
0.578016
0.324737
0.0422451
0.396559
0.730179
0.606972
0.71899
0.250996
0.053338
0.759055
0.785932
0.0846336
0.766152
0.779851
0.7917
0.814479
0.592059
0.499513
0.580303
0.124657
0.790981
0.267547
0.780362
0.866618
0.807843
0.341293
0.216711
0.106308
0.803434
0.512211
0.447347
0.584738
0.3125
0.204104
0.637744
0.485488
0.102658
0.0633726
0.722098
0.242368
0.70192
0.546985
0.769254
0.729116
0.560781
0.268749
0.346336
0.764051
0.560404
0.11503
0.594709
0.416514
0.42842
0.124759
0.340499
0.363346
0.603871
0.673931
0.215095
0.150703
0.123175
0.257435
0.0348125
0.850182
0.727522
0.412929
0.146059
0.547684
0.807428
0.363309
0.473296
0.448754
0.712281
0.808148
0.221375
0.298862
0.980309
0.704161
0.40064
0.376934
0.331996
0.7333
0.542461
0.552835
0.137802
0.684378
0.287873
0.920037
0.123717
0.756873
0.443668
0.888166
0.8493
0.649569
0.973201
0.863969
0.473305
0.906712
0.325266
0.636844
0.935706
0.404066
0.885736
0.61703
0.090247
0.71962
0.126661
0.853198
0.0508852
0.361839
0.87328
0.515258
0.587033
0.700768
0.862981
0.209788
0.385268
0.800691
0.496231
0.0991885
0.395446
0.897737
0.152473
0.763562
0.977882
0.156375
0.905332
0.354621
0.691328
0.0725773
0.357312
0.858594
0.449682
0.104947
0.516182
0.421291
0.781769
0.915305
0.677432
0.591661
0.50176
0.8614
0.367586
0.588253
0.0590624
0.737914
0.395384
0.216761
0.162589
0.59619
0.137636
0.00985512
0.825038
0.186945
0.0793978
0.0909661
0.754511
0.92477
0.108547
0.628742
0.826441
0.0885867
0.0195943
0.899347
0.482896
0.814296
0.927432
0.138299
0.142489
0.87372
0.30971
0.171092
0.841106
0.46708
0.535393
0.98625
0.111492
0.637098
0.131153
0.902545
0.919284
0.555231
0.3268
0.913069
0.43397
0.783338
0.232025
0.247337
0.0611664
0.534627
0.487156
0.79998
0.677186
0.697624
0.355835
0.555573
0.531014
0.384206
0.751251
0.679833
0.591095
0.0717229
0.150225
0.321385
0.873153
0.789856
0.673415
0.400202
0.953753
0.852408
0.389019
0.680484
0.467278
0.15084
0.240406
0.218214
0.582013
0.323198
0.0265022
0.603086
0.546332
0.605611
0.48694
0.996792
0.310086
0.271505
0.205153
0.860582
0.128385
0.817595
0.859578
0.497394
0.872408
0.710579
0.629654
0.6315
0.921663
0.983462
0.669526
0.147308
0.0334102
0.214195
0.334714
0.558366
0.398032
0.0486615
0.500736
0.444558
0.308007
0.859666
0.539685
0.354328
0.0857919
0.406631
0.46435
0.222366
0.0695265
0.723006
0.213383
0.297015
0.576003
0.761472
0.821261
0.486
0.469918
0.500509
0.757932
0.293393
0.814081
0.702899
0.00518753
0.157699
0.659034
0.858157
0.393497
0.692006
0.981078
0.918559
0.515408
0.633685
0.380169
0.0907768
0.23153
0.0840969
0.987838
0.461886
0.765912
0.747291
0.470032
0.44824
0.803786
0.599512
0.426883
0.312192
0.309687
0.718958
0.687239
0.5533
0.879111
0.0646393
0.891303
0.625345
0.0604344
0.981685
0.895115
0.303067
0.543197
0.348116
0.365162
0.513119
0.801679
0.476633
0.990537
0.373118
0.847064
0.0340337
0.776624
0.332506
0.260271
0.649372
0.96625
0.584177
0.866829
0.5219
0.4122
0.539978
0.286842
0.680183
0.406962
0.134729
0.581937
0.123756
0.941924
0.322997
0.721008
0.83036
0.0625928
0.237211
0.606775
0.829403
0.688172
0.047465
0.68414
0.898084
0.0578013
0.0974782
0.397986
0.894307
0.670603
0.824436
0.868541
0.6304
0.572471
0.458006
0.442414
0.0856052
0.029185
0.807198
0.674512
0.278755
0.192916
0.393832
0.632389
0.226149
0.039838
0.0891181
0.323416
0.606973
0.428086
0.898608
0.524721
0.830478
0.517509
0.396294
0.206392
0.721466
0.365306
0.554459
0.639404
0.753737
0.451074
0.020777
0.196556
0.259583
0.516319
0.248657
0.637145
0.693328
0.760637
0.261055
0.195353
0.840167
0.212767
0.720412
0.597715
0.150195
0.573005
0.401682
0.33943
0.549351
0.855896
0.45375
0.354616
0.414433
0.321705
0.908034
0.949823
0.705127
0.0927118
0.809127
0.27091
0.686818
0.913362
0.0937241
0.296964
0.770117
0.518973
0.617104
0.11918
0.560546
0.956474
0.727426
0.923324
0.0533147
0.725329
0.0822179
0.723739
0.0460131
0.585463
0.301187
0.414614
0.958604
0.19847
0.493991
0.0894395
0.84081
0.644451
0.00757748
0.958096
0.223987
0.229781
0.77808
0.992296
0.546847
0.102572
0.0561592
0.226458
0.309543
0.812212
0.8559
0.144305
0.213037
0.0266828
0.336916
0.676327
0.955312
0.0500189
0.711659
0.231649
0.160009
0.743779
0.971007
0.370248
0.655211
0.681565
0.126673
0.967532
0.242464
0.532757
0.831442
0.682295
0.517143
0.40977
0.145103
0.245447
0.698868
0.418337
0.152318
0.813383
0.0960701
0.873282
0.515467
0.163709
0.745842
0.430237
0.157694
0.085008
0.863948
0.777137
0.267016
0.28465
0.606987
0.0473227
0.835552
0.968805
0.750099
0.924233
0.107002
0.909173
0.819581
0.643611
0.998836
0.214788
0.990736
0.0225317
0.395219
0.563025
0.563885
0.469445
0.443562
0.201572
0.196177
0.852231
0.691139
0.378856
0.19025
0.255625
0.296934
0.895806
0.99096
0.0839944
0.347041
0.088489
0.630638
0.251839
0.425897
0.509122
0.278465
0.538284
0.802519
0.122272
0.75047
0.479909
0.998873
0.467013
0.541109
0.0882687
0.969897
0.622368
0.449769
0.91004
0.906431
0.126485
0.257116
0.603376
0.18814
0.265717
0.173815
0.508511
0.626585
0.414564
0.0938886
0.349815
0.529131
0.992406
0.105609
0.630544
0.604035
0.774605
0.468811
0.146116
0.217221
0.871435
0.942321
0.107124
0.50318
0.30481
0.775986
0.72762
0.268043
0.768497
0.841389
0.402734
0.940376
0.01557
0.614082
0.158757
0.381189
0.42477
0.681174
0.386247
0.253976
0.768899
0.18214
0.998522
0.321244
0.120657
0.777145
0.962255
0.392393
0.675611
0.296859
0.229252
0.840676
0.389843
0.622379
0.815036
0.957021
0.495669
0.843765
0.544223
0.601901
0.443624
0.681931
0.672829
0.9189
0.613
0.232763
0.143404
0.173156
0.752996
0.0754557
0.0739747
0.254969
0.154131
0.190445
0.647049
0.788235
0.00824142
0.983649
0.0078539
0.81152
0.108752
0.919952
0.0292129
0.60731
0.721582
0.0780761
0.724386
0.916474
0.697822
0.887139
0.602332
0.976875
0.808546
0.967741
0.440782
0.700025
0.60918
0.39323
0.132993
0.649266
0.55788
0.295924
0.0491302
0.707802
0.12699
0.898756
0.055555
0.26402
0.0778893
0.93176
0.00733032
0.127142
0.999144
0.322914
0.021409
0.182991
0.224222
0.955768
0.131934
0.34974
0.920668
0.395699
0.877898
0.599994
0.523797
0.0924406
0.95632
0.53769
0.811033
0.542094
0.699663
0.986274
0.0901307
0.949381
0.0486593
0.949645
0.193112
0.201633
0.338184
0.0231823
0.364416
0.488462
0.176567
0.830928
0.0249424
0.667334
0.727743
0.0575342
0.607153
0.00883545
0.651076
0.441432
0.610481
0.15296
0.145852
0.975867
0.729807
0.0206073
0.322209
0.369825
0.203027
0.491666
0.150886
0.844434
0.52984
0.597148
0.313581
0.342638
0.459078
0.0661694
0.294783
0.689273
0.146156
0.9786
0.990193
0.146376
0.421966
0.691343
0.602278
0.905658
0.164265
0.345835
0.474934
0.348738
0.577056
0.56085
0.961406
0.484255
0.474723
0.558883
0.699392
0.900073
0.282247
0.702969
0.622674
0.286727
0.908545
0.784926
0.936511
0.891749
0.335918
0.619101
0.46553
0.121341
0.936179
0.528669
0.912121
0.238373
0.323023
0.642091
0.390034
0.0527656
0.788909
0.667783
0.61717
0.0814307
0.266838
0.601494
0.954097
0.234934
0.177794
0.398759
0.425414
0.601451
0.091545
0.952334
0.187562
0.972805
0.360724
0.977246
0.140846
0.252859
0.18347
0.411527
0.488473
0.793632
0.575153
0.475707
0.53806
0.0401738
0.461548
0.717456
0.597373
0.971044
0.662558
0.151639
0.129695
0.910227
0.919821
0.138694
0.0493241
0.257313
0.941199
0.397779
0.383958
0.763093
0.159314
0.848382
0.334966
0.633374
0.0312312
0.629981
0.778259
0.440112
0.108657
0.0834373
0.624822
0.314114
0.84946
0.0805894
0.759613
0.693574
0.703863
0.1621
0.32769
0.752105
0.115662
0.867498
0.552568
0.871504
0.975112
0.618629
0.275383
0.0122448
0.955379
0.695019
0.151393
0.634488
0.204357
0.936055
0.22744
0.151101
0.986461
0.96215
0.860445
0.432242
0.47935
0.814827
0.420264
0.0062016
0.0846466
0.45323
0.962693
0.29377
0.332965
0.720626
0.14376
0.756308
0.825097
0.67324
0.211668
0.996928
0.871917
0.806598
0.497581
0.52867
0.22591
0.522807
0.225759
0.322639
0.2159
0.478137
0.498401
0.833516
0.346034
0.0436916
0.804295
0.680996
0.823886
0.132544
0.0553622
0.839518
0.789196
0.989123
0.0283833
0.755971
0.16501
0.306988
0.363936
0.426262
0.911934
0.763025
0.661571
0.845344
0.0621007
0.00669976
0.0672991
0.0797223
0.892788
0.299391
0.116922
0.149209
0.759699
0.407083
0.627789
0.0760948
0.708175
0.897093
0.253273
0.900364
0.161242
0.898326
0.689731
0.968659
0.408226
0.923152
0.327626
0.0539339
0.633029
0.196258
0.0259506
0.580641
0.509934
0.636414
0.81561
0.791716
0.417551
0.279136
0.657654
0.522128
0.0408612
0.677241
0.272854
0.365029
0.807321
0.950363
0.387503
0.975756
0.0994887
0.922638
0.00378442
0.818431
0.873722
0.778633
0.905755
0.352489
0.869232
0.611621
0.999552
0.277499
0.294403
0.866888
0.332022
0.209272
0.462375
0.591313
0.0105212
0.0997903
0.722084
0.0503918
0.32585
0.296031
0.921328
0.701264
0.100576
0.257012
0.215864
0.326189
0.352184
0.844906
0.108587
0.139179
0.20593
0.0459807
0.573156
0.848887
0.317975
0.0182189
0.42006
0.687051
0.146975
0.244177
0.201349
0.265472
0.632428
0.300695
0.380894
0.60024
0.226737
0.553231
0.323972
0.715794
0.174724
0.90214
0.0602705
0.80082
0.00975312
0.0716347
0.353747
0.404974
0.43717
0.187296
0.0536313
0.92998
0.602348
0.950669
0.542333
0.96703
0.161851
0.000408161
0.862164
0.319557
0.195163
0.999362
0.210407
0.272576
0.948422
0.0154919
0.887162
0.65409
0.954638
0.382762
0.600172
0.252954
0.600511
0.203126
0.683679
0.151722
0.330314
0.773901
0.342534
0.0632272
0.729304
0.59788
0.0428159
0.792758
0.797492
0.920373
0.56224
0.136554
0.336179
0.574452
0.216514
0.751942
0.682882
0.521115
0.638823
0.947238
0.0258806
0.358958
0.459612
0.258553
0.343806
0.899733
0.857795
0.579518
0.0331745
0.272677
0.753969
0.778808
0.684031
0.846519
0.64589
0.751747
0.686224
0.019813
0.237009
0.328568
0.351043
0.025446
0.388437
0.190632
0.422469
0.309642
0.635185
0.171314
0.105098
0.303279
0.316111
0.0357541
0.260767
0.333106
0.967157
0.429574
0.728695
0.191518
0.236023
0.586506
0.639007
0.427934
0.641483
0.888875
0.654913
0.380413
0.30403
0.296674
0.886429
0.150363
0.904947
0.515689
0.336921
0.0494591
0.83967
0.919364
0.940773
0.302364
0.362952
0.307883
0.395765
0.154217
0.163446
0.852952
0.769747
0.491385
0.999157
0.407588
0.734951
0.896534
0.496156
0.575786
0.736351
0.838186
0.646851
0.448586
0.29289
0.0897684
0.719475
0.887216
0.641993
0.525442
0.188134
0.255373
0.549686
0.327011
0.161806
0.911789
0.836503
0.673006
0.460212
0.0535686
0.0468123
0.259344
0.152789
0.645874
0.191033
0.779191
0.225398
0.458585
0.260436
0.76602
0.834907
0.302078
0.405612
0.932164
0.201369
0.768569
0.629277
0.24794
0.387768
0.256167
0.89666
0.397853
0.870882
0.105838
0.661077
0.484471
0.107237
0.660863
0.0686232
0.718599
0.54924
0.984246
0.0596393
0.466955
0.0434242
0.966702
0.434133
0.106433
0.580652
0.0562575
0.890725
0.274655
0.472942
0.716299
0.549407
0.20306
0.491827
0.664224
0.116878
0.220608
0.43881
0.690675
0.453463
0.93252
0.772935
0.0102078
0.926492
0.103036
0.409148
0.0674065
0.726595
0.944619
0.671218
0.462864
0.154625
0.0775121
0.457431
0.399898
0.894198
0.540699
0.257075
0.499716
0.229488
0.166902
0.317505
0.603471
0.471786
0.775889
0.821134
0.281149
0.657494
0.122041
0.757274
0.0220249
0.461853
0.248502
0.722145
0.851288
0.0633113
0.667713
0.676213
0.0371065
0.456354
0.121318
0.449668
0.902531
0.0166617
0.9116
0.308635
0.850961
0.0673293
0.2443
0.346136
0.445861
0.12633
0.523167
0.84423
0.671424
0.928287
0.446629
0.188428
0.408936
0.10971
0.137119
0.113188
0.796159
0.921988
0.439971
0.353433
0.751453
0.481417
0.56686
0.186744
0.406038
0.371245
0.0987607
0.929088
0.752822
0.0901835
0.345141
0.264268
0.479698
0.493694
0.920759
0.164688
0.838922
0.766712
0.538311
0.144091
0.601295
0.900762
0.232208
0.602938
0.692607
0.0322935
0.323163
0.595879
0.556521
0.2596
0.244138
0.331197
0.883462
0.460793
0.0481239
0.62647
0.935752
0.632523
0.713815
0.0354937
0.458125
0.289177
0.965258
0.418321
0.0462441
0.619538
0.463113
0.226426
0.954607
0.605101
0.825419
0.150346
0.594477
0.756067
0.123246
0.988025
0.0685506
0.198986
0.228648
0.317257
0.509201
0.38584
0.952749
0.332116
0.664658
0.806118
0.0776924
0.0789304
0.057771
0.371015
0.627968
0.833227
0.383578
0.5107
0.274575
0.393865
0.794238
0.100268
0.154818
0.0530403
0.441637
0.985401
0.09859
0.817388
0.628399
0.489915
0.462918
0.538645
0.364224
0.683014
0.934344
0.490558
0.578221
0.293881
0.64995
0.894183
0.790374
0.0113772
0.63498
0.0613855
0.411624
0.934336
0.0354858
0.779275
0.695677
0.000224209
0.487452
0.245264
0.600356
0.636851
0.688679
0.363873
0.646244
0.584491
0.00735883
0.104367
0.844263
0.15072
0.113663
0.51962
0.416498
0.688089
0.711661
0.963358
0.40699
0.529846
0.707692
0.887821
0.997928
0.426824
0.336981
0.179088
0.377805
0.714502
0.621314
0.299805
0.684011
0.259732
0.04375
0.220709
0.613647
0.258728
0.337964
0.462143
0.319828
0.367476
0.415097
0.962405
0.593639
0.448251
0.27344
0.756441
0.400288
0.362836
0.414842
0.541967
0.734387
0.979073
0.740626
0.976817
0.141793
0.215635
0.768777
0.938619
0.830955
0.235567
0.550486
0.620743
0.96161
0.955933
0.202597
0.292543
0.573559
0.504591
0.0406502
0.221133
0.290436
0.0389809
0.639736
0.355139
0.559469
0.211493
0.961561
0.565008
0.639574
0.00715694
0.496863
0.318506
0.671352
0.123908
0.0134692
0.531986
0.430337
0.681936
0.980707
0.337225
0.383124
0.746646
0.718821
0.984108
0.436302
0.554472
0.902354
0.116443
0.0770874
0.842634
0.322958
0.466116
0.712689
0.452791
0.312839
0.0217249
0.00558437
0.0669537
0.0458069
0.501218
0.244031
0.362475
0.860384
0.924489
0.943147
0.0115312
0.929649
0.276271
0.0940625
0.816746
0.637373
0.571246
0.000785996
0.29857
0.879559
0.439419
0.229289
0.731568
0.164205
0.565655
0.655372
0.0409612
0.165846
0.147432
0.713365
0.861988
0.478664
0.488003
0.516798
0.355013
0.196823
0.320337
0.784707
0.0612899
0.600779
0.75494
0.770446
0.237708
0.694928
0.327655
0.92708
0.50735
0.245879
0.10202
0.776708
0.897145
0.521304
0.443606
0.698452
0.958045
0.618924
0.04073
0.779311
0.597367
0.468844
0.236836
0.477898
0.752715
0.345712
0.905169
0.653525
0.526171
0.58255
0.594219
0.640665
0.129226
0.281599
0.850716
0.188381
0.316728
0.776266
0.530813
0.358724
0.904914
0.0637965
0.771967
0.247129
0.860338
0.336398
0.918752
0.37057
0.920388
0.370083
0.209627
0.601844
0.225216
0.312975
0.240784
0.145785
0.375642
0.627658
0.772475
0.480745
0.0521373
0.882047
0.373132
0.429522
0.206545
0.709746
0.535025
0.776877
0.144508
0.265593
0.517228
0.392309
0.130876
0.109111
0.118039
0.946885
0.327314
0.0376076
0.398188
0.984325
0.24638
0.00497239
0.670044
0.267659
0.565879
0.759093
0.168664
0.944238
0.434962
0.0522891
0.40266
0.863054
0.0501919
0.0490307
0.308576
0.441994
0.418568
0.454994
0.1911
0.0412387
0.628455
0.796339
0.559835
0.705867
0.228367
0.0739658
0.398401
0.315619
0.252222
0.131501
0.551004
0.316515
0.303889
0.658682
0.408438
0.490179
0.102106
0.0949598
0.242402
0.706991
0.808296
0.727004
0.0421979
0.106635
0.999742
0.831658
0.858027
0.236371
0.992837
0.38599
0.654279
0.861111
0.412065
0.563301
0.511723
0.262728
0.826463
0.44937
0.388389
0.788208
0.35842
0.0654117
0.241552
0.559615
0.098697
0.563233
0.133428
0.74884
0.61536
0.742871
0.165281
0.185049
0.93348
0.266689
0.870838
0.620443
0.0709167
0.842939
0.731347
0.575666
0.0122566
0.801911
0.958022
0.77682
0.33516
0.738774
0.992104
0.194893
0.186318
0.450693
0.0291688
0.322863
0.326985
0.571544
0.407732
0.666956
0.428835
0.944428
0.486794
0.743654
0.160982
0.29976
0.730207
0.748131
0.963074
0.0618482
0.83107
0.609417
0.374604
0.828054
0.283813
0.0927785
0.587566
0.750556
0.249357
0.392552
0.567293
0.973106
0.927109
0.796668
0.202986
0.546777
0.2274
0.68358
0.862332
0.503939
0.479833
0.105424
0.834415
0.676917
0.0753448
0.209523
0.729834
0.171447
0.299794
0.878968
0.785542
0.491414
0.0723859
0.474553
0.611895
0.493205
0.826244
0.0493015
0.302738
0.00817087
0.827534
0.919839
0.946979
0.3149
0.785546
0.642513
0.649683
0.135569
0.902015
0.820181
0.238079
0.146404
0.797801
0.905025
0.673968
0.348489
0.870641
0.570126
0.215502
0.247412
0.0389562
0.366396
0.65788
0.732769
0.0808761
0.167077
0.859321
0.89952
0.892586
0.270904
0.613101
0.815827
0.750941
0.216843
0.481237
0.933375
0.607724
0.355166
0.970316
0.301536
0.226507
0.467713
0.699254
0.0898681
0.0313679
0.519022
0.882047
0.105482
0.760346
0.845942
0.0897547
0.320856
0.167253
0.847441
0.484674
0.700075
0.50596
0.29379
0.628325
0.635451
0.768463
0.639726
0.695237
0.163123
0.963779
0.661781
0.235516
0.213519
0.97979
0.732253
0.471757
0.653162
0.223368
0.959164
0.256856
0.994226
0.843261
0.584664
0.776096
0.279547
0.247772
0.0760301
0.632241
0.655586
0.282134
0.395725
0.606569
0.0884196
0.372117
0.356089
0.401892
0.468301
0.140463
0.36086
0.121108
0.426507
0.166732
0.320988
0.255264
0.258439
0.525496
0.73489
0.103627
0.745557
0.592624
0.256117
0.0713397
0.617788
0.0729138
0.129113
0.801128
0.483914
0.0550295
0.666783
0.0538637
0.798107
0.621523
0.42149
0.143159
0.619456
0.831902
0.109756
0.75063
0.21451
0.691042
0.646407
0.200012
0.540147
0.463328
0.613377
0.189511
0.778633
0.312764
0.0759591
0.611002
0.258461
0.711896
0.938614
0.724694
0.54211
0.898957
0.741328
0.486692
0.578137
0.896811
0.0447105
0.127641
0.108806
0.475015
0.84648
0.730708
0.623827
0.99968
0.866165
0.0618292
0.177114
0.752996
0.00601268
0.74846
0.709497
0.310462
0.972411
0.59659
0.448623
0.805859
0.429598
0.218553
0.355182
0.595623
0.631222
0.228226
0.0184111
0.671026
0.568729
0.0819503
0.955856
0.821289
0.0566944
0.958929
0.69057
0.235262
0.512067
0.950884
0.970568
0.77206
0.0498464
0.520956
0.576779
0.738153
0.829056
0.651921
0.397174
0.376636
0.0565599
0.400878
0.206968
0.804523
0.177932
0.381374
0.263951
0.019667
0.583354
0.232406
0.661198
0.0373965
0.162098
0.531949
0.610186
0.543449
0.0700504
0.097116
0.793298
0.294641
0.194488
0.185171
0.183967
0.784071
0.522979
0.768699
0.423602
0.803905
0.93669
0.487981
0.364477
0.4199
0.389491
0.663041
0.968136
0.750795
0.593196
0.978178
0.554487
0.755556
0.269541
0.850364
0.60985
0.498119
0.439435
0.188652
0.872607
0.0929919
0.761071
0.00472664
0.0772016
0.128766
0.938049
0.769388
0.546711
0.798601
0.564513
0.902077
0.843568
0.833722
0.198783
0.646764
0.0735018
0.895927
0.697071
0.201221
0.630236
0.0189415
0.808551
0.0167059
0.846119
0.160226
0.712568
0.371874
0.569406
0.955181
0.624618
0.0627612
0.205801
0.0719825
0.018303
0.538917
0.901273
0.824824
0.436847
0.0964821
0.406813
0.3842
0.643941
0.56329
0.194428
0.617281
0.323093
0.873312
0.75705
0.752059
0.540619
0.539114
0.0783207
0.345273
0.693639
0.27469
0.143385
0.616098
0.547723
0.0983741
0.689295
0.311157
0.914853
0.77951
0.537806
0.402242
0.805398
0.168804
0.742506
0.285577
0.244069
0.262482
0.366229
0.899091
0.848973
0.511741
0.106667
0.597546
0.561055
0.00856577
0.517907
0.2654
0.468041
0.219315
0.897129
0.199225
0.660386
0.2181
0.659992
0.275306
0.429994
0.985953
0.098248
0.770165
0.970088
0.116974
0.692504
0.628838
0.33122
0.6371
0.628919
0.235425
0.672649
0.277286
0.928071
0.70954
0.475194
0.411152
0.764715
0.302781
0.944842
0.491291
0.679662
0.32318
0.385046
0.524811
0.152919
0.517635
0.437963
0.746731
0.959863
0.441818
0.969402
0.500143
0.212697
0.509047
0.0479274
0.743396
0.00578126
0.564097
0.248332
0.439926
0.812817
0.839036
0.970591
0.547061
0.269746
0.0128398
0.500773
0.2467
0.434995
0.0120277
0.608512
0.273785
0.908675
0.857943
0.428508
0.218209
0.538659
0.684917
0.723052
0.371545
0.669237
0.194843
0.263577
0.615617
0.666451
0.542481
0.392035
0.914552
0.273261
0.0847955
0.160988
0.03302
0.762395
0.658191
0.0621667
0.117271
0.789488
0.423373
0.367694
0.771118
0.800498
0.403401
0.384311
0.238203
0.330135
0.511144
0.934347
0.350725
0.956506
0.363871
0.50477
0.234084
0.755836
0.792943
0.0777957
0.928766
0.795778
0.581647
0.0696146
0.646938
0.17663
0.175441
0.440876
0.206667
0.819915
0.775007
0.461763
0.918841
0.7617
0.546909
0.212815
0.557397
0.117336
0.952256
0.762017
0.428051
0.515304
0.27379
0.00360733
0.819698
0.801325
0.722623
0.0332663
0.64509
0.564815
0.0044268
0.991879
0.933658
0.751605
0.712284
0.514586
0.034859
0.757321
0.235562
0.483527
0.25857
0.0131877
0.653047
0.397703
0.421693
0.204539
0.793551
0.709411
0.0758973
0.870766
0.417148
0.0333453
0.388666
0.906804
0.519547
0.607442
0.709944
0.391261
0.292741
0.988986
0.894988
0.116598
0.892288
0.634006
0.947882
0.432304
0.432264
0.889054
0.884531
0.49614
0.314346
0.34004
0.494403
0.148674
0.0373453
0.890044
0.0871795
0.187232
0.667404
0.310348
0.85973
0.726768
0.0551856
0.737521
0.694332
0.904357
0.920175
0.316622
0.466509
0.137581
0.0940957
0.539152
0.137026
0.33775
0.351589
0.502063
0.674529
0.0181708
0.739786
0.721581
0.247062
0.946875
0.116136
0.134668
0.149802
0.933181
0.158324
0.117949
0.36541
0.831877
0.955176
0.834361
0.0839195
0.610571
0.202161
0.588462
0.925002
0.403616
0.938068
0.73981
0.0660668
0.143712
0.866466
0.322432
0.762882
0.880593
0.505242
0.470765
0.684877
0.294903
0.654927
0.906394
0.802882
0.718142
0.693982
0.599926
0.644434
0.377995
0.615442
0.0737356
0.209279
0.312977
0.878982
0.20307
0.256051
0.83179
0.440929
0.949266
0.590213
0.544846
0.671496
0.339897
0.983761
0.406563
0.956605
0.79427
0.948422
0.499905
0.110857
0.56056
0.640131
0.65409
0.798553
0.819457
0.17677
0.56994
0.10572
0.809203
0.318419
0.751392
0.9301
0.981751
0.0566488
0.84357
0.680419
0.5058
0.295381
0.298865
0.927447
0.973195
0.979675
0.649691
0.154435
0.193112
0.938322
0.250805
0.221286
0.813731
0.441409
0.763344
0.150269
0.0919054
0.176452
0.209474
0.530639
0.256365
0.977423
0.0411783
0.785927
0.716474
0.739285
0.416218
0.51705
0.432205
0.179222
0.558676
0.292137
0.257813
0.600751
0.690693
0.477308
0.115267
0.640061
0.471551
0.999973
0.344404
0.229998
0.071139
0.0299911
0.163384
0.222154
0.374133
0.890356
0.157755
0.572819
0.615837
0.39948
0.143828
0.864608
0.731205
0.71307
0.252534
0.949652
0.685554
0.210235
0.192838
0.651442
0.128777
0.107682
0.904612
0.264894
0.076953
0.303713
0.667048
0.630855
0.0801421
0.367361
0.921145
0.815918
0.258938
0.394558
0.678564
0.00500957
0.44198
0.0948958
0.521873
0.393153
0.987602
0.657627
0.577357
0.762984
0.798813
0.908953
0.309023
0.166931
0.855348
0.277944
0.195377
0.415607
0.100304
0.01023
0.0423399
0.573924
0.260535
0.516931
0.609626
0.177484
0.0685653
0.949991
0.679658
0.729956
0.56852
0.494934
0.38649
0.0743302
0.366047
0.764581
0.184438
0.519043
0.81531
0.478388
0.352871
0.791267
0.101429
0.840627
0.623584
0.353127
0.0878763
0.990303
0.0841444
0.802314
0.156817
0.959863
0.801766
0.120833
0.875612
0.867263
0.45607
0.0432189
0.149859
0.990177
0.491871
0.930478
0.054523
0.309262
0.877779
0.0367845
0.960982
0.510113
0.91284
0.57376
0.722517
0.903614
0.785641
0.58546
0.790982
0.748291
0.314241
0.502156
0.741687
0.534395
0.698047
0.676902
0.766241
0.634679
0.539003
0.611997
0.800304
0.614655
0.0590193
0.342562
0.528636
0.335153
0.575199
0.233063
0.155231
0.760591
0.146795
0.45276
0.293995
0.00949943
0.938075
0.0954007
0.461363
0.699588
0.400206
0.889032
0.612092
0.976381
0.563788
0.177711
0.392175
0.248184
0.135324
0.827335
0.127698
0.103663
0.22543
0.547439
0.876437
0.332012
0.370581
0.786105
0.500097
0.0904055
0.336926
0.0629456
0.349885
0.704815
0.647416
0.143379
0.0227022
0.188665
0.502041
0.206695
0.835975
0.672964
0.0167717
0.482343
0.11847
0.167884
0.161533
0.353056
0.449885
0.842298
0.912601
0.762685
0.0226876
0.926609
0.572377
0.89572
0.884637
0.767812
0.177607
0.459445
0.622611
0.470818
0.4933
0.687889
0.034159
0.0912003
0.00248714
0.822764
0.613407
0.430796
0.937364
0.026187
0.181701
0.427825
0.223136
0.689194
0.308096
0.45007
0.142948
0.811912
0.940604
0.0137191
0.443373
0.554773
0.322251
0.871265
0.145859
0.944193
0.588515
0.654054
0.165885
0.650854
0.969005
0.846885
0.53182
0.530323
0.469482
0.753084
0.925929
0.898878
0.351046
0.852815
0.747293
0.226698
0.844157
0.227816
0.753805
0.403217
0.342282
0.148063
0.253332
0.810768
0.272615
0.167725
0.980698
0.679247
0.0613787
0.47541
0.0699738
0.386653
0.624722
0.899412
0.780726
0.580117
0.686097
0.991823
0.151697
0.323723
0.118339
0.0938233
0.578839
0.471381
0.893838
0.156154
0.0772616
0.32992
0.208306
0.21172
0.0400342
0.982874
0.215061
0.399122
0.0616169
0.446851
0.740098
0.144907
0.511724
0.810267
0.260374
0.17608
0.300926
0.100466
0.347402
0.5416
0.0889051
0.639438
0.514196
0.0104544
0.717786
0.693778
0.576433
0.808118
0.0378467
0.320446
0.414793
0.86038
0.643084
0.395022
0.379823
0.672679
0.0751051
0.620339
0.602012
0.681396
0.976104
0.544575
0.326385
0.643294
0.700878
0.383916
0.900254
0.0867416
0.0378623
0.259615
0.324128
0.736281
0.895979
0.742256
0.525595
0.961031
0.247756
0.565001
0.598164
0.682007
0.601488
0.302904
0.323326
0.157649
0.597101
0.577388
0.816701
0.217024
0.172464
0.663621
0.311627
0.719439
0.137735
0.49859
0.360799
0.159451
0.344426
0.0460963
0.317919
0.234836
0.383637
0.276853
0.476582
0.944961
0.336548
0.404106
0.383427
0.338826
0.58272
0.498243
0.534527
0.188406
0.924384
0.761507
0.883232
0.464292
0.584446
0.46968
0.738769
0.28207
0.13416
0.88011
0.237371
0.826854
0.431611
0.412389
0.887584
0.309986
0.753062
0.825954
0.509954
0.318561
0.812342
0.869123
0.285824
0.0947963
0.444452
0.722731
0.388083
0.791065
0.641289
0.0268654
0.0842759
0.569476
0.926445
0.144706
0.61783
0.364875
0.816825
0.56845
0.986346
0.653092
0.199204
0.0851767
0.126412
0.987019
0.9626
0.873276
0.767734
0.569056
0.0550903
0.801198
0.474921
0.440827
0.923789
0.257845
0.153872
0.0270982
0.235441
0.80508
0.056782
0.884653
0.373499
0.199638
0.306381
0.10197
0.215423
0.331249
0.63963
0.609467
0.31567
0.0775101
0.506044
0.549227
0.739741
0.935752
0.00620233
0.161529
0.916867
0.0835962
0.353953
0.275744
0.195224
0.357756
0.28594
0.0896602
0.124409
0.47041
0.523174
0.343243
0.582947
0.341464
0.831759
0.861451
0.261191
0.0360617
0.368142
0.471069
0.331865
0.69886
0.300143
0.249831
0.751436
0.425734
0.733438
0.465132
0.100842
0.576629
0.451407
0.674527
0.286052
0.727785
