0.878438
0.0335631
0.74495
0.691943
0.875249
0.241175
0.826282
0.799403
0.801944
0.0949185
0.632979
0.884346
0.294445
0.258711
0.558748
0.830152
0.740381
0.183979
0.851211
0.69344
0.0695057
0.936861
0.55277
0.532205
0.325188
0.732427
0.302165
0.211139
0.151058
0.0994287
0.180824
0.838746
0.338099
0.75136
0.903308
0.515781
0.428826
0.228828
0.377138
0.995459
0.287655
0.131516
0.511656
0.733657
0.316344
0.0633471
0.866969
0.65882
0.145436
0.649653
0.193758
0.900209
0.980279
0.539548
0.262279
0.449972
0.00491482
0.385762
0.552477
0.891674
0.261484
0.719145
0.0528072
0.774192
0.726804
0.391547
0.573125
0.379679
0.368435
0.726726
0.855052
0.664115
0.64515
0.585758
0.327098
0.233365
0.580442
0.769986
0.20766
0.744294
0.469704
0.985371
0.384275
0.984918
0.518813
0.720926
0.25876
0.964357
0.927428
0.160827
0.0739672
0.204056
0.543053
0.468772
0.284464
0.907068
0.345471
0.540499
0.0743971
0.443717
0.690998
0.0658522
0.569434
0.450138
0.0177858
0.767057
0.554658
0.0189611
0.341031
0.617549
0.143987
0.0143403
0.58073
0.620723
0.599684
0.335462
0.81557
0.391012
0.881342
0.00419582
0.817619
0.345562
0.307325
0.295484
0.2491
0.822495
0.251455
0.404689
0.65319
0.901022
0.979625
0.540174
0.0405531
0.924286
0.321518
0.0499987
0.240186
0.0734421
0.602689
0.488877
0.88412
0.2093
0.674126
0.96117
0.84308
0.593194
0.600668
0.492291
0.666773
0.384761
0.256997
0.516705
0.479868
0.963668
0.0871713
0.205147
0.18631
0.82597
0.304699
0.55683
0.890516
0.876875
0.411007
0.0655911
0.847346
0.236067
0.0565829
0.840989
0.0966004
0.183108
0.0640212
0.562767
0.877268
0.305201
0.652301
0.22349
0.0350357
0.644347
0.539466
0.996081
0.419234
0.950992
0.992671
0.199148
0.870255
0.698169
0.225537
0.600087
0.0192262
0.713248
0.523429
0.731182
0.531444
0.866212
0.306639
0.00563133
0.188736
0.911148
0.895282
0.84033
0.257831
0.208698
0.348179
0.431397
0.597494
0.377375
0.965271
0.324713
0.577955
0.150016
0.638622
0.610818
0.339964
0.025851
0.730905
0.36611
0.432957
0.123573
0.915275
0.322074
0.0181902
0.925509
0.650558
0.433479
0.747028
0.0615557
0.216831
0.754998
0.227343
0.848854
0.17905
0.290569
0.992252
0.400053
0.938849
0.988315
0.290089
0.900542
0.833175
0.665702
0.655474
0.245795
0.111628
0.953206
0.79895
0.259131
0.500605
0.0522504
0.413825
0.277843
0.273467
0.924209
0.260791
0.750382
0.629837
0.335528
0.181485
0.429575
0.975619
0.674003
0.742888
0.146156
0.366188
0.0158263
0.243835
0.847113
0.903867
0.32855
0.0888254
0.610914
0.211988
0.463004
0.811278
0.0233618
0.990229
0.429272
0.460858
0.666535
0.311548
0.39708
0.791951
0.702864
0.746142
0.574224
0.620874
0.199547
0.900244
0.0979859
0.295392
0.897983
0.777355
0.175789
0.924384
0.841429
0.193216
0.464817
0.292882
0.680523
0.232761
0.68253
0.727928
0.0916594
0.574623
0.222031
0.0885826
0.191293
0.995213
0.00335606
0.316712
0.699903
0.255304
0.313481
0.293996
0.577604
0.42613
0.528723
0.919482
0.037993
0.428783
0.110587
0.226541
0.164605
0.462724
0.345977
0.765461
0.79864
0.63631
0.25556
0.00153257
0.849506
0.674777
0.0205287
0.334658
0.76592
0.515986
0.0194358
0.319968
0.458669
0.554534
0.50802
0.667239
0.561626
0.712883
0.970753
0.916029
0.38337
0.289847
0.275426
0.778635
0.387843
0.851991
0.851769
0.233247
0.289552
0.15527
0.982657
0.831344
0.599932
0.411268
0.173642
0.0726391
0.968755
0.285492
0.82429
0.86044
0.533498
0.652713
0.962005
0.358405
0.815234
0.678505
0.241813
0.0101087
0.117036
0.528538
0.445841
0.236102
0.787803
0.555723
0.991308
0.487524
0.392949
0.794732
0.981102
0.285277
0.447766
0.880501
0.795571
0.00814249
0.0372736
0.544671
0.526212
0.233335
0.374801
0.660847
0.124466
0.490661
0.0885235
0.00389301
0.220735
0.641644
0.569392
0.560584
0.0316083
0.626087
0.644207
0.545533
0.846084
0.798742
0.876973
0.711241
0.16738
0.912932
0.770009
0.335007
0.891116
0.842129
0.201495
0.766337
0.537011
0.388871
0.10827
0.18523
0.0468152
0.456115
0.935216
0.532021
0.0262402
0.625863
0.652284
0.596288
0.506715
0.0680737
0.144476
0.878102
0.494751
0.603237
0.505146
0.324237
0.640653
0.0337856
0.0603091
0.894437
0.386842
0.131667
0.793428
0.809522
0.239141
0.474273
0.127485
0.0124299
0.408908
0.212845
0.787289
0.00818486
0.8459
0.821494
0.704285
0.765128
0.766897
0.820628
0.603994
0.0834443
0.513482
0.530523
0.540707
0.37549
0.793661
0.347294
0.51684
0.307513
0.999119
0.544757
0.503296
0.0676207
0.437008
0.173045
0.044621
0.186389
0.396097
0.155368
0.672534
0.180606
0.871041
0.767899
0.467623
0.420432
0.913115
0.303903
0.469839
0.843949
0.182226
0.379243
0.0686965
0.873448
0.0942974
0.521041
0.52198
0.537471
0.499112
0.552143
0.192739
0.412212
0.206666
0.179472
0.665093
0.604202
0.0344105
0.983711
0.242699
0.264624
0.788444
0.0360227
0.087923
0.789427
0.0628343
0.26792
0.264169
0.205233
0.32391
0.023628
0.213033
0.965562
0.113919
0.239209
0.222697
0.651842
0.942696
0.878365
0.125824
0.0694648
0.0399681
0.3512
0.749155
0.955059
0.401797
0.700404
0.51439
0.510228
0.0929612
0.601772
0.0106406
0.894388
0.0563398
0.187995
0.235327
0.0645816
0.153065
0.383573
0.180276
0.0365383
0.165307
0.0790559
0.818118
0.182077
0.847785
0.235375
0.253737
0.840877
0.245383
0.208745
0.774265
0.300872
0.78116
0.894992
0.187104
0.836056
0.868392
0.734062
0.415482
0.470735
0.641002
0.755661
0.907649
0.274807
0.365317
0.774036
0.637023
0.0478948
0.292175
0.54906
0.903768
0.706315
0.985995
0.393205
0.562605
0.289731
0.239921
0.715532
0.517069
0.0255957
0.905753
0.219978
0.268167
0.805448
0.0637574
0.19512
0.430135
0.0259798
0.6411
0.0254689
0.570061
0.32728
0.983205
0.689261
0.225658
0.32177
0.359053
0.828847
0.300761
0.596466
0.51735
0.537716
0.363131
0.508509
0.516253
0.690537
0.987804
0.734534
0.707973
0.625888
0.444784
0.427826
0.487995
0.447378
0.619421
0.863677
0.663224
0.664108
0.628841
0.0856027
0.494572
0.399972
0.265347
0.905168
0.801239
0.131539
0.179757
0.00301486
0.947034
0.133338
0.577772
0.604551
0.786764
0.86314
0.537379
0.600481
0.134384
0.145494
0.470262
0.725676
0.743334
0.346763
0.0582484
0.416663
0.473836
0.0568415
0.628
0.378387
0.330532
0.624817
0.331962
0.899974
0.789586
0.0246285
0.847487
0.577593
0.093041
0.724567
0.456532
0.495226
0.17871
0.818659
0.795605
0.324003
0.297258
0.756589
0.637411
0.398081
0.924847
0.982758
0.675958
0.473584
0.110739
0.971416
0.464756
0.667518
0.0404956
0.63411
0.710409
0.495026
0.751796
0.355455
0.567071
0.501173
0.776013
0.655946
0.758337
0.791886
0.0163526
0.727565
0.627696
0.831999
0.163919
0.982699
0.808246
0.630283
0.723629
0.242653
0.694513
0.607488
0.0127428
0.976524
0.913286
0.47996
0.609517
0.301621
0.762522
0.33226
0.243259
0.382607
0.0589716
0.592014
0.270794
0.142802
0.650133
0.919417
0.924233
0.326069
0.931157
0.42039
0.588983
0.219296
0.982189
0.980181
0.242614
0.761574
0.0402634
0.576852
0.700831
0.53018
0.489757
0.239442
0.38015
0.214869
0.573376
0.976936
0.137949
0.108698
0.599496
0.46635
0.907278
0.688493
0.0161864
0.18416
0.798007
0.890819
0.285565
0.79875
0.876187
0.189209
0.400371
0.698884
0.650816
0.134121
0.714999
0.901332
0.646751
0.147308
0.320629
0.483207
0.788722
0.959332
0.477299
0.506466
0.5812
0.757067
0.782684
0.223791
0.157504
0.586248
0.519043
0.847697
0.557957
0.256482
0.523785
0.25461
0.140555
0.0299174
0.691377
0.572541
0.529584
0.194462
0.453172
0.209434
0.477304
0.724533
0.0388698
0.628431
0.788716
0.967748
0.0130237
0.905964
0.924317
0.249272
0.966387
0.518731
0.240839
0.222926
0.453156
0.970301
0.129566
0.161157
0.00870679
0.663051
0.146717
0.200538
0.273138
0.216756
0.588287
0.141939
0.307665
0.49569
0.00859771
0.543091
0.391237
0.551562
0.651018
0.071062
0.811083
0.0718747
0.105686
0.981861
0.587921
0.325681
0.993988
0.421351
0.262583
0.857647
0.597927
0.00218052
0.856475
0.00898069
0.806088
0.0127805
0.546799
0.397133
0.288533
0.519969
0.451258
0.908347
0.0470662
0.355252
0.208826
0.187856
0.205616
0.115034
0.348257
0.622768
0.209077
0.440771
0.311074
0.898693
0.866328
0.0758901
0.41239
0.908082
0.0908967
0.928594
0.879269
0.299823
0.00581995
0.996396
0.58222
0.275309
0.569296
0.534694
0.265323
0.518032
0.866042
0.971464
0.868417
0.0527125
0.233347
0.983095
0.444118
0.285884
0.577069
0.902715
0.403617
0.455903
0.00892316
0.982357
0.899118
0.452848
0.00210108
0.581458
0.435312
0.704547
0.651066
0.124918
0.406066
0.0115291
0.185516
0.766486
0.140125
0.447143
0.358388
0.314573
0.44758
0.983741
0.708799
0.994953
0.133563
0.0165659
0.74107
0.18978
0.355148
0.282177
0.410153
0.816879
0.208254
0.132777
0.837206
0.681115
0.244497
0.64237
0.0621884
0.713589
0.997445
0.71243
0.959968
0.785025
0.24908
0.00694459
0.543386
0.997504
0.621546
0.265275
0.606944
0.934212
0.557689
0.343928
0.436226
0.738584
0.234408
0.177423
0.157239
0.727906
0.676006
0.0480704
0.697468
0.0190624
0.811252
0.578313
0.883091
0.156096
0.544296
0.387326
0.389489
0.216283
0.493896
0.716422
0.436404
0.909412
0.453091
0.42872
0.497324
0.472981
0.64925
0.473685
0.500205
0.617397
0.735274
0.474718
0.791072
0.522016
0.99221
0.65341
0.535465
0.774939
0.403426
0.0279767
0.859179
0.872135
0.930451
0.602527
0.201007
0.261673
0.105483
0.0933132
0.716567
0.227014
0.791888
0.316052
0.82839
0.870785
0.648937
0.892782
0.611303
0.0623909
0.726362
0.794945
0.260024
0.413188
0.939855
0.357914
0.0637377
0.772713
0.185816
0.911529
0.520563
0.720848
0.912862
0.926375
0.375375
0.604231
0.602433
0.299035
0.38037
0.282986
0.46529
0.290155
0.829056
0.0695189
0.381968
0.406122
0.477901
0.216014
0.818394
0.934607
0.870867
0.478033
0.975112
0.185326
0.606539
0.457535
0.195576
0.304791
0.317852
0.605228
0.465351
0.370953
0.93866
0.912449
0.966822
0.575137
0.428589
0.00550343
0.0252525
0.59674
0.131872
0.937194
0.310482
0.831257
0.0333726
0.859763
0.905115
0.189132
0.514766
0.269578
0.144944
0.298884
0.857725
0.857656
0.139196
0.293619
0.869728
0.537665
0.19649
0.843664
0.321624
0.885081
0.542744
0.472764
0.0841541
0.104757
0.842716
0.887062
0.486206
0.484223
0.0572592
0.0608085
0.193058
0.356153
0.933733
0.578266
0.0557251
0.25291
0.757507
0.24584
0.986624
0.354738
0.918748
0.959846
0.951696
0.603737
0.242795
0.183892
0.159231
0.745423
0.411042
0.223068
0.692588
0.448619
0.644183
0.817413
0.896642
0.886137
0.324051
0.202919
0.0542621
0.855382
0.821237
0.113197
0.96388
0.80198
0.0789001
0.701731
0.80012
0.313079
0.626019
0.116288
0.0823987
0.209849
0.153864
0.878388
0.394514
0.681399
0.655598
0.280504
0.827682
0.873965
0.289066
0.402402
0.813657
0.0499356
0.096622
0.315678
0.903336
0.576086
0.170748
0.0802733
0.54689
0.833498
0.142484
0.902906
0.391672
0.110244
0.303101
0.930171
0.101205
0.743396
0.426863
0.290174
0.268737
0.991721
0.314916
0.251855
0.444803
0.890016
0.0768204
0.315672
0.919232
0.276608
0.623749
0.491772
0.506428
0.329289
0.0154672
0.616167
0.983012
0.602795
0.511148
0.493964
0.209964
0.638546
0.737722
0.251529
0.654748
0.595227
0.53905
0.0866431
0.989026
0.0781726
0.0885449
0.0155192
0.954248
0.5481
0.605951
0.0127577
0.54913
0.505874
0.803065
0.509132
0.757904
0.978978
0.913325
0.324934
0.549507
0.850805
0.723755
0.73299
0.941407
0.67324
0.488378
0.343152
0.868334
0.341951
0.35053
0.22387
0.0678868
0.937503
0.300114
0.921862
0.221537
0.451096
0.229895
0.475782
0.271401
0.353745
0.363654
0.657071
0.279651
0.05998
0.368986
0.262492
0.420571
0.199966
0.781827
0.1331
0.342204
0.313917
0.878898
0.548415
0.0566745
0.81273
0.659002
0.117186
0.279446
0.530711
0.732273
0.826355
0.229416
0.922585
0.367454
0.0380499
0.648891
0.817795
0.421055
0.804999
0.206866
0.311174
0.872605
0.586736
0.751807
0.755008
0.0280236
0.642247
0.692888
0.23218
0.290477
0.205607
0.843161
0.0953024
0.190707
0.763078
0.214858
0.0468616
0.17862
0.437142
0.701566
0.436658
0.332717
0.485961
0.0109814
0.0538582
0.357293
0.768967
0.614345
0.583929
0.704574
0.510182
0.576299
0.965642
0.147435
0.775421
0.689597
0.118246
0.759073
0.333508
0.676714
0.397713
0.133518
0.616647
0.796513
0.588618
0.564754
0.180873
0.511529
0.964749
0.547284
0.554359
0.193814
0.269542
0.929511
0.103005
0.183601
0.243076
0.744657
0.243926
0.411454
0.26472
0.470241
0.384263
0.208789
0.0773875
0.940866
0.52208
0.280245
0.41692
0.264584
0.524626
0.405801
0.553597
0.270714
0.792314
0.0318907
0.680625
0.872587
0.991789
0.796762
0.650675
0.535099
0.287398
0.0984229
0.589888
0.914317
0.371213
0.284149
0.222734
0.0531352
0.898233
0.199414
0.714269
0.731355
0.228927
0.688369
0.762081
0.350054
0.245579
0.2232
0.24681
0.730864
0.804365
0.776823
0.162408
0.347174
0.0307001
0.0349831
0.48
0.0240554
0.876854
0.678361
0.819307
0.195924
0.457011
0.44897
0.228871
0.110857
0.584537
0.578799
0.74288
0.772741
0.527608
0.35807
0.339844
0.901848
0.674072
0.325752
0.859416
0.703514
0.919436
0.607817
0.317451
0.508541
0.86266
0.00781701
0.587402
0.848792
0.150729
0.335436
0.20792
0.506363
0.80796
0.0227123
0.965059
0.346536
0.58691
0.293923
0.127899
0.00172239
0.181658
0.270886
0.123862
0.738193
0.809125
0.53393
0.901086
0.0932792
0.0931198
0.5976
0.775368
0.855551
0.8229
0.294655
0.685681
0.125322
0.652324
0.272824
0.956709
0.415289
0.58269
0.701569
0.287707
0.134184
0.861674
0.307413
0.840432
0.542705
0.159402
0.3959
0.0719916
0.141845
0.62501
0.0489804
0.104747
0.201801
0.555307
0.548385
0.413831
0.382762
0.30459
0.970599
0.83268
0.766729
0.17336
0.0168683
0.173456
0.437396
0.132377
0.79541
0.724884
0.0887405
0.0725687
0.0200951
0.461899
0.125964
0.750232
0.644247
0.809144
0.495119
0.982135
0.392716
0.498823
0.369912
0.254001
0.310264
0.807998
0.32544
0.491662
0.966244
0.00762335
0.257136
0.906094
0.432828
0.528964
0.240376
0.535443
0.430728
0.665055
0.642883
0.570431
0.710449
0.175592
0.0483665
0.993432
0.872496
0.749727
0.815817
0.843044
0.885412
0.684424
0.404063
0.960569
0.797087
0.680999
0.926877
0.428229
0.493399
0.452288
0.0112084
0.941977
0.782714
0.961549
0.516902
0.856805
0.643308
0.159434
0.563457
0.945513
0.985257
0.408468
0.949958
0.596177
0.342939
0.97314
0.451907
0.287045
0.393395
0.983634
0.121615
0.397593
0.718363
0.719616
0.682819
0.518085
0.0779907
0.571713
0.380381
0.788329
0.734787
0.043055
0.572044
0.323972
0.41866
0.19203
0.200307
0.48254
0.239394
0.170137
0.933739
0.680965
0.75849
0.475998
0.943718
0.67303
0.476307
0.178162
0.667183
0.417387
0.13033
0.682665
0.560156
0.896638
0.263239
0.581637
0.573049
0.0670204
0.676038
0.0074122
0.57673
0.762729
0.351623
0.826405
0.802853
0.104701
0.0640635
0.207391
0.263219
0.488357
0.767629
0.989829
0.352871
0.38205
0.971192
0.463602
0.497035
0.163405
0.0588502
0.492175
0.164845
0.790801
0.251286
0.185303
0.307036
0.875348
0.0928922
0.636699
0.159462
0.0875023
0.76186
0.53377
0.708123
0.120863
0.379061
0.58606
0.621287
0.261828
0.752891
0.976501
0.356843
0.871178
0.0815592
0.878976
0.756156
0.404985
0.614367
0.675175
0.857539
0.742781
0.851897
0.489531
0.092524
0.424509
0.250122
0.6081
0.858626
0.705877
0.651216
0.785241
0.415605
0.112434
0.802169
0.344246
0.702914
0.649469
0.00066896
0.261817
0.233142
0.828018
0.512316
0.376903
0.645232
0.164702
0.578413
0.571218
0.438072
0.267072
0.691719
0.975215
0.905516
0.673233
0.586699
0.420235
0.537674
0.376743
0.118423
0.969795
0.756825
0.562297
0.919398
0.15416
0.341656
0.479396
0.27188
0.873013
0.428711
0.750844
0.889594
0.234024
0.803025
0.961399
0.163069
0.648831
0.616327
0.2184
0.986876
0.691463
0.633899
0.426368
0.84042
0.957033
0.956419
0.492961
0.776507
0.351318
0.892262
0.634306
0.584074
0.733661
0.349456
0.840541
0.067788
0.143287
0.397018
0.0678789
0.769368
0.403053
0.492809
0.433072
0.680495
0.149659
0.617181
0.646862
0.926966
0.0658854
0.94818
0.0484257
0.170453
0.531484
0.141351
0.255605
0.890971
0.719823
0.39868
0.0405068
0.974677
0.684527
0.444501
0.812101
0.910487
0.203566
0.583856
0.957408
0.274696
0.354847
0.939632
0.557744
0.630597
0.823322
0.894882
0.398666
0.457441
0.478483
0.40014
0.844018
0.34081
0.445317
0.506389
0.34728
0.982921
0.67787
0.189398
0.245422
0.09709
0.643903
0.973099
0.674995
0.546789
0.591603
0.702575
0.116073
0.0969614
0.624858
0.885775
0.137025
0.654797
0.812339
0.550008
0.413689
0.278079
0.673705
0.607401
0.628405
0.148707
0.0549956
0.126701
0.401394
0.523317
0.198654
0.465901
0.758407
0.411399
0.83385
0.455952
0.912714
0.0973473
0.91925
0.620621
0.327968
0.228981
0.482928
0.0945038
0.921034
0.400681
0.443897
0.0670669
0.535745
0.554043
0.260687
0.909537
0.0120733
0.725307
0.856524
0.523051
0.592646
0.495867
0.0609242
0.63955
0.320564
0.993124
0.237431
0.647789
0.182251
0.313769
0.544702
0.319857
0.103057
0.760752
0.858457
0.260274
0.712977
0.457558
0.515759
0.326782
0.397289
0.516678
0.535992
0.973036
0.991486
0.804057
0.235192
0.944638
0.0366085
0.424536
0.394716
0.593494
0.941445
0.550186
0.260236
0.653845
0.542779
0.760979
0.680911
0.513933
0.428475
0.844889
0.741897
0.52526
0.126137
0.108711
0.429372
0.457788
0.840724
0.902337
0.640402
0.778335
0.195125
0.683667
0.711423
0.757347
0.792948
0.672503
0.119671
0.712637
0.374523
0.230649
0.775366
0.442753
0.71875
0.971953
0.852716
0.305307
0.943917
0.941162
0.459128
0.782758
0.435427
0.542997
0.658812
0.538749
0.0390858
0.246724
0.641589
0.175432
0.85585
0.432097
0.95124
0.613226
0.628147
0.860342
0.917425
0.551927
0.819669
0.45699
0.969968
0.00586045
0.0933397
0.893959
0.865724
0.405132
0.323856
0.233074
0.238552
0.956557
0.619743
0.0571716
0.704545
0.265406
0.136475
0.647873
0.466335
0.242335
0.947449
0.475264
0.450346
0.779436
0.487635
0.121081
0.805831
0.188575
0.439644
0.507439
0.500782
0.625175
0.926094
0.00857332
0.98309
0.197844
0.355427
0.985676
0.483224
0.167964
0.958611
0.976703
0.304484
0.666348
0.155026
0.428951
0.544826
0.221056
0.945289
0.464584
0.467753
0.0760396
0.289016
0.829035
0.600256
0.302645
0.139211
0.371863
0.380787
0.958289
0.881946
0.202827
0.0878864
0.458095
0.122171
0.806681
0.143739
0.231194
0.706949
0.778733
0.68818
0.118368
0.666679
0.517095
0.0500431
0.90894
0.891874
0.116733
0.424662
0.605656
0.380306
0.251887
0.774458
0.967191
0.537165
0.776781
0.136286
0.311375
0.212052
0.731275
0.84956
0.498907
0.669449
0.430092
0.225529
0.298341
0.994781
0.819916
0.313225
0.936484
0.702148
0.862035
0.110634
0.230983
0.475195
0.918015
0.600861
0.254302
0.443215
0.164087
0.589089
0.524208
0.746077
0.144795
0.797553
0.163744
0.218972
0.0192306
0.754847
0.414687
0.401364
0.811258
0.0349073
0.68676
0.253925
0.310076
0.483962
0.8277
0.435277
0.315522
0.705017
0.538346
0.131374
0.761191
0.411577
0.759606
0.160806
0.663808
0.0985887
0.771652
0.0225363
0.287676
0.705886
0.812193
0.721188
0.82492
0.888931
0.343696
0.472799
0.672988
0.110185
0.137251
0.83897
0.39395
0.830412
0.0215363
0.974572
0.106111
0.715844
0.956457
0.836004
0.398024
0.781626
0.471524
0.326322
0.238383
0.168293
0.140461
0.53245
0.00712545
0.0717665
0.852029
0.60303
0.395776
0.727066
0.0321024
0.538398
0.532701
0.0750054
0.985031
0.0316654
0.672001
0.408603
0.35551
0.257039
0.293646
0.274938
0.247726
0.303811
0.743985
0.223823
0.510516
0.615155
0.261208
0.910578
0.0765659
0.494645
0.029048
0.533885
0.368426
0.177912
0.242982
0.56926
0.0662428
0.201785
0.83904
0.723991
0.761933
0.323087
0.71912
0.212566
0.29512
0.316126
0.193911
0.269863
0.0620506
0.42061
0.847748
0.35117
0.92537
0.668514
0.565117
0.170843
0.489962
0.945271
0.680605
0.867982
0.973804
0.4324
0.786035
0.597894
0.654458
0.061301
0.356244
0.461259
0.338727
0.0395548
0.400772
0.844493
0.456469
0.801226
0.377585
0.558419
0.402927
0.740958
0.791724
0.652553
0.985872
0.982812
0.447676
0.980349
0.845899
0.0356298
0.423768
0.958037
0.809043
0.29951
0.225981
0.1786
0.387155
0.245471
0.497912
0.407314
0.794864
0.563578
0.636227
0.129726
0.422834
0.412357
0.234453
0.33502
0.606667
0.500133
0.818815
0.237872
0.361508
0.46117
0.741873
0.664017
0.105367
0.0991087
0.660813
0.681034
0.667339
0.462279
0.945932
0.628047
0.0238722
0.0173424
0.0531613
0.768905
0.589474
0.415575
0.817251
0.819911
0.444474
0.981382
0.564436
0.938525
0.304065
0.845806
0.508369
0.982361
0.331747
0.418176
0.858266
0.48401
0.991868
0.611284
0.309539
0.715689
0.161706
0.209912
0.163011
0.319847
0.624356
0.0622926
0.204909
0.650933
0.23632
0.167922
0.261113
0.262469
0.746493
0.124579
0.456443
0.590187
0.842408
0.86643
0.717108
0.846963
0.138492
0.134204
0.263436
0.257146
0.134444
0.863525
0.581847
0.941098
0.497508
0.712859
0.0615974
0.0452702
0.930196
0.00627562
0.388997
0.468124
0.284683
0.853068
0.45615
0.202133
0.83408
0.00225047
0.852969
0.46909
0.730235
0.563045
0.0299894
0.872845
0.438401
0.715237
0.0663085
0.942218
0.783468
0.950637
0.373333
0.57097
0.019386
0.485214
0.199004
0.364548
0.364189
0.537439
0.767398
0.889382
0.0230856
0.587316
0.0163084
0.0464812
0.380993
0.678358
0.518255
0.934181
0.956503
0.815808
0.413432
0.0793058
0.00267158
0.542041
0.611493
0.86205
0.356125
0.847198
0.452019
0.756168
0.830809
0.485548
0.564524
0.244553
0.924538
0.467429
0.645058
0.930073
0.347895
0.356236
0.758211
0.13294
0.557379
0.371896
0.449053
0.466608
0.179837
0.352506
0.832409
0.0131046
0.650549
0.982466
0.268766
0.66878
0.0998416
0.774212
0.00719857
0.612641
0.27605
0.408163
0.98395
0.863987
0.934992
0.302547
0.398948
0.561665
0.120942
0.257837
0.854732
0.178364
0.946106
0.878946
0.701489
0.423326
0.62226
0.946551
0.444395
0.991788
0.83812
0.488168
0.916211
0.19943
0.486919
0.601218
0.557464
0.872949
0.742212
0.325143
0.0435325
0.354407
0.75982
0.966778
0.771177
0.285729
0.362581
0.735459
0.225075
0.906266
0.0166812
0.780703
0.628027
0.476034
0.000977213
0.0735148
0.458563
0.5922
0.417254
0.70239
0.694603
0.617495
0.409032
0.36093
0.0129572
0.96519
0.140374
0.21987
0.313776
0.890002
0.113266
0.160092
0.0524841
0.806573
0.820195
0.347961
0.997105
0.278194
0.484206
0.783231
0.160721
0.871191
0.764928
0.494042
0.600355
0.0632972
0.215735
0.167721
0.0482189
0.541196
0.949129
0.291393
0.478465
0.251764
0.32018
0.613298
0.736412
0.991376
0.0198306
0.9069
0.734184
0.168849
0.942471
0.238156
0.935991
0.340419
0.246825
0.618567
0.924967
0.636874
0.979182
0.802143
0.482541
0.586605
0.809718
0.384822
0.658948
0.610028
0.547001
0.202543
0.530581
0.579921
0.233248
0.998639
0.314884
0.202656
0.261976
0.816283
0.877228
0.639548
0.911149
0.564817
0.571452
0.73668
0.114243
0.34983
0.48655
0.113661
0.735128
0.544391
0.129369
0.0589266
0.104824
0.0688304
0.360238
0.44343
0.33081
0.149383
0.874311
0.574466
0.994857
0.266759
0.229579
0.505567
0.445918
0.585404
0.838442
0.397567
0.800366
0.286135
0.140843
0.736027
0.0608208
0.69978
0.600084
0.0335951
0.931941
0.974955
0.510664
0.143478
0.163051
0.114438
0.45263
0.535292
0.820067
0.843464
0.30257
0.86762
0.50625
0.573139
0.133867
0.927491
0.00706573
0.200207
0.173816
0.973675
0.61477
0.48529
0.546736
0.697986
0.128041
0.359038
0.284579
0.886432
0.161495
0.410997
0.701368
0.391031
0.832896
0.858491
0.69769
0.313939
0.849683
0.871955
0.249908
0.939836
0.0195936
0.13757
0.164808
0.00206784
0.500901
0.874152
0.285169
0.272933
0.476543
0.0972247
0.682562
0.882972
0.920794
0.963385
0.863882
0.89735
0.489507
0.231021
0.374407
0.184803
0.33345
0.522588
0.788994
0.603165
0.0655598
0.677438
0.0527992
0.256785
0.989153
0.807803
0.249268
0.407843
0.17882
0.709365
0.865888
0.346432
0.295924
0.220949
0.91487
0.358416
0.491059
0.225456
0.696973
0.809482
0.556296
0.258399
0.229896
0.261944
0.619435
0.089219
0.313784
0.275809
0.473328
0.0656245
0.781267
0.282341
0.935278
0.91586
0.575371
0.980684
0.261288
0.377227
0.782334
0.973374
0.660616
0.0917914
0.780596
0.537782
0.741233
0.987301
0.180049
0.107621
0.547188
0.205274
0.585831
0.871363
0.645039
0.533623
0.220274
0.300395
0.36723
0.828603
0.825651
0.573443
0.00929396
0.431748
0.649705
0.0522785
0.714187
0.573698
0.0980131
0.564128
0.154084
0.454613
0.726057
0.344561
0.297498
0.0380583
0.541474
0.218432
0.97064
0.0473726
0.515557
0.00348099
0.771382
0.155296
0.916137
0.373918
0.49007
0.899174
0.251358
0.594306
0.81734
0.113404
0.535692
0.820677
0.641646
0.576879
0.677957
0.966319
0.054529
0.920379
0.298291
0.588783
0.195625
0.612121
0.636351
0.269158
0.454137
0.767406
0.812752
0.128694
0.432243
0.953117
0.454887
0.0844436
0.623279
0.821339
0.649152
0.145801
0.356826
0.477818
0.561716
0.182032
0.774294
0.569607
0.994651
0.991387
0.939083
0.113905
0.425148
0.211692
0.89085
0.536771
0.103835
0.252696
0.890067
0.258432
0.84942
0.231927
0.721337
0.15357
0.0727255
0.576943
0.34496
0.935257
0.0409952
0.889076
0.332006
0.986372
0.25108
0.0351235
0.869126
0.604991
0.480331
0.393655
0.960279
0.0323498
0.377818
0.70064
0.209906
0.533653
0.359969
0.71317
0.00693886
0.639575
0.126254
0.774542
0.537361
0.593173
0.119312
0.61183
0.489313
0.378654
0.0114286
0.859675
0.891296
0.754416
0.799815
0.133562
0.274613
0.936993
0.995582
0.951663
0.499659
0.630174
0.0180542
0.372161
0.00914254
0.546718
0.422475
0.779029
0.769317
0.148273
0.150383
0.536421
0.561456
0.312147
0.204566
0.619249
0.464053
0.615327
0.00616258
0.484152
0.343928
0.122857
0.479948
0.436525
0.678001
0.661846
0.132863
0.225558
0.133975
0.536675
0.0523162
0.255723
0.445747
0.202199
0.886645
0.572827
0.607845
0.524961
0.642988
0.291165
0.325057
0.799368
0.781923
0.629989
0.449034
0.0118164
0.122327
0.756831
0.441491
0.711432
0.958223
0.255526
0.11086
0.389929
0.249376
0.23342
0.521283
0.381368
0.280993
0.533072
0.637648
0.201574
0.462552
0.105461
0.353843
0.668116
0.470293
0.187279
0.0296581
0.524342
0.383981
0.552527
0.943235
0.558763
0.102324
0.223308
0.76205
0.0550942
0.64811
0.168501
0.515645
0.281962
0.64964
0.387134
0.411061
0.0665412
0.379567
0.528066
0.453375
0.590323
0.967136
0.0938552
0.0582024
0.867504
0.695687
0.846223
0.599782
0.788177
0.360455
0.897663
0.127503
0.57544
0.721017
0.718666
0.711105
0.789121
0.491269
0.367352
0.785731
0.0876596
0.419356
0.999383
0.580611
0.76201
0.373323
0.551507
0.906677
0.908413
0.45252
0.0486948
0.748698
0.525041
0.227476
0.799556
0.324029
0.810049
0.998481
0.871773
0.328357
0.652964
0.253074
0.928946
0.439992
0.51646
0.104601
0.699791
0.606629
0.52431
0.652842
0.989339
0.795481
0.644339
0.883947
0.215104
0.42458
0.969938
0.658144
0.597783
0.310863
0.00818383
0.984869
0.218415
0.732485
0.80137
0.600489
0.148957
0.165167
0.350254
0.703076
0.00395662
0.152692
0.952831
0.992497
0.361168
0.328971
0.618195
0.509009
0.568126
0.906711
0.660921
0.786212
0.27109
0.182261
0.837113
0.0491962
0.130921
0.298057
0.566455
0.444286
0.926064
0.999228
0.601438
0.811042
0.815141
0.0616741
0.206109
0.349285
0.210897
0.213661
0.329206
0.274677
0.732548
0.707399
0.286849
0.00644387
0.307565
0.340067
0.443932
0.199023
0.36942
0.747317
0.319016
0.978274
0.959753
0.847586
0.588833
0.109343
0.193363
0.494243
0.0890713
0.92982
0.867834
0.689341
0.320134
0.294078
0.600964
0.262949
0.307901
0.289712
0.898047
0.917839
0.517069
0.494772
0.880508
0.616304
0.144898
0.111165
0.147488
0.964114
0.49071
0.630193
0.394829
0.791275
0.689439
0.710218
0.11607
0.935818
0.322503
0.976709
0.514654
0.51222
0.117944
0.642326
0.333126
0.984133
0.976955
0.947265
0.0261051
0.363626
0.0627099
0.154204
0.930722
0.335414
0.332179
0.480429
0.697325
0.34947
0.24774
0.854162
0.882203
0.868667
0.174208
0.221839
0.436936
0.0461883
0.626516
0.0919393
0.575947
0.657905
0.519244
0.0698662
0.875543
0.329952
0.951997
0.90975
0.956791
0.240623
0.209715
0.502868
0.534497
0.0458386
0.0413126
0.763338
0.468173
0.679894
0.596575
0.528818
0.956447
0.404131
0.806647
0.998028
0.625782
0.250316
0.872918
0.0564949
0.199099
0.928569
0.451732
0.782608
0.26237
0.988762
0.600469
0.41998
0.934967
0.366182
0.585795
0.178776
0.59892
0.55816
0.582026
0.349096
0.193412
0.547597
0.798362
0.368791
0.479281
0.889764
0.82819
0.870303
0.947431
0.280478
0.0482065
0.158981
0.123326
0.689936
0.015708
0.802083
0.248489
0.909987
0.267537
0.952463
0.351975
0.793288
0.0942422
0.667642
0.269579
0.805937
0.885747
0.0227803
0.66689
0.71804
0.431229
0.182964
0.764479
0.159723
0.395855
0.880268
0.896304
0.491603
0.349697
0.340758
0.780439
0.912053
0.90629
0.377831
0.753475
0.445384
0.694465
0.74649
0.151103
0.666896
0.14234
0.673107
0.664818
0.0218175
0.304217
0.123665
0.588006
0.613521
0.790819
0.711648
0.941526
0.482015
0.544475
0.46957
0.687667
0.167347
0.29022
0.566006
0.400608
0.111234
0.849053
0.477557
0.383457
0.217691
0.575342
0.470501
0.505692
0.507506
0.323473
0.112181
0.314404
0.0658751
0.1386
0.25401
0.146001
0.884532
0.114144
0.932213
0.840724
0.462194
0.192031
0.252229
0.82047
0.420314
0.294078
0.882646
0.869001
0.817796
0.0428692
0.683658
0.834956
0.261881
0.0710192
0.600691
0.0338835
0.537009
0.223083
0.675092
0.0189841
0.846168
0.216189
0.762757
0.237224
0.0720187
0.430231
0.591378
0.97091
0.682606
0.399876
0.0544821
0.63811
0.0934203
0.317877
0.606586
0.40105
0.934696
0.96287
0.485117
0.962327
0.072595
0.19417
0.00163978
0.874113
0.860353
0.0204814
0.00738819
0.325931
0.802744
0.531573
0.958956
0.108264
0.820993
0.68866
0.812603
0.78061
0.440372
0.754591
0.910219
0.139929
0.822336
0.311309
0.271607
0.825866
0.236309
0.211026
0.798801
0.305175
0.376469
0.0197656
0.594723
0.525149
0.0186388
0.385705
0.345692
0.116872
0.522274
0.885509
0.97254
0.731525
0.530043
0.999768
0.345922
0.365273
0.0109947
0.00762082
0.208393
0.761859
0.79266
0.341848
0.057122
0.195988
0.583834
0.924587
0.37013
0.247349
0.13389
0.88373
0.482239
0.340797
0.323161
0.713262
0.390134
0.33113
0.507749
0.0331846
0.78212
0.707967
0.777949
0.254424
0.30679
0.818018
0.137159
0.697567
0.939857
0.395951
0.376232
0.0559686
0.128053
0.101979
0.75637
0.866016
0.996595
0.0984781
0.172572
0.484522
0.937269
0.509596
0.216292
0.0514653
0.649955
0.402996
0.220826
0.0480056
0.466454
0.570437
0.729503
0.970445
0.502712
0.373662
0.755043
0.427307
0.618932
0.834459
0.101059
0.504942
0.815173
0.380137
0.135371
0.726848
0.0986448
0.760492
0.703491
0.877915
0.846104
0.327824
0.101186
0.692997
0.0848782
0.510351
0.437382
0.282456
0.698025
0.56994
0.503005
0.0511926
0.912825
0.277998
0.691368
0.0494334
0.324241
0.0205832
0.109548
0.214751
0.92595
0.687134
0.365947
0.993281
0.0643156
0.512522
0.805073
0.730216
0.597454
0.112629
0.546596
0.888189
0.255203
0.395574
0.254597
0.421727
0.670385
0.923067
0.178844
0.898156
0.685668
0.721169
0.391262
0.824214
0.623124
0.831573
0.0848322
0.0258906
0.0107097
0.80598
0.0970337
0.334884
0.411009
0.99169
0.981709
0.218806
0.37004
0.1919
0.178913
0.618041
0.943302
0.159221
0.846611
0.740684
0.384392
0.26055
0.784161
0.324048
0.378842
0.951726
0.43974
0.495209
0.0586237
0.309128
0.128019
0.019712
0.134825
0.300217
0.232715
0.646596
0.378426
0.745333
0.174165
0.808535
0.0168855
0.594756
0.300099
0.160285
0.0182197
0.824349
0.717945
0.769812
0.976915
0.308751
0.274648
0.884099
0.413802
0.477594
0.729013
0.150929
0.417494
0.23453
0.171338
0.933795
0.575485
0.30887
0.123387
0.697987
0.959616
0.0517998
0.710856
0.86807
0.741981
0.967409
0.941364
0.172242
0.710925
0.58842
0.369977
0.504685
0.8323
0.220224
0.956905
0.640247
0.576109
0.444017
0.59961
0.307929
0.870348
0.334475
0.311761
0.758964
0.259142
0.13052
0.577995
0.133287
0.53112
0.541971
0.266214
0.586202
0.234771
0.28105
0.566004
0.450357
0.844548
0.0369211
0.195582
0.0213314
0.562634
0.0538367
0.3362
0.458481
0.875201
0.689586
0.23177
0.488686
0.656883
0.206612
0.978668
0.921349
0.11608
0.93881
0.413348
0.236968
0.0263873
0.610091
0.916978
0.645947
0.626761
0.220252
0.552312
0.469908
0.585148
0.527091
0.745243
0.618451
0.574713
0.325441
0.579717
0.0474937
0.149453
0.546834
0.86522
0.168202
0.436318
0.205586
0.700722
0.252569
0.0843167
0.0929294
0.987778
0.982548
0.883972
0.76077
0.118512
0.908086
0.438017
0.82663
0.0900197
0.296184
0.341026
0.257896
0.765473
0.515848
0.28108
0.469303
0.698145
0.378733
0.681799
0.415141
0.00652223
0.945911
0.830683
0.869638
0.862132
0.521253
0.655267
0.12137
0.711157
0.783352
0.489253
0.891449
0.155276
0.758779
0.192762
0.691506
0.965756
0.0711447
0.90588
0.0871527
0.507303
0.35399
0.231376
0.771106
0.561557
0.290535
0.0905538
0.524273
0.343132
0.75973
0.0791043
0.537887
0.683748
0.760305
0.425346
0.247658
0.191698
0.318894
0.398549
0.334136
0.255305
0.587743
0.649723
0.474098
0.301059
0.622901
0.891005
0.874332
0.831263
0.786305
0.530639
0.0102196
0.394702
0.879597
0.0179441
0.112043
0.191269
0.641265
0.477514
0.224829
0.526709
0.681435
0.744212
0.81827
0.9204
0.857926
0.525169
0.175782
0.545564
0.894316
0.549701
0.315831
0.56683
0.493055
0.225862
0.997235
0.991681
0.830831
0.771512
0.807314
0.637329
0.141483
0.911436
0.26968
0.992149
0.458753
0.6356
0.660483
0.0540924
0.0429152
0.277424
0.0742462
0.632197
0.34739
0.56405
0.00330457
0.0749177
0.750817
0.0504164
0.515176
0.175166
0.762927
0.595712
0.895797
0.821291
0.668522
0.621475
0.988674
0.578538
0.48987
0.662041
0.809446
0.147306
0.10644
0.981343
0.825989
0.7227
0.180823
0.0714603
0.0850825
0.79083
0.308455
0.663145
0.79521
0.617253
0.562388
0.835306
0.45532
0.179625
0.0102641
0.908901
0.65968
0.373117
0.618904
0.162823
0.140527
0.13202
0.959296
0.61085
0.320181
0.286493
0.101118
0.704497
0.865177
0.0103897
0.675883
0.170971
0.569399
0.757513
0.159538
0.499245
0.0693321
0.123762
0.659302
0.484996
0.49715
0.359178
0.149019
0.700565
0.0129986
0.16979
0.166132
0.925944
0.708318
0.160219
0.321175
0.69076
0.451978
0.024832
0.339429
0.783408
0.4139
0.743502
0.427369
0.684608
0.905402
0.777066
0.461661
0.439054
0.00462606
0.857549
0.430716
0.711899
0.360047
0.781439
0.605048
0.541961
0.617068
0.137545
0.6818
0.4833
0.734459
0.375617
0.495715
0.724323
0.987628
0.832073
0.99637
0.972269
0.60957
0.249806
0.958813
0.954766
0.661784
0.408896
0.0940481
0.104556
0.961227
0.926887
0.849967
0.0146839
0.485016
0.563284
0.711242
0.311654
0.642873
0.421999
0.63217
0.24175
0.763415
0.480076
0.342485
0.132488
0.632276
0.457878
0.0342324
0.512077
0.00262595
0.0166173
0.593563
0.711021
0.233094
0.769299
0.242489
0.66803
0.144491
0.527314
0.210069
0.507443
0.503478
0.528582
0.814494
0.778233
0.603988
0.931642
0.654714
0.0894455
0.0731248
0.793402
0.424116
0.235835
0.753406
0.564115
0.661038
0.143571
0.621447
0.543679
0.933729
0.000212162
0.0835568
0.650149
0.458445
0.350667
0.495107
0.242503
0.304917
0.0811515
0.901677
0.567635
0.13052
0.498383
0.485692
0.427655
0.397381
0.447898
0.753622
0.44738
0.0016959
0.250334
0.488063
0.624085
0.278587
0.329103
0.113026
0.76904
0.470667
0.604372
0.551643
0.689835
0.519337
0.144726
0.376185
0.204493
0.0310977
0.225483
0.245463
0.179171
0.826428
0.602015
0.707354
0.530627
0.377935
0.492268
0.331549
0.64092
0.926534
0.64044
0.622924
0.732062
0.583861
0.887292
0.646511
0.262291
0.114345
0.921378
0.0313128
0.355278
0.563273
0.469876
0.522759
0.457779
0.727448
0.670984
0.993704
0.970172
0.457315
0.0762944
0.882199
0.207242
0.96334
0.924838
0.391165
0.0305029
0.653978
0.792307
0.956344
0.555521
0.654646
0.223147
0.50097
0.626864
0.347442
0.583284
0.154267
0.079509
0.587391
0.362646
0.21299
0.0700335
0.47723
0.724747
0.248206
0.187774
0.0518562
0.436165
0.230011
0.439772
0.745039
0.214694
0.612461
0.332314
0.109356
0.817166
0.0714208
0.625294
0.777239
0.0129364
0.250621
0.977283
0.672853
0.303042
0.572075
0.253611
0.0566129
0.189908
0.390617
0.92221
0.205681
0.0586735
0.367241
0.837203
0.989632
0.200677
0.719761
0.985848
0.972924
0.0868529
0.0732101
0.470829
0.67023
0.115651
0.0274059
0.182281
0.839429
0.174985
0.331163
0.397897
0.667554
0.428537
0.593011
0.194537
0.373746
0.392807
0.510314
0.819946
0.0864375
0.204874
0.758921
0.876601
0.887017
0.945245
0.802141
0.87992
0.145638
0.970061
0.423964
0.160138
0.151031
0.552297
0.18779
0.297949
0.730274
0.960992
0.63157
0.210534
0.131894
0.0367409
0.350607
0.185067
0.0264272
0.663606
0.490737
0.834428
0.0609236
0.338117
0.409705
0.313818
0.561405
0.454543
0.753219
0.69162
0.717076
0.482967
0.468586
0.501576
0.380805
0.910765
0.64691
0.848194
0.643004
0.152946
0.115652
0.313085
0.335119
0.726575
0.750897
0.451962
0.740043
0.818691
0.960858
0.628111
0.0483632
0.107624
0.766424
0.311945
0.896472
0.825065
0.198449
0.87929
0.247124
0.810226
0.928957
0.169983
0.376854
0.648979
0.475036
0.107557
0.691805
0.281774
0.658648
0.833189
0.610956
0.0654039
0.567497
0.954701
0.340455
0.822366
0.0768537
0.56277
0.949285
0.500208
0.344733
0.504507
0.531304
0.928201
0.242992
0.652373
0.583535
0.243579
0.183865
0.0487832
0.528001
0.657677
0.329975
0.168342
0.165459
0.0458671
0.229137
0.576814
0.405635
0.163342
0.36897
0.602217
0.96288
0.991214
0.0699476
0.231825
0.275609
0.80995
0.975804
0.000123064
0.472386
0.474988
0.129327
0.366451
0.484582
0.803679
0.682502
0.0209547
0.133316
0.637321
0.41509
0.0744627
0.865903
0.353218
0.865564
0.33173
0.69543
0.645296
0.561862
0.926934
0.589095
0.411671
0.521649
0.878207
0.461183
0.435373
0.593851
0.0749619
0.0357953
0.294098
0.756887
0.767966
0.0896401
0.305414
0.20478
0.0118513
0.647442
0.706104
0.780095
0.847425
0.675143
0.68576
0.814629
0.00342823
0.880379
0.44747
0.820511
0.82838
0.872064
0.275077
0.0891096
0.00442293
0.934334
0.73153
0.821186
0.141278
0.701485
0.698165
0.372328
0.569027
0.371522
0.61954
0.695253
0.370177
0.379207
0.349249
0.769117
0.109799
0.667176
0.907067
0.796921
0.207392
0.563767
0.599561
0.54106
0.337519
0.14925
0.265215
0.66917
0.543938
0.316287
0.847757
0.390009
0.218118
0.0876262
0.121308
0.272319
0.830535
0.661534
0.94132
0.949695
0.433091
0.515028
0.057276
0.870148
0.321853
0.494114
0.602062
0.595974
0.303258
0.716532
0.778208
0.989887
0.48521
0.532673
0.679473
0.0835004
0.108138
0.425798
0.315999
0.8586
0.520104
0.601425
0.203919
0.761656
0.257114
0.687706
0.633297
0.538166
0.73658
0.920446
0.89873
0.70078
0.732816
0.720498
0.665055
0.32365
0.51436
0.435807
0.0623948
0.750084
0.0773922
0.161171
0.813403
0.841865
0.231837
0.129584
0.0851305
0.203147
0.315135
0.0253505
0.768932
0.270502
0.293757
0.28097
0.555015
0.485291
0.748654
0.957134
0.119801
0.794216
0.0378058
0.980023
0.507775
0.16729
0.0497327
0.268251
0.053206
0.792507
0.191366
0.404892
0.0979454
0.798038
0.350296
0.907526
0.195311
0.553415
0.161313
0.212667
0.657529
0.961943
0.748807
0.983054
0.611282
0.583984
0.791494
0.377554
0.78617
0.29576
0.551797
0.918769
0.632077
0.112768
0.170752
0.170357
0.796273
0.268967
0.0744448
0.834008
0.125305
0.82866
0.58663
0.49845
0.102342
0.104853
0.485337
0.869924
0.0939683
0.691446
0.130776
0.704801
0.461952
0.512006
0.881543
0.0374727
0.856527
0.384813
0.132114
0.665431
0.274028
0.417285
0.425298
0.805274
0.712187
0.126744
0.765403
0.524902
0.742585
0.350043
0.996476
0.522257
0.780022
0.0283788
0.242572
0.714702
0.436044
0.491148
0.186126
0.242588
0.0693842
0.920384
0.280588
0.992242
0.905118
0.664735
0.608654
0.57359
0.238636
0.310073
0.439033
0.469388
0.537927
0.87602
0.458618
0.652098
0.996936
0.0814751
0.410274
0.579304
0.778463
0.314927
0.324709
0.183647
0.140623
0.175783
0.237699
0.251059
0.709238
0.535198
0.801617
0.434473
0.357716
0.21189
0.88926
0.0446427
0.322837
0.146807
0.601924
0.924084
0.406751
0.970524
0.416944
0.956619
0.453912
0.0788387
0.720365
0.197646
0.736882
0.598928
0.129291
0.0909658
0.672016
0.430134
0.256008
0.39553
0.309478
0.337559
0.520239
0.229869
0.995732
0.0609455
0.353774
0.282678
0.435083
0.351124
0.826298
0.501897
0.344108
0.892501
0.490638
0.969416
0.712228
0.881669
0.586973
0.415728
0.632981
0.423361
0.299947
0.767389
0.831083
0.819042
0.273952
0.806865
0.443866
0.423441
0.737421
0.971298
0.712011
0.486917
0.86469
0.211456
0.712366
0.343832
0.154517
0.700376
0.923978
0.778445
0.900061
0.355621
0.036825
0.856714
0.340059
0.738436
0.457516
0.148424
0.77695
0.315709
0.109247
0.984823
0.321059
0.985905
0.186687
0.299872
0.971548
0.892916
0.662807
0.653798
0.354361
0.696091
0.521184
0.252074
0.351785
0.180081
0.687245
0.188135
0.869215
0.355015
0.726448
0.844146
0.862741
0.955557
0.875645
0.40357
0.229722
0.471945
0.450442
0.479097
0.176926
0.380337
0.367165
0.426258
0.235588
0.628798
0.0784766
0.871482
0.280681
0.497385
0.11321
0.663917
0.572061
0.143033
0.0790817
0.504123
0.528812
0.753652
0.741302
0.177271
0.300499
0.289447
0.784847
0.241127
0.547621
0.218012
0.664873
0.773152
0.954586
0.791723
0.352266
0.646818
0.0617012
0.0975456
0.686804
0.917263
0.402166
0.179989
0.0674883
0.0699674
0.904193
0.4263
0.415518
0.541247
0.81362
0.49223
0.398024
0.344218
0.899456
0.270661
0.706665
0.461615
0.608859
0.912786
0.652504
0.655104
0.952985
0.995053
0.651613
0.704742
0.218617
0.19058
0.284605
0.645393
0.613971
0.871862
0.279725
0.233058
0.261078
0.573279
0.937221
0.938847
0.155394
0.158066
0.239837
0.799117
0.508774
0.975877
0.0944734
0.328264
0.995669
0.494578
0.462355
0.457249
0.98433
0.33907
0.680396
0.371056
0.787579
0.0523686
0.110897
0.746974
0.322949
0.48872
0.0832623
0.400035
0.172987
0.323766
0.387131
0.770994
0.437242
0.691025
0.991697
0.106177
0.487317
0.811507
0.0702679
0.62921
0.884903
0.834746
0.351998
0.163734
0.54
0.756663
0.278669
0.815041
0.747239
0.458099
0.500231
0.162736
0.968163
0.0925254
0.916041
0.110016
0.76627
0.48967
0.949094
0.420108
0.206711
0.654947
0.817105
0.840802
0.275688
0.0409887
0.448458
0.972539
0.716758
0.491562
0.544722
0.288209
0.165847
0.656676
0.506528
0.954521
0.630283
0.883585
0.847991
0.35275
0.757182
0.424305
0.890932
0.22569
0.575516
0.137995
0.100486
0.441039
0.679994
0.410265
0.324393
0.976173
0.668801
0.252255
0.668068
0.204099
0.438435
0.844884
0.00789037
0.593745
0.938247
0.28698
0.830466
0.136753
0.794509
0.161363
0.0342315
0.254993
0.75883
0.91615
0.299707
0.0206372
0.685724
0.975586
0.253064
0.375107
0.758102
0.385868
0.36083
0.790367
0.759239
0.0699453
0.291939
0.846716
0.0239419
0.750958
0.647137
0.627869
0.206923
0.771094
0.335543
0.993667
0.18159
0.562818
0.124291
0.575594
0.687623
0.134593
0.520708
0.597665
0.144702
0.916648
0.624042
0.748563
0.777259
0.450953
0.0602816
0.328489
0.0288046
0.563056
0.307923
0.445582
0.512605
0.886825
0.110855
0.704579
0.172048
0.277768
0.717558
0.163812
0.694733
0.217761
0.543573
0.997842
0.271866
0.975513
0.717663
0.762594
0.341356
0.399866
0.858676
0.103018
0.416461
0.789779
0.520848
0.15247
0.162239
0.318587
0.343633
0.409305
0.385207
0.517192
0.932873
0.031375
0.541843
0.506353
0.392848
0.00926716
0.980274
0.898004
0.729408
0.415094
0.0454311
0.852376
0.802896
0.518814
0.215325
0.951031
0.138556
0.643846
0.406206
0.0249162
0.547506
0.289891
0.942034
0.760145
0.0245545
0.157717
0.581055
0.586277
0.774047
0.240792
0.525125
0.553953
0.337887
0.885516
0.18808
0.590284
0.135305
0.729067
0.25788
0.598627
0.0476995
0.107039
0.191259
0.547328
0.539136
0.492687
0.148813
0.323909
0.0391251
0.0698862
0.0347539
0.563504
0.532537
0.586746
0.246533
0.752874
0.774014
0.545457
0.838749
0.210652
0.426755
0.120747
0.691697
0.889866
0.154041
0.443986
0.990726
0.559182
0.522792
0.778989
0.886169
0.108511
0.635909
0.333858
0.217214
0.00254735
0.00660626
0.51725
0.350534
0.258861
0.827426
0.273421
0.768397
0.0916345
0.705105
0.855846
0.415071
0.985124
0.566921
0.395411
0.683778
0.199166
0.182119
0.811732
0.694686
0.0818062
0.662983
0.510796
0.168359
0.0519582
0.397735
0.0723501
0.584767
0.0829939
0.691817
0.108835
0.0788966
0.946002
0.485328
0.0284504
0.625138
0.246265
0.384326
0.298412
0.143424
0.131021
0.0672888
0.80252
0.456201
0.601175
0.333434
0.215779
0.561774
0.875443
0.459954
0.828278
0.612804
0.706714
0.122556
0.299599
0.682391
0.752816
0.545677
0.722482
0.462926
0.0437267
0.0504762
0.662005
0.863583
0.491446
0.42677
0.792305
0.390661
0.475884
0.166367
0.556813
0.0506799
0.681318
0.942123
0.662324
0.115238
0.154574
0.293632
0.926779
0.808044
0.575217
0.563595
0.552925
0.939836
0.658498
0.323141
0.0362168
0.972104
0.463996
0.591042
0.720639
0.0117116
0.830273
0.627427
0.996843
0.0555886
0.322263
0.98508
0.779029
0.720816
0.736025
0.107359
0.875342
0.867605
0.0613312
0.775287
0.100876
0.771195
0.780924
0.0332495
0.403413
0.195886
0.596678
0.656175
0.500605
0.255427
0.230667
0.249069
0.426413
0.298816
0.0788851
0.198707
0.176498
0.0817919
0.640486
0.22727
0.948905
0.148342
0.400651
0.409563
0.59463
0.423254
0.903343
0.00895354
0.67576
0.938665
0.635705
0.573968
0.509662
0.383398
0.868581
0.614312
0.701067
0.955005
0.228349
0.727636
0.199045
0.4415
0.33899
0.668995
0.982384
0.669739
0.14028
0.460787
0.0227372
0.364857
0.33307
0.927144
0.318204
0.634568
0.729973
0.210107
0.38414
0.117287
0.12904
0.68386
0.711263
0.404568
0.00645393
0.34725
0.573944
0.532452
0.228207
0.980202
0.239869
0.466538
0.633595
0.994639
0.838779
0.499613
0.197774
0.0396555
0.576196
0.233379
0.432044
0.0792246
0.8836
0.469737
0.540723
0.115932
0.812659
0.472691
0.626518
0.573334
0.538373
0.611585
0.158241
0.790513
0.1459
0.619281
0.323245
0.695194
0.611625
0.358618
0.156221
0.257671
0.468639
0.232313
0.0557852
0.523919
0.919799
0.455646
0.46933
0.389744
0.984446
0.0597975
0.787051
0.382077
0.607116
0.549777
0.536056
0.310337
0.890558
0.193246
0.202925
0.734102
0.156972
0.778978
0.031859
0.422117
0.154195
0.507674
0.175266
0.401588
0.936208
0.291371
0.143939
0.913307
0.924499
0.176693
0.0379318
0.384188
0.761027
0.509084
0.498604
0.659616
0.156585
0.707693
0.566208
0.834444
0.793891
0.0251394
0.447438
0.296308
0.0423889
0.806962
0.678562
0.471967
0.221974
0.299606
0.536969
0.254107
0.252993
0.752104
0.259068
0.0117476
0.45843
0.224042
0.857014
0.64287
0.137939
0.789998
0.569458
0.122209
0.5814
0.283965
0.929628
0.371134
0.0310993
0.90977
0.166332
0.420307
0.351329
0.509394
0.0286073
0.221223
0.687394
0.685793
0.508483
0.0230887
0.71001
0.09761
0.221559
0.533917
0.619375
0.433339
0.542144
0.909967
0.0740032
0.178693
0.776536
0.635755
0.142106
0.626066
0.0935728
0.775239
0.791372
0.27862
0.574383
0.9266
0.341195
0.568752
0.74473
0.814246
0.905358
0.883897
0.794002
0.964617
0.962693
0.289862
0.882724
0.139961
0.785902
0.0626443
0.000203469
0.306054
0.23535
0.464314
0.270057
0.06398
0.830683
0.893558
0.0871252
0.774382
0.804329
0.945559
0.169597
0.909595
0.89192
0.707361
0.451305
0.000657385
0.0476743
0.213381
0.475939
0.0479882
0.696741
0.803331
0.469153
0.397952
0.596225
0.609767
0.141282
0.767933
0.791943
0.0380804
0.752355
0.385122
0.418047
0.365333
0.31837
0.449658
0.00850588
0.395804
0.514192
0.825838
0.248365
0.00799444
0.278992
0.0491288
0.0713255
0.0901774
0.61911
0.677777
0.305603
0.922484
0.0110617
0.176036
0.800989
0.852227
0.812612
0.828296
0.982333
0.310869
0.229648
0.49144
0.705531
0.424763
0.142322
0.532188
0.917649
0.108436
0.227389
0.911898
0.0270027
0.698465
0.17115
0.584201
0.864123
0.832195
0.376217
0.621126
0.295955
0.481119
0.51741
0.159431
0.487074
0.841905
0.663675
0.395388
0.135279
0.39961
0.211143
0.31725
0.833096
0.542317
0.159686
0.133146
0.755028
0.63537
0.699137
0.972945
0.413474
0.23483
0.160748
0.13687
0.127637
0.604068
0.965204
0.177108
0.0571344
0.699084
0.114639
0.264361
0.0149051
0.0841539
0.384199
0.884967
0.933249
0.185866
0.502588
0.133886
0.339386
0.583261
0.212463
0.36341
0.809475
0.0372555
0.974755
0.823455
0.301485
0.575256
0.490843
0.402858
0.00231098
0.32474
0.36097
0.708217
0.941475
0.249895
0.582767
0.761855
0.965602
0.741251
0.00486056
0.276252
0.118351
0.132566
0.381161
0.720995
0.574519
0.914363
0.668233
0.435942
0.98823
0.233279
0.226683
0.418759
0.196079
0.138144
0.257331
0.286759
0.412015
0.204997
0.339525
0.503425
0.920756
0.924647
0.429116
0.409666
0.995937
0.96272
0.819738
0.658639
0.0149062
0.385215
0.395444
0.0857508
0.996635
0.402006
0.428389
0.906043
0.968622
0.728622
0.514481
0.505776
0.853373
0.411366
0.571465
0.252735
0.0490734
0.388873
0.613923
0.864996
0.555514
0.246365
0.630975
0.50226
0.134463
0.21526
0.190719
0.559446
0.757956
0.662302
0.710779
0.545167
0.560222
0.325549
0.966349
0.113422
0.669831
0.881841
0.737727
0.938088
0.466144
0.27862
0.47847
0.885596
0.744952
0.33972
0.0632413
0.637586
0.93703
0.770805
0.897791
0.706743
0.104028
0.328078
0.565009
0.225395
0.548318
0.173585
0.698102
0.806596
0.150511
0.68983
0.694168
0.422046
0.299173
0.145711
0.471816
0.301808
0.63059
0.0545846
0.0146066
0.911579
0.308409
0.446459
0.391741
0.23876
0.911773
0.709185
0.130767
0.74005
0.842666
0.00944331
0.891838
0.673654
0.880482
0.558866
0.752712
0.196746
0.956362
0.0214622
0.0859858
0.56301
0.0281209
0.587572
0.872275
0.899916
0.599946
0.907707
0.738765
0.688726
0.755255
0.789467
0.812288
0.654942
0.553822
0.512217
0.529126
0.00104741
0.317484
0.378764
0.882453
0.963365
0.255756
0.906125
0.37231
0.399594
0.897754
0.937631
0.914537
0.182459
0.145856
0.859217
0.435351
0.974174
0.840937
0.394232
0.253223
0.447821
0.406261
0.895027
0.254108
0.250236
0.699447
0.480877
0.10513
0.482064
0.853639
0.459351
0.966135
0.25155
0.965295
0.512788
0.896926
0.775665
0.826495
0.424474
0.66392
0.811401
0.809776
0.0124657
0.100862
0.863261
0.0513436
0.00919453
0.181658
0.0714703
0.708655
0.186745
0.802863
0.512338
0.746697
0.549687
0.00875726
0.299461
0.124302
0.622563
0.604237
0.683186
0.0622043
0.925259
0.642668
0.792687
0.554209
0.379618
0.848981
0.968686
0.0779681
0.669652
0.432111
0.621038
0.586282
0.144061
0.731225
0.378906
0.325169
0.0180412
0.599107
0.334565
0.24562
0.857595
0.731356
0.380309
0.462538
0.127478
0.610451
0.617425
0.534997
0.944879
0.496466
0.740262
0.744887
0.998944
0.486506
0.400601
0.112772
0.053821
0.357395
0.630182
0.543444
0.0765444
0.946487
0.00926086
0.636319
0.934747
0.511173
0.770672
0.548304
0.23438
0.367492
0.401659
0.769563
0.207751
0.258654
0.911281
0.667077
0.767483
0.143527
0.519453
0.230921
0.372518
0.935178
0.598102
0.15963
0.451118
0.319211
0.349207
0.771801
0.68676
0.221714
0.974733
0.202759
0.436929
0.462616
0.0679164
0.966373
0.830161
0.267396
0.911688
0.666899
0.165285
0.784597
0.176289
0.395424
0.415467
0.214354
0.543644
0.358267
0.0669214
0.040203
0.254805
0.723604
0.845302
0.775149
0.809757
0.947233
0.240813
0.0820737
0.220217
0.976915
0.911453
0.63162
0.992301
0.587542
0.393712
0.333179
0.677598
0.676155
0.371101
0.453521
0.692952
0.347484
0.144784
0.363853
0.78803
0.946437
0.0814391
0.899746
0.802117
0.740694
0.283591
0.691646
0.0968159
0.981382
0.899582
0.845668
0.649198
0.683752
0.461725
0.831187
0.620076
0.882538
0.0628875
0.657295
0.965418
0.0843894
0.162394
0.651188
0.240869
0.753761
0.282745
0.409638
0.477476
0.0174272
0.691572
0.570654
0.930491
0.307105
0.0317091
0.54775
0.520853
0.786814
0.666004
0.986301
0.691616
0.550049
0.629154
0.970353
0.125179
0.319384
0.362711
0.717106
0.79807
0.245977
0.25444
0.973029
0.97071
0.115116
0.973589
0.816886
0.608812
0.282192
0.731347
0.0318763
0.747544
0.941603
0.524557
0.664705
0.569141
0.869388
0.296658
0.0106929
0.42681
0.233926
0.447392
0.533427
0.590371
0.701714
0.0187393
0.103219
0.641089
0.869411
0.231313
0.431085
0.987596
0.176923
0.715914
0.0302512
0.157113
0.658215
0.607567
0.659159
0.449675
0.197198
0.207278
0.348366
0.704266
0.100838
0.574258
0.83517
0.0576671
0.0678616
0.115009
0.0419297
0.286114
0.232083
0.917403
0.374639
0.624456
0.490621
0.712248
0.952478
0.191063
0.58913
0.745271
0.319703
0.730401
0.63082
0.900575
0.415316
0.286457
0.943
0.327203
0.997217
0.972331
0.757124
0.156182
0.812366
0.978231
0.400799
0.110452
0.550694
0.637539
0.791058
0.0583895
0.368283
0.884492
0.691049
0.569055
0.939443
0.30617
0.799165
0.3921
0.945075
0.257896
0.568616
0.873854
0.681151
0.249404
0.588661
0.374709
0.991361
0.712776
0.0585606
0.447966
0.749645
0.0955826
0.288198
0.452709
0.876185
0.841507
0.575954
0.78077
0.623029
0.342669
0.0559542
0.769072
0.378119
0.10163
0.616693
0.247538
0.98218
0.910815
0.462241
0.0967696
0.809185
0.514446
0.806831
0.0261333
0.655354
0.34952
0.896718
0.851274
0.146473
0.251772
0.785625
0.45418
0.780981
0.79808
0.278139
0.863885
0.999409
0.803688
0.148889
0.556063
0.28926
0.877756
0.762713
0.753389
0.949298
0.570256
0.102805
0.596048
0.935138
0.963548
0.655354
0.852769
0.528521
0.141543
0.760097
0.70012
0.280979
0.449667
0.844614
0.352307
0.961892
0.172531
0.389251
0.807816
0.307841
0.0791443
0.837506
0.653004
0.948587
0.216971
0.596033
0.0790726
0.831313
0.73828
0.3609
0.162787
0.858872
0.0313463
0.489944
0.21696
0.263093
0.0538976
0.0156004
0.754775
0.623075
0.533349
0.823927
0.257611
0.797651
0.698066
0.0104458
0.95065
0.399509
0.0398703
0.418477
0.36272
0.668345
0.538651
0.909903
0.822704
0.160565
0.303522
0.157834
0.359066
0.0593188
0.757817
0.996709
0.699727
0.314099
0.340947
0.829311
0.198082
0.273469
0.386669
0.599675
0.277724
0.00279829
0.801458
0.00750257
0.200726
0.533267
0.206833
0.963013
0.505991
0.0530244
0.94498
0.305372
0.489132
0.564246
0.901563
0.702358
0.610298
0.0301136
0.555368
0.533859
0.787278
0.190421
0.502976
0.758479
0.0539752
0.28388
0.446993
0.692872
0.110217
0.948665
0.118387
0.391661
0.346568
0.289693
0.614128
0.762252
0.259086
0.401596
0.912657
0.0558375
0.923224
0.0521179
0.760774
0.532849
0.0105095
0.901476
0.0653239
0.306591
0.906308
0.0398968
0.686097
0.268613
0.176161
0.710696
0.390088
0.393924
0.549405
0.491966
0.577653
0.479994
0.127528
0.815599
0.0309941
0.237437
0.249242
0.89713
0.499247
0.352797
0.918762
0.492293
0.500989
0.488553
0.681396
0.229038
0.590241
0.529672
0.548866
0.514223
0.620723
0.69478
0.879404
0.405462
0.60689
0.243053
0.505015
0.856452
0.0573566
0.688487
0.247827
0.125453
0.100722
0.571101
0.710882
0.56257
0.0899151
0.241418
0.635463
0.94862
0.703923
0.404648
0.152058
0.152582
0.655605
0.0352691
0.390514
0.684851
0.953031
0.421553
0.248888
0.889586
0.214345
0.621327
0.366645
0.933115
0.779047
0.520615
0.816871
0.652765
0.917328
0.885761
0.418439
0.868029
0.108628
0.0127903
0.704066
0.0960033
0.883383
0.777037
0.684004
0.421339
0.953483
0.487636
0.788395
0.479059
0.413485
0.125054
0.406256
0.617918
0.600349
0.913075
0.805094
0.331383
0.586314
0.668883
0.0742466
0.585151
0.487507
0.223914
0.912282
0.0262147
0.402476
0.905109
0.151012
0.333172
0.438537
0.0243854
0.205866
0.979857
0.111923
0.543818
0.558625
0.565283
0.904663
0.364893
0.926529
0.417193
0.756673
0.987966
0.431525
0.597568
0.131473
0.976634
0.919432
0.0132575
0.625523
0.959461
0.897745
0.780215
0.427191
0.714377
0.0751714
0.598018
0.631907
0.381991
0.498403
0.398915
0.0012508
0.743506
0.371033
0.691911
0.153505
0.10988
0.0515763
0.530467
0.146115
0.362838
0.847956
0.135489
0.206069
0.213387
0.246577
0.568107
0.845803
0.556496
0.246555
0.203265
0.587949
0.537177
0.139674
0.0461549
0.483541
0.682001
0.0726082
0.952343
0.279536
0.697553
0.139354
0.935397
0.724836
0.747792
0.410658
0.272109
0.280022
0.832972
0.206581
0.385671
0.940219
0.985103
0.370375
0.00781037
0.130816
0.61644
0.293576
0.811273
0.194707
0.693088
0.711938
0.679973
0.645876
0.883379
0.048955
0.0286314
0.0187385
0.420999
0.78462
0.950592
0.446082
0.0984132
0.944228
0.8862
0.460997
0.486477
0.664027
0.912011
0.507475
0.747743
0.19308
0.736757
0.536447
0.13442
0.530539
0.610205
0.454352
0.312751
0.497703
0.56089
0.893224
0.176339
0.378454
0.796793
0.506748
0.207196
0.788639
0.863168
0.0449543
0.402996
0.106129
0.974895
0.319396
0.669888
0.516563
0.988057
0.243167
0.761654
0.661764
0.0398144
0.00309802
0.131204
0.421791
0.982416
0.867687
0.561024
0.651431
0.421241
0.149417
0.773776
0.720341
0.218934
0.447536
0.226149
0.968356
0.0915996
0.311513
0.180238
0.583466
0.579361
0.267742
0.131146
0.672245
0.23229
0.0399294
0.041195
0.959213
0.39561
0.562936
0.00182934
0.0113168
0.224679
0.985132
0.35796
0.0940306
0.656835
0.818047
0.150198
0.891846
0.509869
0.738076
0.477588
0.464691
0.944165
0.158751
0.712756
0.546355
0.247739
0.772961
0.45954
0.258683
0.986079
0.722151
0.307133
0.713331
0.641421
0.830869
0.853342
0.728017
0.395806
0.0676239
0.16518
0.987712
0.240658
0.932628
0.104671
0.953453
0.0266458
0.692491
0.26316
0.205289
0.913275
0.290212
0.265644
0.506571
0.581188
0.0291916
0.0617548
0.995476
0.604299
0.830546
0.363819
0.757738
0.613239
0.857151
0.927834
0.516203
0.768836
0.791165
0.617772
0.692608
0.352642
0.0712497
0.634164
0.827936
0.441385
0.077444
0.0883723
0.105565
0.46306
0.832062
0.23029
0.708747
0.630905
0.726604
0.219154
0.341631
0.621608
0.438829
0.482574
0.253891
0.929782
0.770407
0.318781
0.497304
0.785346
0.150636
0.58885
0.264364
0.0908684
0.52239
0.689791
0.561755
0.522864
0.307597
0.476591
0.844943
0.896275
0.207675
0.64246
0.239626
0.623234
0.900017
0.49841
0.426938
0.937415
0.00874193
0.670664
0.636947
0.296938
0.278708
0.170649
0.60689
0.92826
0.803803
0.315185
0.257553
0.260092
0.475299
0.446059
0.824495
0.496439
0.542981
0.191486
0.643247
0.557669
0.249826
0.222071
0.760037
0.00735662
0.140832
0.037994
0.6723
0.272234
0.6449
0.171173
0.27328
0.0263573
0.899856
0.0723553
0.0892514
0.509113
0.161115
0.207553
0.593602
0.00235531
0.685668
0.444204
0.112411
0.929114
0.574822
0.273056
0.00614151
0.34542
0.812724
0.372135
0.840983
0.910741
0.591575
0.611516
0.606778
0.908443
0.835801
0.832388
0.462463
0.134076
0.683365
0.0850536
0.060305
0.69139
0.52309
0.917501
0.455149
0.786564
0.379136
0.409258
0.923065
0.248477
0.0484628
0.973159
0.878805
0.791258
0.654019
0.127692
0.442231
0.00307937
0.634013
0.650731
0.169926
0.922934
0.157643
0.58405
0.68169
0.904074
0.671398
0.559062
0.0253255
0.759869
0.393321
0.448891
0.22832
0.800441
0.914873
0.712633
0.991834
0.164343
0.738469
0.175564
0.265725
0.262793
0.0331745
0.385303
0.0159982
0.348078
0.505278
0.532909
0.402882
0.144282
0.852866
0.865662
0.0513971
0.956638
0.366844
0.999264
0.543916
0.805233
0.785356
0.666311
0.0989625
0.128034
0.437339
0.783075
0.267552
0.330052
0.920081
0.481539
0.208972
0.879552
0.625432
0.412224
0.950417
0.924114
0.959487
0.316605
0.510218
0.0581467
0.620921
0.259473
0.312752
0.0911307
0.142342
0.150321
0.313121
0.860157
0.649783
0.760918
0.12596
0.766267
0.52778
0.852237
0.653612
0.428179
0.785232
0.229718
0.750848
0.431641
0.765086
0.157885
0.335249
0.722804
0.383114
0.0784612
0.0466807
0.231046
0.772421
0.788837
0.648504
0.748136
0.703971
0.343933
0.809935
0.241067
0.545539
0.403156
0.528332
0.967096
0.487257
0.105336
0.433097
0.926309
0.943894
0.0755067
0.793245
0.655171
0.910622
0.881311
0.167753
0.733882
0.192307
0.524047
0.456776
0.965629
0.582155
0.961969
0.680191
0.403937
0.125414
0.467277
0.95146
0.890983
0.277332
0.302584
0.195085
0.393143
0.96601
0.576901
0.0133663
0.920352
0.25482
0.45188
0.341295
0.392068
0.29959
0.0313065
0.539558
0.915832
0.284788
0.911947
0.601484
0.13151
0.0166431
0.739458
0.0439151
0.22935
0.173994
0.485201
0.724505
0.554207
0.23375
0.280884
0.0873851
0.909297
0.391272
0.898022
0.741691
0.958235
0.82077
0.319056
0.129978
0.777211
0.938171
0.00602901
0.922294
0.907153
0.310341
0.482247
0.583711
0.246799
0.432575
0.608477
0.47587
0.476055
0.828481
0.369218
0.772114
0.245638
0.799403
0.789363
0.466752
0.895038
0.389588
0.952351
0.210042
0.161125
0.695112
0.207669
0.970875
0.635897
0.225692
0.258966
0.061324
0.054628
0.00925129
0.161889
0.585286
0.0864132
0.0646882
0.539226
0.82569
0.354495
0.520716
0.531593
0.854037
0.812455
0.066165
0.228734
0.444996
0.142695
0.438271
0.945072
0.299146
0.0986134
0.0399243
0.566082
0.968834
0.706188
0.923279
0.405514
0.0889575
0.225244
0.851103
0.603273
0.0494811
0.737966
0.577651
0.390674
0.861628
0.981971
0.988713
0.803424
0.49262
0.286736
0.47748
0.455871
0.926414
0.0205234
0.0195162
0.193799
0.490433
0.0609182
0.22291
0.0270778
0.463506
0.744546
0.765264
0.497744
0.905758
0.712332
0.130357
0.0682596
0.376289
0.333725
0.558987
0.109559
0.958595
0.101842
0.376227
0.00573728
0.20276
0.834872
0.68535
0.719198
0.512011
0.572297
0.31487
0.420587
0.95188
0.936656
0.524288
0.743042
0.420439
0.943922
0.708329
0.535079
0.996596
0.218167
0.332843
0.588968
0.776433
0.876914
0.335661
0.74586
0.109351
0.948745
0.22318
0.252996
0.722239
0.785103
0.0609176
0.967253
0.523947
0.885299
0.488951
0.921229
0.321014
0.169809
0.879992
0.447752
0.851522
0.151481
0.0590026
0.343479
0.347054
0.0591278
0.243921
0.947132
0.0758859
0.573971
0.467626
0.0584643
0.108932
0.0786822
0.371412
0.641783
0.646193
0.703645
0.996512
0.0731924
0.467989
0.0391794
0.656157
0.703998
0.113249
0.583635
0.919333
0.936598
0.454355
0.986001
0.840995
0.389373
0.879402
0.602939
0.0443461
0.406449
0.818355
0.329726
0.465177
0.958793
0.14445
0.00786472
0.630592
0.854894
0.605096
0.228007
0.966358
0.630262
0.195266
0.68005
0.15187
0.0930314
0.393283
0.067869
0.768521
0.224213
0.910195
0.220146
0.533761
0.343564
0.497621
0.277473
0.151017
0.289676
0.0692707
0.562556
0.543925
0.0179484
0.862006
0.411783
0.228461
0.438437
0.146256
0.583763
0.991821
0.0891455
0.592983
0.974866
0.89883
0.273396
0.646315
0.1313
0.725928
0.437112
0.539965
0.124355
0.310781
0.519475
0.525389
0.560501
0.301468
0.482893
0.808445
0.509507
0.824658
0.0875354
0.226363
0.773003
0.057579
0.682946
0.876294
0.368015
0.030192
0.340284
0.541559
0.433732
0.749071
0.282148
0.957773
0.913766
0.949937
0.631816
0.201576
0.858736
0.724089
0.035132
0.407304
0.613627
0.44622
0.634224
0.253159
0.148194
0.00322078
0.00924262
0.336378
0.415033
0.857679
0.619644
0.719723
0.728772
0.771585
0.293395
0.993209
0.968955
0.916528
0.435479
0.319222
0.620431
0.701954
0.135349
0.983045
0.994052
0.762455
0.352963
0.715009
0.781931
0.827052
0.537677
0.183967
0.269136
0.54358
0.64972
0.585041
0.685942
0.807722
0.601864
0.98575
0.199021
0.859588
0.416029
0.390836
0.440056
0.658232
0.506446
0.0160783
0.653687
0.459658
0.268661
0.962189
0.00682495
0.15702
0.532939
0.849968
0.169169
0.084816
0.21197
0.207659
0.395928
0.530576
0.0562244
0.792843
0.496521
0.366925
0.621232
0.439058
0.701103
0.0562167
0.192006
0.897297
0.559999
0.237804
0.554922
0.961484
0.23931
0.0131156
0.437929
0.0314847
0.546106
0.604106
0.377202
0.844919
0.739278
0.558576
0.259693
0.142744
0.0518847
0.293093
0.395853
0.571339
0.984538
0.274175
0.998334
0.596006
0.483311
0.973322
0.952034
0.44118
0.332635
0.496825
0.575652
0.963484
0.967415
0.98333
0.438637
0.830231
0.512874
0.58127
0.458224
0.473071
0.113108
0.389993
0.429475
0.224056
0.372727
0.351965
0.924038
0.652069
0.0609053
0.000461398
0.938971
0.922
0.0590096
0.449574
0.451569
0.616491
0.195852
0.823261
0.57474
0.605301
0.153709
0.430895
0.326208
0.705313
0.946223
0.474917
0.530596
0.184026
0.969225
0.556162
0.992215
0.386751
0.0131034
0.43638
0.754815
0.16872
0.838467
0.270824
0.283601
0.0889084
0.574696
0.243782
0.875349
0.937287
0.700952
0.586806
0.584877
0.547707
0.450066
0.447814
0.726391
0.157258
0.203164
0.0215698
0.885524
0.259052
0.191404
0.838267
0.134172
0.679482
0.967332
0.0272367
0.541671
0.64435
0.741572
0.588829
0.90368
0.926232
0.627061
0.907343
0.697923
0.0206643
0.172783
0.445209
0.0393339
0.145824
0.695106
0.594153
0.499332
0.737543
0.301412
0.344608
0.687184
0.0342509
0.444745
0.390225
0.712039
0.446505
0.383978
0.622752
