0.0297848
0.357815
0.447431
0.781128
0.322748
0.967225
0.381317
0.0128395
0.444492
0.614767
0.0904213
0.226218
0.866932
0.395924
0.215458
0.598352
0.630884
0.899295
0.644784
0.490609
0.11421
0.130675
0.082009
0.914203
0.694165
0.5405
0.601777
0.2087
0.897487
0.560681
0.510075
0.111452
0.934875
0.0872367
0.181511
0.608054
0.0905488
0.19279
0.0551216
0.85374
0.809574
0.775324
0.466789
0.692832
0.254722
0.699623
0.876662
0.633801
0.412684
0.461507
0.0187589
0.059239
0.104019
0.682021
0.768218
0.194579
0.0518585
0.564725
0.589359
0.929906
0.0928725
0.235795
0.909671
0.987228
0.655875
0.42735
0.846565
0.373816
0.262722
0.121531
0.995102
0.32231
0.612559
0.315326
0.600347
0.524941
0.446013
0.12
0.853786
0.421172
0.0485922
0.571825
0.102293
0.156013
0.525512
0.783482
0.747454
0.903627
0.222
0.397343
0.141405
0.229183
0.367696
0.23764
0.578138
0.531002
0.333259
0.230531
0.440391
0.0723492
0.449845
0.621012
0.184531
0.959813
0.429179
0.88927
0.721987
0.996333
0.890086
0.269771
0.301468
0.77351
0.68783
0.137252
0.289329
0.00757735
0.226104
0.243634
0.952994
0.0451602
0.819594
0.803904
0.305584
0.353356
0.428643
0.825655
0.659196
0.161659
0.832812
0.87309
0.126392
0.103413
0.691435
0.0562452
0.380543
0.277781
0.469719
0.950575
0.503376
0.699334
0.788003
0.137897
0.316928
0.932403
0.728014
0.872164
0.0906908
0.326155
0.196607
0.460422
0.207264
0.145692
0.803254
0.465981
0.958003
0.907001
0.332089
0.466839
0.908448
0.201628
0.69326
0.315105
0.720662
0.374222
0.736975
0.0645247
0.661395
0.451591
0.524386
0.82628
0.981896
0.493611
0.615678
0.391379
0.432956
0.322309
0.661667
0.661924
0.517527
0.453022
0.461555
0.483783
0.956806
0.995132
0.262672
0.777839
0.929823
0.201602
0.99404
0.787268
0.528757
0.665826
0.125498
0.147084
0.81252
0.542635
0.864073
0.140632
0.0771177
0.180655
0.208005
0.579246
0.835806
0.0405771
0.204814
0.531624
0.542628
0.99067
0.995521
0.263874
0.304885
0.313378
0.634441
0.249476
0.489935
0.366775
0.0393019
0.399837
0.615031
0.656319
0.206194
0.787373
0.27519
0.499247
0.141813
0.476227
0.968148
0.258743
0.460578
0.659263
0.419985
0.328712
0.839228
0.527864
0.963201
0.973611
0.109355
0.637449
0.841936
0.812522
0.473881
0.240033
0.112853
0.212721
0.765665
0.342727
0.163661
0.451255
0.272204
0.507974
0.903633
0.443447
0.826024
0.021022
0.046416
0.653476
0.847925
0.330359
0.793569
0.251477
0.355422
0.949719
0.482872
0.169354
0.96919
0.812618
0.630469
0.0961208
0.796079
0.770838
0.400799
0.157014
0.239668
0.374026
0.342308
0.246985
0.269785
0.226209
0.0269137
0.0915733
0.0861913
0.938833
0.600057
0.666134
0.767384
0.673481
0.57807
0.493227
0.272488
0.650407
0.382214
0.211945
0.0118623
0.96499
0.61609
0.778262
0.454329
0.436122
0.893328
0.6676
0.0529076
0.679355
0.999102
0.154775
0.650001
0.423951
0.343008
0.997435
0.498806
0.788796
0.368443
0.779711
0.189079
0.298137
0.615572
0.229768
0.499118
0.603635
0.020456
0.269106
0.699515
0.48255
0.527208
0.947615
0.624779
0.894863
0.889484
0.518859
0.0461574
0.264262
0.903944
0.353121
0.321586
0.855603
0.529067
0.0768388
0.9973
0.157861
0.339397
0.183567
0.95774
0.918903
0.935318
0.405418
0.252707
0.881641
0.222066
0.444592
0.370692
0.384628
0.191884
0.259201
0.954263
0.3676
0.00250495
0.979215
0.11611
0.300294
0.0451683
0.574989
0.359321
0.625426
0.701091
0.886913
0.166753
0.0165173
0.98845
0.940946
0.364136
0.751693
0.0216009
0.87101
0.735938
0.687322
0.594631
0.663951
0.545292
0.574367
0.905183
0.0431128
0.308447
0.729924
0.430816
0.743045
0.134202
0.996744
0.550065
0.732713
0.506856
0.574799
0.0632459
0.919525
0.660967
0.212634
0.670928
0.789529
0.0850094
0.521692
0.615182
0.735141
0.575378
0.121937
0.338616
0.543301
0.376332
0.691825
0.952932
0.992632
0.75897
0.554601
0.0929804
0.948082
0.663666
0.84045
0.973131
0.173415
0.919913
0.835275
0.285742
0.506852
0.676432
0.246954
0.705716
0.128412
0.0753086
0.538435
0.678101
0.695721
0.090347
0.337459
0.816396
0.60919
0.202123
0.930982
0.161122
0.331744
0.000352521
0.951695
0.493022
0.978093
0.545368
0.652666
0.283556
0.858663
0.112656
0.694807
0.411772
0.302113
0.178835
0.754231
0.408796
0.746459
0.881855
0.600602
0.509568
0.639642
0.24487
0.0923423
0.920661
0.118297
0.169093
0.848547
0.68502
0.923957
0.635696
0.5436
0.866735
0.356277
0.690556
0.664823
0.164547
0.969079
0.484328
0.241347
0.490341
0.868018
0.81311
0.318362
0.93636
0.641612
0.513147
0.13889
0.624879
0.121082
0.843985
0.552534
0.758866
0.72014
0.14989
0.654765
0.548201
0.0440095
0.270003
0.54224
0.259047
0.46276
0.491635
0.652385
0.367061
0.436205
0.422039
0.766332
0.959708
0.706755
0.761044
0.78537
0.117308
0.85561
0.693404
0.992123
0.880319
0.8744
0.957423
0.347006
0.344353
0.88464
0.503455
0.817616
0.843815
0.605504
0.888059
0.112226
0.861177
0.202383
0.43755
0.989659
0.662433
0.189065
0.980143
0.550452
0.44611
0.684176
0.514816
0.758523
0.719368
0.646799
0.0880283
0.588069
0.285199
0.289559
0.458936
0.0512487
0.0651369
0.975873
0.881898
0.840633
0.903729
0.373522
0.719305
0.983377
0.00867995
0.452299
0.294075
0.613237
0.443567
0.880951
0.376281
0.716083
0.473092
0.272933
0.683374
0.327801
0.868605
0.73434
0.589014
0.684344
0.861445
0.0506424
0.0469978
0.901569
0.0718385
0.374103
0.113426
0.692522
0.925538
0.281679
0.572822
0.39361
0.454859
0.886375
0.873013
0.927833
0.356225
0.85701
0.0569116
0.0736505
0.870321
0.865935
0.642824
0.645582
0.351368
0.0666977
0.32248
0.960007
0.815155
0.47588
0.973762
0.221734
0.204753
0.139227
0.593731
0.279065
0.5597
0.627927
0.522165
0.867009
0.551739
0.985778
0.763019
0.725941
0.92277
0.873358
0.217028
0.669275
0.069567
0.0921655
0.934965
0.614657
0.703798
0.96233
0.81117
0.682116
0.350042
0.78707
0.544288
0.238298
0.0608948
0.690655
0.924346
0.147811
0.726991
0.460122
0.268839
0.779696
0.551391
0.678126
0.732636
0.336835
0.131281
0.0840651
0.786155
0.51839
0.786872
0.915521
0.805976
0.116778
0.962865
0.0168224
0.0899666
0.903936
0.641728
0.318258
0.652953
0.633442
0.171123
0.716579
0.682503
0.180117
0.0970055
0.185773
0.882755
0.26872
0.932479
0.297956
0.790515
0.228233
0.82816
0.972556
0.23533
0.954849
0.183649
0.739397
0.208127
0.665716
0.52108
0.797517
0.401967
0.960257
0.449198
0.696822
0.0548675
0.508572
0.634489
0.297421
0.496807
0.862839
0.409488
0.482184
0.798941
0.0510269
0.514948
0.618802
0.626232
0.533645
0.896118
0.379991
0.36756
0.114115
0.948482
0.921885
0.451628
0.2423
0.506821
0.87904
0.414885
0.715541
0.436064
0.647415
0.357762
0.135168
0.517392
0.385313
0.711317
0.840272
0.512973
0.148731
0.0471871
0.876153
0.628803
0.648915
0.667103
0.0690791
0.439745
0.351777
0.259402
0.0464018
0.879589
0.340035
0.205913
0.0828298
0.441191
0.407026
0.989435
0.14598
0.840228
0.321571
0.509215
0.31478
0.00789605
0.730356
0.130326
0.123525
0.926948
0.514793
0.152439
0.888587
0.397782
0.286
0.374769
0.307296
0.786187
0.738547
0.459512
0.801899
0.516769
0.0619412
0.878673
0.26146
0.244235
0.00140435
0.697192
0.41458
0.81947
0.149092
0.0637212
0.566852
0.350425
0.746837
0.905392
0.0851513
0.459096
0.750339
0.133885
0.0910522
0.807817
0.794038
0.584289
0.765249
0.530697
0.688406
0.532801
0.0751352
0.741299
0.723024
0.769811
0.820747
0.890906
0.0553998
0.0283605
0.085228
0.739749
0.821308
0.180986
0.833066
0.0381572
0.453611
0.371095
0.425965
0.0943802
0.492551
0.449534
0.717482
0.423532
0.687785
0.529202
0.0510341
0.466655
0.960131
0.672026
0.848756
0.814967
0.747137
0.819752
0.685744
0.0778037
0.206111
0.783307
0.360285
0.711326
0.791879
0.415771
0.00405868
0.860978
0.982401
0.452439
0.825765
0.422641
0.471975
0.196159
0.279676
0.233674
0.398835
0.0408996
0.185304
0.15715
0.0797868
0.275662
0.0790028
0.716817
0.166786
0.585768
0.846164
0.242994
0.403731
0.708537
0.795399
0.258963
0.627662
0.599817
0.871214
0.731877
0.433674
0.852527
0.409864
0.810415
0.115345
0.328867
0.652223
0.779679
0.673573
0.294726
0.494275
0.638786
0.447493
0.62298
0.28434
0.442634
0.386669
0.902722
0.888486
0.111517
0.0259099
0.667678
0.128958
0.402115
0.681133
0.513254
0.538054
0.757885
0.846628
0.909589
0.49132
0.867341
0.140325
0.25974
0.693296
0.991055
0.0361288
0.0898844
0.0258639
0.688315
0.602521
0.00717977
0.105668
0.890574
0.281211
0.963649
0.713182
0.771055
0.488547
0.977349
0.211989
0.992806
0.760319
0.481415
0.632185
0.792593
0.649699
0.193584
0.454627
0.303968
0.0296676
0.316033
0.943194
0.240393
0.57323
0.913728
0.205071
0.139964
0.689068
0.0194924
0.688956
0.881776
0.180472
0.168004
0.705932
0.443871
0.9955
0.393639
0.842103
0.445779
0.0401542
0.283954
0.468878
0.419552
0.205457
0.829351
0.815412
0.403147
0.208627
0.120607
0.457313
0.953564
0.752885
0.989958
0.0140623
0.52848
0.47479
0.950144
0.636914
0.908925
0.363625
0.989378
0.60645
0.165982
0.106632
0.992242
0.262207
0.823823
0.241526
0.815483
0.61693
0.310432
0.0202339
0.63105
0.980073
0.643392
0.813766
0.658431
0.633323
0.584911
0.0428495
0.563014
0.0752226
0.512441
0.632574
0.981182
0.13666
0.550839
0.182473
0.0547613
0.77558
0.727014
0.705352
0.251853
0.50159
0.408171
0.855814
0.727239
0.348254
0.619262
0.302486
0.64198
0.3486
0.0820797
0.531453
0.64639
0.371009
0.596586
0.437267
0.183363
0.357815
0.925863
0.141846
0.99025
0.194499
0.39358
0.394108
0.0599461
0.25029
0.505848
0.0858632
0.821195
0.461859
0.647979
0.202441
0.877956
0.831238
0.105415
0.167413
0.220051
0.97758
0.733824
0.269779
0.39158
0.608414
0.591046
0.243034
0.293499
0.817473
0.939602
0.074956
0.258389
0.0444695
0.457771
0.302555
0.390001
0.300981
0.0236281
0.0994225
0.576608
0.408043
0.230857
0.378464
0.639612
0.157474
0.218576
0.295589
0.682899
0.815175
0.296433
0.161135
0.827293
0.470614
0.76282
0.884011
0.597528
0.802871
0.832519
0.803971
0.675883
0.545138
0.47967
0.312756
0.485207
0.434562
0.565635
0.258298
0.108889
0.963745
0.0692316
0.997596
0.937591
0.54505
0.852762
0.601982
0.431281
0.0581039
0.31142
0.00437149
0.752755
0.95388
0.969328
0.821791
0.0829569
0.358257
0.263221
0.15225
0.673014
0.0427516
0.0380632
0.0765145
0.217417
0.687358
0.862239
0.189011
0.960635
0.026539
0.00251067
0.691739
0.414481
0.73678
0.347313
0.412994
0.607
0.215936
0.672345
0.907117
0.972289
0.995206
0.128263
0.989661
0.792392
0.600582
0.488611
0.694351
0.0573287
0.669625
0.992208
0.326725
0.0788497
0.73195
0.288985
0.465831
0.965168
0.00183862
0.522949
0.901066
0.90869
0.0436762
0.471992
0.132283
0.631103
0.888236
0.767887
0.112339
0.053482
0.292938
0.845085
0.687675
0.937122
0.293002
0.00535971
0.712565
0.298091
0.418109
0.319228
0.537083
0.508315
0.728811
0.290677
0.654402
0.552767
0.480015
0.274398
0.737568
0.822684
0.271197
0.512436
0.000139548
0.363971
0.301978
0.43653
0.447437
0.348175
0.242258
0.868691
0.80947
0.922108
0.235813
0.423541
0.925191
0.0422973
0.461584
0.427669
0.976205
0.708016
0.914984
0.605605
0.755558
0.350025
0.720395
0.18368
0.954268
0.717124
0.40001
0.755271
0.139693
0.0971218
0.194042
0.455695
0.199413
0.796204
0.566839
0.0134775
0.715674
0.207025
0.118478
0.491621
0.380963
0.344732
0.576011
0.22016
0.704887
0.269568
0.958263
0.711129
0.00327935
0.361186
0.0791968
0.268954
0.296283
0.305774
0.113689
0.949736
0.777341
0.680982
0.527115
0.784976
0.513868
0.20436
0.483152
0.0941569
0.139489
0.537482
0.000623182
0.430374
0.0570669
0.62442
0.699532
0.840935
0.395934
0.0395994
0.50711
0.474885
0.615816
0.896093
0.71816
0.968194
0.52753
0.976158
0.949148
0.336109
0.747532
0.61009
0.741052
0.532198
0.743473
0.0417535
0.613263
0.099992
0.253031
0.748928
0.148275
0.285864
0.0407674
0.66012
0.509858
0.540304
0.593508
0.683194
0.325211
0.872412
0.00917566
0.819583
0.594013
0.983902
0.284237
0.565447
0.0633301
0.311974
0.0597368
0.209464
0.631976
0.748772
0.50385
0.0616949
0.83011
0.341547
0.182171
0.350154
0.135763
0.0494327
0.510144
0.797554
0.24409
0.0293208
0.0296786
0.0139128
0.627805
0.197449
0.798431
0.311556
0.600152
0.0379957
0.589956
0.981837
0.046596
0.102117
0.638014
0.314645
0.195492
0.285188
0.331441
0.719985
0.0697489
0.502924
0.0792695
0.45448
0.708514
0.724182
0.258575
0.545671
0.979384
0.359885
0.834069
0.0951443
0.997666
0.740983
0.956124
0.981858
0.362799
0.28139
0.755742
0.485417
0.856704
0.285134
0.155572
0.0116181
0.600955
0.681365
0.9914
0.805712
0.292775
0.367833
0.318419
0.181334
0.325475
0.199685
0.527481
0.00976153
0.145859
0.574634
0.0388722
0.553764
0.861623
0.692083
0.984258
0.357617
0.440304
0.771026
0.428686
0.250331
0.184546
0.470329
0.187068
0.948392
0.558438
0.468599
0.196044
0.738238
0.669652
0.526455
0.75768
0.244128
0.920422
0.296295
0.88233
0.832086
0.510414
0.326882
0.454972
0.878875
0.320558
0.18365
0.682794
0.863252
0.535215
0.0534954
0.00754466
0.233106
0.210131
0.26282
0.110608
0.239328
0.396157
0.778705
0.551465
0.470805
0.143848
0.298485
0.0641053
0.788627
0.322784
0.471998
0.693901
0.18049
0.105079
0.714906
0.154527
0.517148
0.524559
0.414009
0.125196
0.544765
0.098411
0.954874
0.898004
0.220896
0.0885364
0.68699
0.644883
0.544817
0.265283
0.00251289
0.580414
0.632547
0.576397
0.564261
0.643628
0.495932
0.0891344
0.526608
0.272994
0.950638
0.071741
0.192251
0.788795
0.0944197
0.338795
0.630035
0.180688
0.708419
0.47598
0.802166
0.103324
0.638178
0.0629617
0.797061
0.348684
0.709101
0.17682
0.913775
0.372242
0.902729
0.263337
0.224294
0.422675
0.596328
0.190818
0.0708865
0.658397
0.770649
0.643739
0.630712
0.475019
0.778903
0.0581333
0.0343099
0.035679
0.127437
0.550006
0.725906
0.111783
0.897855
0.977466
0.736431
0.107869
0.665187
0.826879
0.767977
0.931857
0.955215
0.211336
0.689357
0.925559
0.179418
0.422127
0.782211
0.617585
0.845964
0.906196
0.33013
0.582642
0.082367
0.743375
0.834143
0.877815
0.930025
0.2959
0.116962
0.249766
0.765433
0.510713
0.698083
0.276724
0.0670303
0.934695
0.155405
0.679217
0.535481
0.962879
0.389039
0.846026
0.0967546
0.308447
0.265726
0.298472
0.216235
0.537419
0.639529
0.968849
0.15581
0.93183
0.939801
0.997469
0.488936
0.503708
0.883763
0.694086
0.12299
0.730718
0.8197
0.677252
0.250531
0.85964
0.307362
0.860066
0.994261
0.421933
0.971116
0.878724
0.425725
0.930834
0.0570382
0.72081
0.376789
0.129079
0.290751
0.704957
0.358973
0.116986
0.120634
0.681428
0.108387
0.676484
0.445236
0.360377
0.155824
0.46449
0.336123
0.136336
0.504901
0.057304
0.827489
0.519006
0.199487
0.645077
0.0143881
0.482083
0.345695
0.190012
0.534236
0.21316
0.0235569
0.26129
0.858825
0.26483
0.709384
0.742247
0.314792
0.729399
0.445115
0.80388
0.683013
0.493492
0.249672
0.964157
0.440171
0.410555
0.312711
0.36142
0.520193
0.109146
0.198482
0.438287
0.298697
0.558305
0.0904297
0.476573
0.0866932
0.463152
0.565975
0.358716
0.629961
0.408593
0.648019
0.619926
0.902049
0.969624
0.430459
0.974718
0.519184
0.573828
0.768044
0.0406308
0.0542077
0.420445
0.301115
0.172045
0.0283964
0.249922
0.634929
0.0964316
0.739887
0.245474
0.662311
0.313722
0.249422
0.225523
0.534482
0.490511
0.295005
0.213755
0.394029
0.783731
0.524226
0.609563
0.437891
0.699199
0.440756
0.79144
0.210044
0.81667
0.370052
0.53588
0.182259
0.775194
0.717881
0.846239
0.398473
0.6126
0.460534
0.297046
0.224204
0.814672
0.10388
0.0947307
0.63412
0.768626
0.949598
0.896469
0.578907
0.632065
0.239412
0.461675
0.325044
0.819717
0.348302
0.286122
0.591826
0.221138
0.809997
0.0629864
0.109636
0.142755
0.666846
0.115477
0.073892
0.125559
0.485535
0.197281
0.68767
0.913749
0.330879
0.882655
0.874307
0.0971425
0.48284
0.0108005
0.471643
0.482544
0.0134165
0.116725
0.976656
0.609814
0.0716849
0.78361
0.586935
0.320021
0.139682
0.682699
0.261553
0.714837
0.945198
0.212616
0.771569
0.527283
0.322032
0.843967
0.593534
0.111936
0.769065
0.246261
0.444743
0.32362
0.00407087
0.0584312
0.0577082
0.1043
0.366267
0.00108977
0.745148
0.427007
0.226773
0.663817
0.736733
0.198255
0.126259
0.992617
0.1735
0.212682
0.52895
0.0701519
0.315486
0.494534
0.373916
0.56897
0.381464
0.395136
0.0376803
0.859645
0.0842999
0.606154
0.0990975
0.354575
0.942404
0.793362
0.337081
0.00638886
0.208728
0.18013
0.769742
0.0936542
0.382422
0.952148
0.82696
0.527615
0.640324
0.106509
0.695497
0.289721
0.400061
0.0437632
0.234153
0.734771
0.722427
0.686928
0.33921
0.497412
0.247712
0.580163
0.220194
0.557381
0.260803
0.0400989
0.0802589
0.835781
0.378812
0.485507
0.881872
0.976519
0.807972
0.524886
0.842787
0.633868
0.55049
0.497377
0.41851
0.996933
0.781407
0.70879
0.306372
0.283361
0.575223
0.137664
0.755405
0.0118622
0.0218558
0.346262
0.859876
0.414154
0.734539
0.221829
0.678279
0.915578
0.803995
0.613738
0.558697
0.372841
0.752571
0.363596
0.077877
0.372257
0.735259
0.85061
0.292686
0.661365
0.95913
0.589038
0.00715387
0.307951
0.414546
0.353675
0.96968
0.846608
0.316252
0.369256
0.192025
0.595882
0.47898
0.176983
0.0455278
0.388393
0.0216002
0.686236
0.612492
0.500225
0.58072
0.689705
0.0269923
0.2167
0.136528
0.672436
0.418211
0.115557
0.693693
0.635645
0.778321
0.905641
0.657831
0.391476
0.380556
0.218304
0.367637
0.36356
0.381783
0.749857
0.385896
0.147653
0.0858701
0.717264
0.522134
0.753265
0.540488
0.633203
0.784333
0.125157
0.596028
0.66853
0.596619
0.460857
0.473336
0.151553
0.435975
0.282546
0.796367
0.133525
0.250798
0.250535
0.812699
0.134578
0.877464
0.307486
0.625391
0.815115
0.392541
0.699597
0.664628
0.604922
0.441033
0.980979
0.642356
0.00255066
0.0819563
0.211278
0.91241
0.71104
0.349028
0.255784
0.789561
0.326714
0.732348
0.643084
0.526145
0.270277
0.464679
0.996444
0.985774
0.675063
0.919539
0.970344
0.869073
0.0400257
0.789157
0.975452
0.219704
0.120883
0.159549
0.369407
0.701099
0.890888
0.85845
0.309557
0.697966
0.820341
0.612111
0.301268
0.69808
0.675224
0.249051
0.28174
0.815272
0.381422
0.363181
0.215594
0.303281
0.696788
0.401849
0.586576
0.784727
0.997969
0.212499
0.809144
0.690557
0.853261
0.991812
0.643398
0.96144
0.424523
0.745772
0.98568
0.157635
0.129264
0.778949
0.721208
0.219536
0.224455
0.570649
0.0303704
0.490506
0.231719
0.102022
0.911276
0.57301
0.11164
0.666448
0.228149
0.999909
0.605892
0.528647
0.906443
0.145337
0.536541
0.552875
0.315109
0.315126
0.763335
0.227802
0.408343
0.92912
0.539451
0.12297
0.541706
0.892587
0.409947
0.363075
0.133295
0.899566
0.082292
0.78555
0.861063
0.540098
0.403191
0.498568
0.378854
0.969122
0.262928
0.516582
0.451406
0.162339
0.52562
0.217109
0.632363
0.751026
0.15208
0.0411941
0.187116
0.0513519
0.172228
0.563413
0.671814
0.228285
0.967526
0.160704
0.609605
0.0491088
0.379075
0.50352
0.0106498
0.0115998
0.0780193
0.322924
0.193869
0.33802
0.292698
0.793063
0.962489
0.368567
0.869033
0.222401
0.0651602
0.647042
0.0500898
0.652422
0.640298
0.648768
0.55067
0.200843
0.791713
0.0806879
0.176272
0.571676
0.264749
0.293244
0.285033
0.34645
0.208952
0.314668
0.207895
0.381761
0.600394
0.631217
0.219713
0.193133
0.839364
0.764943
0.300888
0.0901955
0.0826135
0.659928
0.458048
0.786711
0.7372
0.245612
0.868186
0.364049
0.568454
0.268502
0.27933
0.435742
0.852103
0.674164
0.0811136
0.993645
0.776148
0.311698
0.256988
0.933155
0.577046
0.0844062
0.91838
0.666691
0.463763
0.508101
0.803482
0.717204
0.631534
0.875029
0.636839
0.296586
0.172652
0.370211
0.387323
0.566451
0.620757
0.678398
0.393311
0.909927
0.580307
0.581239
0.990845
0.982729
0.561366
0.763441
0.255064
0.49225
0.0653047
0.140361
0.842601
0.859126
0.987812
0.348605
0.36875
0.311819
0.998188
0.159523
0.986759
0.121363
0.215311
0.656807
0.276575
0.324044
0.40101
0.567346
0.112079
0.128675
0.0738515
0.178143
0.18748
0.625356
0.0283991
0.474987
0.495345
0.326482
0.417486
0.161878
0.0252566
0.71615
0.519182
0.266704
0.41387
0.167828
0.244808
0.758272
0.837789
0.477546
0.288049
0.757875
0.733723
0.0654737
0.989825
0.0396801
0.777912
0.973253
0.415128
0.310777
0.604005
0.134752
0.182245
0.454736
0.325021
0.476815
0.0456751
0.0252548
0.0884442
0.735933
0.802964
0.199101
0.917662
0.897606
0.583674
0.68092
0.834802
0.75484
0.578184
0.399956
0.0426222
0.0495265
0.303303
0.735416
0.30518
0.35392
0.557949
0.191728
0.588345
0.042794
0.800758
0.365541
0.245208
0.560456
0.624248
0.302376
0.472568
0.587894
0.87089
0.170035
0.484073
0.530713
0.835367
0.909564
0.00147288
0.21431
0.259995
0.645458
0.956433
0.809788
0.611987
0.331033
0.411152
0.584988
0.353568
0.398325
0.00245474
0.675297
0.924685
0.992758
0.233991
0.873938
0.701437
0.0902108
0.0464857
0.871888
0.953826
0.962204
0.126346
0.73708
0.97558
0.366776
0.508975
0.315443
0.127436
0.817724
0.745531
0.596445
0.575563
0.260855
0.0644048
0.436841
0.552507
0.648859
0.432372
0.416786
0.0517366
0.159812
0.783284
0.147847
0.909151
0.591434
0.886544
0.0536448
0.466301
0.112087
0.900728
0.953021
0.812705
0.331889
0.271233
0.0512385
0.889282
0.985333
0.36436
0.646331
0.0288774
0.230323
0.720716
0.924395
0.567478
0.83877
0.92762
0.251595
0.0333309
0.722094
0.0475145
0.554334
0.0568609
0.898756
0.523024
0.722996
0.139155
0.26174
0.25414
0.791984
0.894281
0.473127
0.599212
0.435731
0.475142
0.158244
0.294527
0.594998
0.808739
0.932254
0.588892
0.878295
0.28979
0.43403
0.476757
0.507527
0.521913
0.997898
0.870111
0.129986
0.226426
0.472724
0.122442
0.203349
0.472663
0.751766
0.694635
0.100619
0.381494
0.436023
0.247505
0.603529
0.903045
0.523616
0.90895
0.842983
0.260545
0.937684
0.246536
0.526844
0.0801637
0.230248
0.464516
0.879711
0.969929
0.399071
0.901435
0.0549644
0.311182
0.856298
0.858125
0.58426
0.238581
0.56141
0.964046
0.596396
0.945041
0.56784
0.18147
0.674973
0.478346
0.117638
0.911136
0.788521
0.542452
0.74386
0.921715
0.665684
0.493609
0.149741
0.240038
0.974224
0.903358
0.715504
0.186616
0.254289
0.506348
0.664288
0.661584
0.930101
0.778998
0.283421
0.0420977
0.863568
0.943009
0.0747758
0.283281
0.0566456
0.20794
0.475289
0.525976
0.212688
0.180016
0.738064
0.54464
0.0384432
0.133138
0.07927
0.875069
0.846202
0.499013
0.864435
0.502475
0.557765
0.502864
0.853475
0.2163
0.321754
0.668537
0.422059
0.53951
0.666168
0.511418
0.728598
0.854395
0.905377
0.00314863
0.46317
0.53655
0.233522
0.281435
0.169351
0.156156
0.422054
0.237961
0.871848
0.291922
0.122244
0.823748
0.151052
0.270036
0.433598
0.962016
0.796478
0.606704
0.592797
0.63895
0.808911
0.917781
0.898126
0.174833
0.161053
0.0335284
0.338426
0.742406
0.0353936
0.348368
0.774557
0.487444
0.0944811
0.101601
0.708881
0.0968581
0.676963
0.168995
0.797102
0.208334
0.651267
0.397486
0.478875
0.542113
0.659806
0.194629
0.310668
0.208076
0.0466215
0.799716
0.822931
0.742978
0.490342
0.570229
0.368403
0.835348
0.899727
0.661379
0.778944
0.00281516
0.87002
0.0685092
0.573287
0.592005
0.820459
0.613514
0.537832
0.535906
0.973275
0.131146
0.569696
0.429351
0.0714604
0.29129
0.918525
0.102086
0.621443
0.462433
0.966149
0.990325
0.83113
0.4983
0.84876
0.879692
0.504807
0.529846
0.164384
0.651467
0.201268
0.9438
0.99274
0.906728
0.510272
0.342053
0.835729
0.0831538
0.0939414
0.621742
0.138064
0.985111
0.079712
0.574605
0.647347
0.484594
0.854202
0.38651
0.0637494
0.186708
0.38094
0.748608
0.210752
0.444638
0.198011
0.289848
0.875698
0.590883
0.213281
0.484172
0.707588
0.27299
0.758659
0.5402
0.122107
0.131056
0.49563
0.0244134
0.222919
0.356391
0.163496
0.7587
0.829923
0.105753
0.345412
0.00871383
0.623026
0.214815
0.130306
0.864755
0.1889
0.106189
0.492935
0.730427
0.870113
0.365814
0.575144
0.250147
0.879795
0.0435766
0.598428
0.243765
0.8578
0.776756
0.383118
0.561361
0.087879
0.589863
0.380343
0.0556508
0.410585
0.508415
0.110737
0.159444
0.838938
0.786898
0.392378
0.8204
0.81356
0.729846
0.541442
0.026535
0.425506
0.784879
0.506397
0.615377
0.46386
0.609859
0.687905
0.247757
0.532887
0.441972
0.604677
0.978036
0.204305
0.705467
0.412474
0.743689
0.669466
0.179414
0.48318
0.858143
0.468902
0.417478
0.667656
0.610273
0.994731
0.368885
0.856023
0.796431
0.185701
0.35841
0.100084
0.938553
0.0712624
0.363504
0.812101
0.0791753
0.285263
0.711396
0.604989
0.987384
0.729494
0.717311
0.668391
0.596226
0.222843
0.181966
0.0466659
0.619988
0.491081
0.607814
0.89375
0.871644
0.924898
0.401407
0.098086
0.710298
0.933277
0.17743
0.587387
0.953059
0.636803
0.879149
0.0235308
0.083493
0.740175
0.820742
0.278241
0.165336
0.103929
0.976401
0.0387924
0.882695
0.957567
0.351687
0.26874
0.957623
0.883541
0.421801
0.644164
0.0650695
0.420242
0.443415
0.123332
0.396325
0.574999
0.565111
0.303357
0.239841
0.430946
0.535972
0.583871
0.626169
0.715273
0.498676
0.276871
0.363313
0.306277
0.512018
0.199747
0.0864514
0.787004
0.49425
0.558997
0.393688
0.985124
0.70414
0.271733
0.00421866
0.657714
0.480031
0.889416
0.0883084
0.95102
0.0894268
0.565247
0.307041
0.110202
0.00683084
0.0866527
0.74705
0.0497057
0.185899
0.335273
0.150496
0.0384676
0.303217
0.109477
0.92603
0.788317
0.0904227
0.870406
0.526076
0.385027
0.494564
0.241357
0.577764
0.85104
0.11224
0.808495
0.72887
0.157128
0.655433
0.057303
0.308495
0.354203
0.030274
0.395222
0.147715
0.160501
0.906214
0.74786
0.512938
0.950355
0.723373
0.164311
0.185317
0.202788
0.0412825
0.933746
0.0940126
0.962384
0.00101924
0.606199
0.96479
0.689601
0.940588
0.496803
0.603733
0.750614
0.490121
0.0291741
0.0651711
0.888098
0.359817
0.371952
0.124772
0.758251
0.160795
0.345855
0.257386
0.481821
0.643687
0.528052
0.931267
0.264262
0.613508
0.726052
0.207386
0.397332
0.822913
0.611915
0.504881
0.543666
0.492216
0.840424
0.427628
0.591316
0.945938
0.32248
0.125757
0.613489
0.634067
0.391435
0.185699
0.17573
0.813115
0.777634
0.606137
0.309886
0.614933
0.451888
0.603822
0.632187
0.748481
0.0448385
0.453509
0.958648
0.404321
0.488656
0.418621
0.440491
0.924788
0.307753
0.557759
0.0781961
0.950036
0.122059
0.376342
0.920966
0.938856
0.713212
0.486828
0.354928
0.923627
0.596395
0.288197
0.595044
0.560907
0.500262
0.461581
0.512961
0.469611
0.563154
0.661855
0.463218
0.371469
0.169739
0.921564
0.198451
0.274918
0.239383
0.784769
0.562812
0.954179
0.371634
0.0544992
0.62538
0.465621
0.745761
0.901206
0.839802
0.332326
0.298077
0.226722
0.0179623
0.897079
0.727746
0.277053
0.68939
0.103669
0.948779
0.294462
0.301385
0.501704
0.867012
0.976964
0.2176
0.99668
0.676653
0.287943
0.926965
0.0302801
0.093745
0.165075
0.523968
0.557147
0.991507
0.389234
0.323968
0.153512
0.154773
0.358087
0.711194
0.224082
0.137182
0.746204
0.925564
0.994975
0.574056
0.641037
0.558407
0.899437
0.020482
0.358294
0.145331
0.432419
0.639963
0.00176978
0.507894
0.384969
0.446762
0.125829
0.250347
0.498481
0.268956
0.47962
0.213015
0.635373
0.64152
0.997505
0.271873
0.0550302
0.274514
0.938239
0.552401
0.547862
0.755497
0.598434
0.709458
0.219783
0.421202
0.284293
0.932266
0.773734
0.97675
0.086542
0.595963
0.654393
0.598686
0.217299
0.503711
0.985802
0.00558609
0.478803
0.598307
0.485356
0.912552
0.228031
0.323351
0.052044
0.565273
0.849978
0.747811
0.482409
0.472467
0.276602
0.567735
0.798904
0.512877
0.995496
0.678437
0.429309
0.556387
0.242551
0.327917
0.837269
0.770823
0.937395
0.895966
0.916053
0.855626
0.97863
0.472432
0.938779
0.994984
0.16741
0.917626
0.383258
0.915262
0.0347697
0.753473
0.175037
0.18777
0.142108
0.791861
0.105157
0.789471
0.216582
0.37627
0.116442
0.00512215
0.918395
0.384145
0.251878
0.475969
0.328882
0.306757
0.185673
0.485593
0.497598
0.294872
0.809217
0.724682
0.170762
0.308993
0.688146
0.353262
0.136198
0.161199
0.701598
0.963104
0.848915
0.355696
0.604026
0.863208
0.820517
0.856726
0.479222
0.69325
0.184195
0.160038
0.99493
0.0661195
0.992606
0.217668
0.885564
0.337217
0.316454
0.310463
0.713113
0.66368
0.717971
0.10464
0.700479
0.0805864
0.891196
0.69388
0.436475
0.656991
0.948094
0.771054
0.883353
0.342974
0.312665
0.507689
0.512523
0.581847
0.302786
0.24072
0.716436
0.769903
0.79124
0.730012
0.0484592
0.286318
0.648464
0.551975
0.704769
0.949222
0.403675
0.874756
0.067336
0.803867
0.337409
0.775433
0.0619856
0.575368
0.550766
0.799441
0.378435
0.534251
0.950083
0.121106
0.36126
0.144155
0.588725
0.545911
0.336008
0.294563
0.57017
0.802392
0.398225
0.68867
0.908718
0.113753
0.114368
0.628275
0.122519
0.696218
0.101891
0.491473
0.410302
0.900809
0.516328
0.672031
0.208721
0.531423
0.518005
0.553175
0.139468
0.882709
0.123332
0.165859
0.416517
0.49848
0.841665
0.946438
0.760504
0.564126
0.566145
0.4871
0.377556
0.0813988
0.59546
0.573373
0.200205
0.622427
0.333317
0.336342
0.393527
0.627476
0.441463
0.197786
0.25303
0.790578
0.090225
0.056356
0.352179
0.0870936
0.511045
0.823034
0.223439
0.598258
0.0853741
0.0403411
0.943932
0.45553
0.953885
0.810301
0.467801
0.829531
0.220106
0.940503
0.296104
0.920164
0.307779
0.754121
0.346259
0.217527
0.00249434
0.999686
0.415964
0.651076
0.732284
0.741039
0.274537
0.147696
0.251138
0.548746
0.951165
0.407116
0.0889653
0.277689
0.335366
0.563835
0.616956
0.893251
0.173221
0.803103
0.0749654
0.0352773
0.659513
0.304274
0.649111
0.44129
0.57393
0.338733
0.264824
0.894681
0.608571
0.416369
0.960867
0.288084
0.892542
0.380706
0.92375
0.586164
0.350785
0.296377
0.339992
0.634958
0.143096
0.779614
0.280829
0.295948
0.394983
0.317182
0.233971
0.236424
0.377312
0.0761583
0.800566
0.2277
0.192742
0.26007
0.0791875
0.752209
0.221479
0.621652
0.0836548
0.789876
0.0188121
0.142845
0.560486
0.199908
0.674438
0.250462
0.412763
0.608228
0.22965
0.540465
0.168811
0.458942
0.262254
0.271889
0.601082
0.74385
0.374712
0.9332
0.751688
0.337782
0.783448
0.210743
0.777713
0.755958
0.323255
0.538379
0.476132
0.487861
0.101485
0.295231
0.150321
0.508521
0.612539
0.432902
0.831604
0.238782
0.197642
0.120416
0.847611
0.0637074
0.861147
0.0573013
0.982539
0.499516
0.442415
0.436398
0.29161
0.322439
0.986829
0.995916
0.06998
0.419939
0.545
0.303298
0.262159
0.351649
0.763128
0.180299
1.10073e-05
0.489642
0.279926
0.415755
0.888817
0.00583942
0.853248
0.358434
0.526141
0.821307
0.944429
0.147085
0.962364
0.824502
0.606214
0.329989
0.75267
0.862472
0.457188
0.475662
0.0357502
0.859406
0.466468
0.500865
0.770162
0.859913
0.103375
0.530915
0.995669
0.708573
0.715067
0.679771
0.603699
0.439915
0.145189
0.354164
0.211198
0.206233
0.698219
0.180177
0.472167
0.834224
0.854989
0.908296
0.757624
0.0755968
0.917416
0.715709
0.676262
0.538244
0.989883
0.124421
0.892227
0.0250897
0.441317
0.0127004
0.68808
0.650942
0.54589
0.701144
0.228889
0.153223
0.155695
0.538006
0.0789945
0.932697
0.147823
0.493899
0.86763
0.31178
0.0356639
0.24849
0.379945
0.908877
0.853294
0.723075
0.12159
0.459988
0.394171
0.602817
0.93899
0.56346
0.607061
0.681163
0.252245
0.536308
0.142037
0.623451
0.532609
0.0680752
0.0287762
0.189891
0.210059
0.434298
0.504555
0.0181142
0.693634
0.144588
0.986884
0.959075
0.413683
0.247884
0.480416
0.941045
0.190889
0.0652594
0.203027
0.261007
0.0408832
0.915238
0.345222
0.629496
0.963136
0.0151563
0.413235
0.890172
0.874366
0.81044
0.46178
0.233905
0.648465
0.186249
0.213257
0.137548
0.996978
0.816995
0.655196
0.589312
0.593126
0.43098
0.527594
0.330006
0.241344
0.851048
0.914042
0.378767
0.381537
0.524547
0.217497
0.959774
0.188371
0.604278
0.88298
0.417885
0.327297
0.28343
0.366697
0.781493
0.298133
0.912254
0.255131
0.575491
0.0886985
0.517332
0.959268
0.19698
0.855751
0.558888
0.469669
0.50151
0.851692
0.0977052
0.738997
0.168849
0.177595
0.330301
0.214513
0.0168718
0.668914
0.491112
0.416305
0.357453
0.506278
0.0947111
0.55796
0.580761
0.513301
0.422539
0.464365
0.165094
0.474703
0.399303
0.999944
0.216376
0.323949
0.281627
0.267916
0.6671
0.258128
0.598576
0.697543
0.430251
0.0331733
0.514561
0.193505
0.627112
0.310098
0.228213
0.0886501
0.0666624
0.272402
0.62451
0.267553
0.862707
0.902392
0.470869
0.597518
0.639009
0.249949
0.495582
0.650507
0.0083112
0.524658
0.806725
0.296292
0.0823282
0.698795
0.764771
0.0664508
0.955997
0.613649
0.480488
0.0273863
0.76361
0.930565
0.160355
0.934281
0.285115
0.251599
0.247692
0.185793
0.818727
0.532686
0.66863
0.145613
0.8478
0.420253
0.045455
0.0393474
0.905669
0.169338
0.856143
0.22471
0.502354
0.802139
0.890732
0.731312
0.910981
0.226379
0.398223
0.140732
0.46663
0.389966
0.780254
0.0976525
0.202382
0.808087
0.00245596
0.898058
0.569877
0.149138
0.726899
0.718256
0.0694468
0.528757
0.186825
0.199073
0.693238
0.31611
0.864602
0.573884
0.198936
0.641339
0.399398
0.0149278
0.35533
0.375868
0.727347
0.0428353
0.914806
0.929142
0.556292
0.427877
0.917068
0.981604
0.11028
0.702279
0.159171
0.161381
0.638059
0.219629
0.534619
0.350175
0.505389
0.486286
0.935141
0.0703524
0.881093
0.554952
0.176014
0.866644
0.680796
0.805094
0.773744
0.428131
0.0447755
0.631707
0.0658731
0.57531
0.16228
0.713797
0.375923
0.216742
0.941034
0.0881822
0.109085
0.874454
0.760414
0.0943584
0.598404
0.707926
0.479515
0.90619
0.0915027
0.299739
0.598
0.968673
0.755081
0.695568
0.239446
0.42698
0.585033
0.449428
0.34883
0.836256
0.834838
0.927989
0.497832
0.69977
0.234976
0.045894
0.240562
0.394324
0.27311
0.116158
0.486325
0.804189
0.968304
0.393719
0.131136
0.771314
0.119729
0.622641
0.601347
0.232993
0.31443
0.90784
0.526999
0.807792
0.583524
0.339403
0.0553648
0.140184
0.721827
0.753361
0.66628
0.580976
0.740458
0.754065
0.267594
0.919721
0.785833
0.953638
0.812141
0.51092
0.720835
0.754172
0.634362
0.167442
0.285103
0.393724
0.737942
0.580272
0.0406454
0.0436457
0.119146
0.881025
0.225006
0.892072
0.784144
0.735994
0.0790096
0.414284
0.788791
0.535838
0.898879
0.011353
0.385975
0.114291
0.725796
0.874335
0.96345
0.297955
0.0194175
0.0203798
0.121579
0.235113
0.044172
0.953388
0.73194
0.460032
0.544573
0.722222
0.0285521
0.0136609
0.741786
0.333709
0.151666
0.236359
0.591513
0.800501
0.612782
0.390237
0.579792
0.0459685
0.527997
0.00470982
0.364481
0.292627
0.836377
0.180439
0.814645
0.811534
0.713083
0.947231
0.762013
0.650168
0.580562
0.288034
0.0384224
0.140805
0.458687
0.176555
0.325431
0.182196
0.827019
0.851535
0.366142
0.117442
0.428294
0.920649
0.50056
0.133292
0.457271
0.922949
0.542265
0.848091
0.260675
0.0651505
0.605794
0.324311
0.226901
0.391978
0.660601
0.0447592
0.521406
0.0333741
0.0422473
0.50766
0.703783
0.482989
0.734779
0.935527
0.948238
0.614968
0.935596
0.487759
0.555118
0.296502
0.839612
0.506773
0.394093
0.659089
0.0525947
0.499897
0.816779
0.856254
0.791303
0.759352
0.211465
0.834841
0.850991
0.208574
0.669917
0.91504
0.372184
0.0459916
0.464449
0.703117
0.931098
0.218532
0.242829
0.268315
0.180903
0.399187
0.0952598
0.143054
0.879731
0.347049
0.878214
0.330311
0.816172
0.921312
0.043676
0.722679
0.986224
0.329454
0.417828
0.904969
0.459789
0.0451058
0.277793
0.465135
0.383407
0.308064
0.559783
0.0774411
0.345266
0.993445
0.35346
0.479651
0.528931
0.863025
0.509545
0.946468
0.944703
0.701906
0.198309
0.011444
0.920256
0.496946
0.23504
0.224333
0.771996
0.419505
0.771171
0.249333
0.798046
0.465769
0.10832
0.851322
0.557751
0.881611
0.161892
0.917365
0.666731
0.0969382
0.166004
0.437453
0.540443
0.806286
0.256364
0.52038
0.228471
0.830212
0.862184
0.575418
0.961446
0.397365
0.879111
0.0365184
0.303406
0.366009
0.10012
0.142742
0.14013
0.923714
0.757145
0.835875
0.704451
0.714339
0.950616
0.639225
0.175024
0.854748
0.688267
0.285362
0.714494
0.801286
0.257381
0.226659
0.263407
0.710706
0.842281
0.12264
0.705039
0.155293
0.708214
0.0379486
0.898506
0.237266
0.546407
0.799962
0.902225
0.871057
0.597997
0.313659
0.0470572
0.41014
0.125245
0.18149
0.821087
0.00325541
0.0489057
0.770455
0.301314
0.620712
0.11986
0.868846
0.900763
0.303397
0.417584
0.663023
0.124442
0.981146
0.299942
0.541923
0.0130577
0.845105
0.388639
0.520976
0.117918
0.823402
0.865248
0.83807
0.617631
0.317698
0.998829
0.579019
0.69852
0.988056
0.559531
0.410403
0.0132906
0.983906
0.572884
0.314154
0.735027
0.194958
0.289401
0.325886
0.68761
0.765072
0.634437
0.099504
0.667984
0.339503
0.794025
0.381049
0.273983
0.874667
0.987294
0.964573
0.72106
0.563901
0.539055
0.523326
0.400882
0.159432
0.859572
0.000905181
0.569533
0.800913
0.0397406
0.373954
0.662115
0.390132
0.577357
0.298307
0.7361
0.925789
0.978217
0.0256533
0.912732
0.400491
0.642986
0.818115
0.522003
0.0102374
0.999332
0.803348
0.708704
0.646889
0.528271
0.356166
0.71436
0.952092
0.782459
0.870849
0.997369
0.905424
0.536492
0.935225
0.890536
0.572992
0.536335
0.527358
0.707328
0.00639084
0.0126243
0.741594
0.415408
0.641433
0.407223
0.997679
0.422894
0.0973175
0.548483
0.352416
0.293642
0.754839
0.352511
0.0990299
0.326825
0.779062
0.0979789
0.327084
0.772657
0.307204
0.189944
0.925923
0.568739
0.206699
0.200682
0.31609
0.88469
0.719957
0.525841
0.0630315
0.0545533
0.439234
0.552218
0.0305902
0.673268
0.73884
0.941789
0.63777
0.416003
0.252263
0.492113
0.893171
0.649508
0.960099
0.6755
0.789581
0.40527
0.350366
0.302602
0.815829
0.52166
0.201032
0.400681
0.238207
0.39813
0.718417
0.416188
0.616771
0.200393
0.0412596
0.556678
0.0546086
0.430767
0.423868
0.519191
0.0794502
0.828441
0.273172
0.493342
0.101477
0.375442
0.228373
0.484883
0.484376
0.471942
0.953632
0.775202
0.152671
0.535939
0.72313
0.0854524
0.120434
0.538817
0.705051
0.367803
0.0965538
0.632695
0.51093
0.180604
0.767832
0.320504
0.0941142
0.901807
0.705155
0.359489
0.469716
0.195898
0.868499
0.899805
0.968155
0.789397
0.800285
0.00117168
0.515442
0.241565
0.00172842
0.384662
0.0826488
0.510415
0.527108
0.893859
0.432072
0.545921
0.589719
0.930171
0.143647
0.022619
0.164964
0.907337
0.985118
0.249627
0.956572
0.718127
0.932152
0.238908
0.635715
0.613064
0.586217
0.88489
0.600209
0.541888
0.86874
0.428903
0.0221005
0.420575
0.558419
0.724813
0.64729
0.28792
0.259981
0.660217
0.0039286
0.143387
0.730227
0.592631
0.233081
0.431007
0.443039
0.769543
0.985912
0.721325
0.840578
0.119993
0.191769
0.74198
0.402527
0.423219
0.488371
0.856797
0.706488
0.0495289
0.473325
0.843285
0.947034
0.889132
0.94406
0.164258
0.192044
0.432971
0.407354
0.299806
0.0945153
0.232583
0.729007
0.722803
0.108242
0.403135
0.974097
0.895468
0.996326
0.398241
0.108559
0.940898
0.380025
0.194276
0.455928
0.114441
0.344683
0.874545
0.205283
0.0384967
0.392234
0.0123939
0.332067
0.337481
0.0659722
0.928291
0.591117
0.716859
0.720261
0.0579532
0.760796
0.987963
0.304084
0.0726883
0.581297
0.953863
0.984664
0.089009
0.345705
0.488858
0.895635
0.465331
0.928785
0.0258161
0.0625053
0.188941
0.130912
0.174486
0.381408
0.456699
0.729689
0.840866
0.137814
0.953457
0.680101
0.538607
0.938635
0.420312
0.633995
0.425424
0.652394
0.176486
0.921077
0.370856
0.834556
0.864984
0.88405
0.563406
0.755415
0.030124
0.0793378
0.576416
0.356661
0.316161
0.236626
0.246354
0.150629
0.124722
0.563257
0.526225
0.749957
0.160812
0.141215
0.106524
0.93593
0.0109875
0.203781
0.641984
0.422981
0.957785
0.283834
0.887315
0.0656426
0.843383
0.276532
0.571555
0.649645
0.874722
0.487551
0.186096
0.349258
0.434655
0.604675
0.577194
0.50635
0.248834
0.533745
0.772856
0.551045
0.739739
0.947701
0.795687
0.260729
0.998417
0.320411
0.808417
0.735584
0.722978
0.0743837
0.667187
0.429331
0.74641
0.313363
0.866402
0.135855
0.736241
0.574615
0.536065
0.595431
0.740114
0.675999
0.864784
0.132773
0.495882
0.924769
0.207392
0.816601
0.466393
0.225883
0.0963226
0.566588
0.482688
0.697958
0.0195574
0.716271
0.575177
0.565434
0.994013
0.189249
0.380782
0.636649
0.126221
0.743743
0.784299
0.0111809
0.808553
0.949389
0.462982
0.731603
0.302936
0.0539482
0.880416
0.614411
0.00342308
0.963403
0.644569
0.488862
0.178711
0.388925
0.610385
0.652039
0.853291
0.480308
0.548419
0.0126686
0.987721
0.0374395
0.194148
0.440747
0.243484
0.662682
0.519871
0.720588
0.104973
0.200643
0.94699
0.94937
0.647537
0.0382625
0.123355
0.293974
0.680999
0.644283
0.18765
0.416804
0.782348
0.112292
0.413806
0.776161
0.439151
0.388473
0.0498658
0.0888778
0.0875136
0.175391
0.615052
0.657602
0.13991
0.710692
0.975162
0.152393
0.0928731
0.227578
0.0885786
0.707418
0.971136
0.394643
0.442859
0.814362
0.9537
0.835894
0.288943
0.824165
0.994043
0.734869
0.205137
0.716177
0.170939
0.284677
0.195661
0.084895
0.247427
0.200827
0.280927
0.954505
0.368116
0.223409
0.786377
0.403642
0.287931
0.421864
0.64621
0.17039
0.873195
0.714075
0.159946
0.0873851
0.119231
0.996352
0.613784
0.267378
0.250566
0.749356
0.344392
0.721595
0.769157
0.993899
0.318304
0.473944
0.206782
0.784601
0.382192
0.235153
0.44198
0.0321402
0.829797
0.877606
0.945924
0.3979
0.358528
0.878251
0.999258
0.168571
0.913209
0.985966
0.790869
0.819514
0.562742
0.668047
0.609588
0.832133
0.904959
0.813581
0.871821
0.959283
0.386664
0.610009
0.207773
0.581379
0.183522
0.696864
0.728104
0.563831
0.0673634
0.0539011
0.472344
0.281515
0.846699
0.65738
0.965587
0.720437
0.319293
0.974883
0.547128
0.538161
0.821594
0.428654
0.994545
0.158723
0.592994
0.567427
0.284731
0.892681
0.519199
0.349339
0.267919
0.128366
0.56559
0.976081
0.0617226
0.754451
0.302665
0.0565752
0.485908
0.981856
0.602226
0.819444
0.418945
0.849119
0.141061
0.556751
0.96109
0.874826
0.28792
0.364947
0.477544
0.349466
0.379794
0.306742
0.0688639
0.439885
0.559831
0.805713
0.513766
0.19355
0.418905
0.474946
0.343175
0.453321
0.077437
0.797603
0.212817
0.156975
0.364091
0.558551
0.308126
0.46751
0.521791
0.0529476
0.112928
0.186328
0.612168
0.985777
0.860796
0.30389
0.187199
0.912769
0.261609
0.670669
0.277471
0.134316
0.0813647
0.434851
0.320028
0.241539
0.921409
0.182832
0.502855
0.5992
0.44614
0.265838
0.331436
0.218165
0.2287
0.377119
0.778989
0.519849
0.139235
0.631957
0.765451
0.452918
0.642883
0.864246
0.167989
0.618787
0.572133
0.16049
0.786607
0.389153
0.854927
0.881709
0.552577
0.698771
0.998967
0.287041
0.709987
0.395015
0.700072
0.72763
0.0211058
0.589701
0.440039
0.584141
0.289476
0.790964
0.0854019
0.600071
0.462175
0.471745
0.880705
0.757378
0.0515648
0.638743
0.789732
0.084189
0.946243
0.784212
0.226807
0.376052
0.85982
0.752937
0.343156
0.802906
0.596558
0.102524
0.737465
0.0129607
0.933887
0.229035
0.65008
0.635356
0.624202
0.170431
0.975663
0.689791
0.274591
0.190816
0.514932
0.910917
0.815207
0.679921
0.851157
0.753558
0.661019
0.33023
0.473956
0.0551412
0.248933
0.741245
0.0830083
0.559538
0.956849
0.94353
0.368128
0.160624
0.0902302
0.811876
0.681096
0.454249
0.574261
0.909273
0.903916
0.123705
0.0915502
0.27515
0.519409
0.35094
0.61881
0.87372
0.0111871
0.963792
0.844133
0.0925069
0.886502
0.5091
0.920182
0.197054
0.719243
0.674587
0.680284
0.0371636
0.809409
0.33235
0.0450191
0.0785772
0.614687
0.399563
0.961197
0.983361
0.330875
0.0881493
0.76311
0.402019
0.00221846
0.835323
0.295717
0.419772
0.148206
0.158757
0.606261
0.566102
0.178319
0.704453
0.216234
0.243628
0.385976
0.823868
0.825791
0.404771
0.472663
0.463464
0.118263
0.732232
0.529737
0.732259
0.266151
0.277936
0.641347
0.862799
0.483064
0.182048
0.747374
0.542666
0.442911
0.0861172
0.590506
0.676693
0.769072
0.823849
0.501548
0.315797
0.739484
0.0967972
0.206528
0.926344
0.520712
0.247659
0.419136
0.402656
0.216844
0.636466
0.276188
0.697708
0.306116
0.778211
0.818974
0.400993
0.619659
0.222204
0.253172
0.606414
0.539669
0.568901
0.223179
0.194776
0.517563
0.251783
0.601013
0.069449
0.63206
0.136018
0.451947
0.27528
0.247169
0.852398
0.590265
0.553678
0.204277
0.843711
0.606081
0.7806
0.167817
0.103089
0.534534
0.828757
0.536691
0.746423
0.144276
0.145884
0.928816
0.651521
0.889581
0.525979
0.406064
0.826687
0.289563
0.168373
0.465776
0.608825
0.0218896
0.896657
0.108638
0.448284
0.161268
0.844803
0.599427
0.339495
0.287601
0.505487
0.481744
0.857558
0.306774
0.983771
0.532474
0.493465
0.72562
0.183871
0.886242
0.680428
0.120173
0.66338
0.810833
0.578534
0.569042
0.259045
0.880011
0.749104
0.250736
0.152725
0.544134
0.830533
0.230501
0.0916333
0.226204
0.990007
0.0437246
0.975678
0.402358
0.407636
0.739111
0.246541
0.243174
0.620849
0.88505
0.238415
0.334339
0.59363
0.0733694
0.718706
0.378091
0.919886
0.627376
0.509712
0.68038
0.0790004
0.0646199
0.152034
0.578626
0.501152
0.161542
0.174747
0.170236
0.37663
0.304096
0.433348
0.886255
0.371085
0.0758678
0.677169
0.953754
0.488742
0.131468
0.78186
0.347655
0.374055
0.176983
0.130873
0.455306
0.90678
0.384134
0.947596
0.953102
0.987006
0.497645
0.0295718
0.853914
0.00248385
0.756514
0.263029
0.882251
0.456762
0.350422
0.694644
0.862759
0.662948
0.625626
0.467296
0.0880488
0.685701
0.16781
0.834638
0.538607
0.68797
0.741403
0.546143
0.573818
0.40332
0.348903
0.190451
0.782389
0.652586
0.472616
0.626714
0.00337946
0.815954
0.578641
0.960337
0.955519
0.698935
0.785131
0.517862
0.935418
0.691797
0.725579
0.196856
0.433843
0.992265
0.365264
0.327301
0.879958
0.847796
0.60324
0.45737
0.202133
0.929401
0.0169693
0.183762
0.989564
0.793101
0.209049
0.846157
0.934329
0.107532
0.151796
0.543632
0.851803
0.465814
0.504153
0.99656
0.18915
0.275369
0.37656
0.0446572
0.117822
0.49206
0.306501
0.220204
0.0327426
0.0163674
0.327559
0.496644
0.782396
0.332218
0.800595
0.876838
0.317377
0.696335
0.923817
0.889553
0.599191
0.117018
0.1384
0.34931
0.0729194
0.494623
0.0656403
0.725434
0.743074
0.423483
0.446893
0.597382
0.291972
0.663948
0.109653
0.10816
0.241257
0.3699
0.104075
0.176034
0.251835
0.891321
0.73776
0.481181
0.601433
0.0147869
0.217181
0.37246
0.700011
0.547659
0.946192
0.951365
0.67484
0.520038
0.171475
0.0308429
0.0356344
0.885089
0.232347
0.0484466
0.152422
0.358616
0.736573
0.826093
0.662478
0.710363
0.283151
0.543924
0.715236
0.923359
0.603304
0.418214
0.0556513
0.954829
0.367329
0.1182
0.66795
0.198231
0.258167
0.35303
0.381208
0.487634
0.723397
0.864766
0.515129
0.935221
0.707019
0.478791
0.364076
0.63287
0.630222
0.896739
0.720531
0.334699
0.844694
0.514205
0.787443
0.407594
0.862544
0.685728
0.492622
0.73296
0.0893004
0.138461
0.692682
0.719113
0.865671
0.323988
0.499274
0.665584
0.0870335
0.770902
0.808595
0.480869
0.35821
0.938726
0.208931
0.0971164
0.562787
0.167461
0.73882
0.954974
0.224547
0.286255
0.244249
0.483178
0.202269
0.326374
0.150686
0.461721
0.65581
0.0769562
0.350522
0.21272
0.876166
0.55391
0.884044
0.355579
0.986172
0.821476
0.86091
0.169554
0.307409
0.742527
0.844868
0.987957
0.156453
0.871154
0.771272
0.702802
0.495811
0.225007
0.706599
0.117786
0.272065
0.460249
0.0986396
0.324198
0.480426
0.256045
0.18516
0.634338
0.987375
0.831411
0.600693
0.203477
0.266873
0.553277
0.0388381
0.969925
0.209955
0.469219
0.709414
0.401228
0.25713
0.265669
0.314458
0.966874
0.584087
0.175458
0.0473512
0.32343
0.335318
0.464454
0.553313
0.864189
0.227764
0.539763
0.523511
0.180912
0.186429
0.993835
0.867814
0.644246
0.561761
0.102229
0.622853
0.239329
0.544344
0.877033
0.83782
0.460898
0.154893
0.419498
0.679212
0.344602
0.159574
0.435796
0.196087
0.860327
0.277741
0.69398
0.337329
0.654087
0.443018
0.734299
0.509562
0.71056
0.467186
0.447628
0.543363
0.0958753
0.0152269
0.593238
0.755769
0.168828
0.207518
0.896052
0.546539
0.806898
0.467415
0.0459182
0.553057
0.629079
0.588359
0.293023
0.239114
0.467105
0.402625
0.920276
0.0300848
0.740489
0.658062
0.692359
0.044068
0.237792
0.879931
0.242678
0.828576
0.397452
0.378475
0.163513
0.503959
0.145308
0.350083
0.00302911
0.255117
0.462345
0.634907
0.430948
0.914351
0.733142
0.919951
0.624536
0.0992381
0.74586
0.0920342
0.435333
0.981895
0.892805
0.5059
0.626099
0.49292
0.330943
0.00244107
0.839669
0.472305
0.950302
0.586429
0.261388
0.0677931
0.0807299
0.663183
0.777473
0.197643
0.425408
0.653259
0.949357
0.715133
0.351346
0.420073
0.177773
0.314979
0.148326
0.175264
0.342546
0.727394
0.311959
0.531684
0.271943
0.521494
0.971526
0.0609239
0.249908
0.216668
0.279185
0.82596
0.335725
0.221575
0.16612
0.311702
0.356891
0.323934
0.278019
0.295555
0.382004
0.862912
0.704107
0.74501
0.238682
0.126305
0.304005
0.834241
0.470651
0.203965
0.560786
0.754264
0.71868
0.728599
0.752118
0.449128
0.222463
0.927941
0.992659
0.771452
0.65514
0.738682
0.471495
0.526079
0.350619
0.931126
0.465163
0.550208
0.00673403
0.305318
0.548763
0.265288
0.621722
0.989422
0.887302
0.874567
0.754248
0.692947
0.679517
0.520439
0.427446
0.716661
0.339827
0.100752
0.999518
0.706786
0.518885
0.0875974
0.910509
0.467149
0.548772
0.0351341
0.122639
0.451623
0.177041
0.387104
0.207521
0.351001
0.864444
0.689907
0.712201
0.0311249
0.58577
0.554467
0.960578
0.918393
0.758617
0.238555
0.705955
0.166095
0.36296
0.0882144
0.21397
0.240823
0.245069
0.613477
0.0959191
0.0874954
0.199395
0.749889
0.735171
0.458169
0.850152
0.187075
0.949118
0.0203396
0.128023
0.654811
0.870795
0.951468
0.956948
0.548056
0.114319
0.798654
0.772744
0.773917
0.702633
0.774455
0.00386108
0.812128
0.0503317
0.94059
0.154609
0.727403
0.154692
0.0634127
0.384892
0.457721
0.100326
0.27545
0.719635
0.361536
0.385556
0.0927585
0.961559
0.635418
0.798469
0.656482
0.855442
0.888382
0.301298
0.717
0.323449
0.284858
0.241401
0.83333
0.530876
0.422256
0.41354
0.826147
0.721548
0.598244
0.314917
0.161377
0.0836961
0.158446
0.7789
0.0321629
0.859598
0.156498
0.356282
0.00363477
0.870113
0.00483756
0.798291
0.275292
0.0383879
0.230292
0.639589
0.225956
0.111119
0.0850128
0.566959
0.861714
0.126466
0.729469
0.188703
0.170186
0.165813
0.800103
0.462869
0.868011
0.30232
0.265707
0.224111
0.940292
0.852005
0.569356
0.0352361
0.517919
0.980909
0.673865
0.850547
0.16645
0.378487
0.0791417
0.935001
0.976685
0.736779
0.548089
0.771585
0.717975
0.303133
0.274984
0.176127
0.671644
0.161693
0.287454
0.442187
0.592789
0.100244
0.739531
0.129581
0.77969
0.830908
0.974636
0.273625
0.994023
0.973965
0.733983
0.672222
0.749012
0.646231
0.954683
0.152355
0.157806
0.896033
0.224984
0.858446
0.873655
0.0352585
0.371582
0.0371095
0.236202
0.43303
0.987384
0.17731
0.760042
0.534629
0.604361
0.159369
0.756925
0.889596
0.84587
0.30197
0.32788
0.155058
0.0882888
0.111124
0.831874
0.65746
0.72249
0.639988
0.462109
0.198952
0.0958246
0.324306
0.256485
0.205135
0.433498
0.783643
0.369186
0.188552
0.716552
0.832486
0.984351
0.811239
0.55031
0.00858428
0.112494
0.0408835
0.0684616
0.167729
0.665893
0.839671
0.711533
0.601172
0.948644
0.751849
0.288126
0.493333
0.312049
0.134878
0.954444
0.760369
0.0632369
0.444694
0.793845
0.911853
0.852474
0.148558
0.725493
0.207655
0.975691
0.895242
0.034236
0.785104
0.630651
0.558478
0.892032
0.534459
0.686093
0.953633
0.73159
0.337395
0.310533
0.205942
0.578005
0.80835
0.629361
0.427647
0.358895
0.916589
0.15346
0.324416
0.201714
0.844116
0.465298
0.9596
0.0132715
0.129506
0.913847
0.192592
0.43795
0.327707
0.757242
0.192933
0.718732
0.218019
0.63066
0.551213
0.107951
0.647913
0.930356
0.511266
0.459168
0.165138
0.687923
0.383078
0.570454
0.221976
0.531243
0.183765
0.344561
0.983265
0.41111
0.682922
0.121471
0.505586
0.754722
0.27438
0.186713
0.943827
0.818304
0.337571
0.874284
0.737821
0.141053
0.216859
0.269288
0.988366
0.939438
0.518706
0.878307
0.216523
0.922202
0.900974
0.121988
0.653401
0.501241
0.903052
0.798302
0.155534
0.0733676
0.149389
0.697895
0.747549
0.380079
0.54468
0.31033
0.394543
0.94778
0.616038
0.818049
0.559065
0.284571
0.81066
0.153892
0.875826
0.272625
0.980242
0.631351
0.20422
0.533892
0.793848
0.648356
0.752406
0.0478599
0.231327
0.038667
0.103018
0.388591
0.0259488
0.287004
0.898194
0.600099
0.0566392
0.699026
0.138008
0.638802
0.699141
0.796748
0.646954
0.94722
0.878353
0.739075
0.399841
0.378412
0.31939
0.20648
0.75579
0.952344
0.421865
0.877992
0.124516
0.740945
0.281107
0.372155
0.984423
0.723687
0.986198
0.613903
0.229609
0.232321
0.360309
0.0881516
0.169672
0.774057
0.454253
0.435972
0.0169205
0.397539
0.695627
0.784194
0.686647
0.895628
0.406064
0.486977
0.913301
0.571597
0.718589
0.642719
0.590848
0.742379
0.781208
0.216592
0.961105
0.224531
0.575701
0.551456
0.651501
0.735566
0.357729
0.467657
0.98817
0.426236
0.706472
0.229598
0.0798081
0.0215309
0.995219
0.456202
0.653447
0.782687
0.486322
0.836104
0.343571
0.49252
0.233604
0.331198
0.365336
0.527877
0.951958
0.180669
0.158457
0.529524
0.954991
0.227984
0.811491
0.451429
0.713788
0.504822
0.65959
0.908575
0.469787
0.775659
0.190821
0.300023
0.270333
0.476574
0.989845
0.0608964
0.104251
0.319117
0.758084
0.65303
0.407853
0.128135
0.863866
0.0917972
0.725199
0.0780508
0.27471
0.969425
0.854722
0.917024
0.989126
0.652238
0.281761
0.45104
0.0746512
0.549039
0.207459
0.528502
0.856966
0.462221
0.190277
0.0901068
0.41217
0.224268
0.911532
0.0554955
0.503674
0.747678
0.372383
0.569207
0.313009
0.292965
0.0681313
0.346142
0.98721
0.137659
0.637482
0.490387
0.579453
0.606987
0.2854
0.197157
0.436451
0.426127
0.733486
0.520527
0.187018
0.44713
0.278928
0.920273
0.963158
0.801062
0.827682
0.234472
0.578427
0.519972
0.82245
0.702097
0.583127
0.478515
0.373158
0.876748
0.186597
0.436784
0.424455
0.829545
0.657085
0.360107
0.405185
0.333812
0.448017
0.561879
0.567561
0.91533
0.678254
0.243307
0.96208
0.585768
0.897414
0.229211
0.429037
0.928009
0.616477
0.859931
0.357844
0.552994
0.549657
0.74857
0.607386
0.50471
0.10865
0.503271
0.601971
0.852355
0.00520733
0.787742
0.694364
0.777975
0.266365
0.460379
0.830256
0.440478
0.0618802
0.763829
0.938933
0.0136911
0.0500032
0.0817511
0.409815
0.433886
0.171592
0.566647
0.953511
0.356151
0.496606
0.964753
0.979881
0.220234
0.878488
0.224485
0.475171
0.867562
0.9061
0.65682
0.881891
0.718341
0.239617
0.977931
0.264939
0.0657455
0.366408
0.326671
0.319571
0.253231
0.0529235
0.0292968
0.236807
0.729891
0.728608
0.817313
0.669331
0.936396
0.58976
0.820502
0.641123
0.891778
0.760789
0.788702
0.38801
0.722969
0.33079
0.742173
0.183002
0.257557
0.123168
0.407743
0.60014
0.860693
0.0648181
0.742385
0.550749
0.470768
0.481636
0.209138
0.666183
0.611421
0.980734
0.0799633
0.612526
0.772454
0.280417
0.0112396
0.118503
0.055118
0.748939
0.933562
0.0381483
0.136516
0.180854
0.863102
0.365833
0.556253
0.829715
0.59504
0.0528506
0.757631
0.733099
0.615395
0.0380909
0.374795
0.377845
0.587404
0.221397
0.633641
0.217508
0.0698792
0.666707
0.90014
0.995957
0.670574
0.932926
0.552117
0.691392
0.483636
0.172283
0.375373
0.7824
0.236958
0.772984
0.0764562
0.266845
0.125127
0.383279
0.820961
0.26131
0.0871358
0.0373783
0.383902
0.703233
0.849771
0.812261
0.0283716
0.638237
0.935776
0.511794
0.170538
0.634619
0.692063
0.977033
0.796896
0.413348
0.766564
0.370296
0.963084
0.538311
0.352705
0.760509
0.982283
0.381396
0.97889
0.0812069
0.400469
0.174889
0.482904
0.0805104
0.0262736
0.562217
0.418364
0.23351
0.0635806
0.0135717
0.781137
0.667091
0.278666
0.407669
0.326233
0.898953
0.409064
0.647357
0.70435
0.0940911
0.350234
0.705388
0.459307
0.606796
0.210203
0.535807
0.401976
0.313756
0.373409
0.0450136
0.117868
0.0154765
0.360449
0.698225
0.725964
0.258624
0.834439
0.501221
0.469173
0.173444
0.152158
0.468538
0.299272
0.574324
0.961693
0.936529
0.734035
0.804373
0.195721
0.49976
0.77798
0.749795
0.0567958
0.709705
0.0443055
0.194185
0.500496
0.113665
0.526998
0.263916
0.608869
0.476929
0.693858
0.425354
0.200184
0.887622
0.728619
0.723151
0.625159
0.0821588
0.414087
0.116014
0.143806
0.130564
0.887122
0.185603
0.287854
0.46604
0.814149
0.324398
0.781647
0.540841
0.855971
0.933036
0.346567
0.541741
0.862135
0.0911874
0.0691322
0.99345
0.638148
0.78023
0.342531
0.49678
0.396088
0.831482
0.386308
0.925474
0.391685
0.60098
0.310981
0.262826
0.886985
0.5201
0.60243
0.607892
0.858049
0.505956
0.726653
0.910968
0.899289
0.905547
0.708446
0.977504
0.682762
0.521402
0.770165
0.780346
0.342072
0.123537
0.563838
0.220253
0.344362
0.0124062
0.0356981
0.202105
0.784778
0.644301
0.0933883
0.212325
0.529264
0.603347
0.0152409
0.314432
0.280016
0.798047
0.612181
0.497019
0.411282
0.539163
0.114297
0.516777
0.141879
0.398009
0.315774
0.287137
0.336103
0.961184
0.550585
0.881291
0.360935
0.429195
0.752487
0.408157
0.53721
0.180673
0.336855
0.418397
0.574629
0.152254
0.292784
0.909923
0.768137
0.0647455
0.994111
0.631546
0.986296
0.944412
0.138098
0.72029
0.975495
0.101146
0.406859
0.220188
0.611389
0.0439612
0.0745955
0.921404
0.65389
0.616459
0.663412
0.952251
0.260327
0.343351
0.656984
0.0705204
0.332788
0.442391
0.446996
0.699244
0.199933
0.818981
0.59787
0.564022
0.422492
0.300507
0.127425
0.564241
0.749856
0.44761
0.897633
0.307544
0.60179
0.175798
0.0473818
0.021
0.277022
0.370456
0.893495
0.167455
0.676028
0.78701
0.158612
0.683825
0.344835
0.648771
0.710358
0.486432
0.575768
0.170835
0.350833
0.43691
0.595685
0.956154
0.723944
0.74788
0.663977
0.00873107
0.544388
0.149937
0.492716
0.0253538
0.150049
0.920427
0.456285
0.481328
0.122941
0.245067
0.937153
0.775104
0.496783
0.346332
0.822038
0.167797
0.200235
0.460707
0.962875
0.954854
0.869988
0.301332
0.83103
0.26217
0.492946
0.0532993
0.388974
0.887287
0.613232
0.728819
0.682271
0.568337
0.823172
0.436367
0.897455
0.313579
0.720733
0.229291
0.167238
0.163556
0.538025
0.744018
0.174209
0.735236
0.65081
0.815343
0.942545
0.10904
0.736789
0.612527
0.318075
0.788601
0.0735993
0.321328
0.026241
0.471403
0.674015
0.216073
0.873737
0.362065
0.66528
0.633192
0.135341
0.211647
0.133037
0.805488
0.072528
0.0376391
0.796347
0.00652588
0.0538639
0.707227
0.460185
0.69994
0.107617
0.868463
0.816305
0.665171
0.614879
0.999018
0.0268456
0.782226
0.671379
0.902556
0.719684
0.0738459
0.419257
0.908942
0.148111
0.0908367
0.507995
0.441401
0.832525
0.0357735
0.0832267
0.987946
0.0364481
0.22737
0.918206
0.799375
0.0989483
0.300289
0.733801
0.926337
0.985032
0.197336
0.644262
0.0993466
0.200073
0.336616
0.750419
0.180524
0.648374
0.182517
0.621014
0.755843
0.24595
0.0887123
0.834706
0.536938
0.0781371
0.474768
0.777111
0.0553052
0.551762
0.420673
0.150983
0.994518
0.860995
0.841602
0.847371
0.799952
0.465854
0.493561
0.172743
0.13225
0.847974
0.480263
0.921753
0.125309
0.642563
0.154361
0.991442
0.248634
0.851911
0.784426
0.897878
0.842085
0.192409
0.941687
0.203147
0.493018
0.099091
0.0904783
0.195966
0.555424
0.790492
0.520863
0.345028
0.266715
0.544857
0.0986753
0.577013
0.158889
0.183603
0.155648
0.0011753
0.150016
0.883743
0.530955
0.824395
0.0332963
0.842515
0.315034
0.753485
0.353607
0.0103607
0.932727
0.968877
0.642214
0.39994
0.811216
0.208709
0.783485
0.119932
0.273701
0.576736
0.46923
0.926
0.535355
0.303945
0.547326
0.00116302
0.634177
0.686051
0.428528
0.307959
0.48195
0.909124
0.10288
0.510698
0.105314
0.905138
0.914918
0.131152
0.226833
0.742943
0.202819
0.584024
0.119598
0.356712
0.143939
0.177271
0.0703754
0.289763
0.630107
0.806008
0.231043
0.939228
0.170211
0.190779
0.443551
0.36645
0.622923
0.0711707
0.56599
0.0139395
0.228541
0.425797
0.792845
0.358703
0.210133
0.602301
0.433772
0.755674
0.50533
0.837491
0.0266401
0.779512
0.330969
0.481529
0.713558
0.807489
0.917799
0.00626963
0.762946
0.582839
0.326868
0.315247
0.678444
0.149962
0.341834
0.97337
0.359269
0.8714
0.59435
0.637361
0.310065
0.139237
0.631655
0.799605
0.476231
0.406167
0.20657
0.222703
0.243622
0.756209
0.872536
0.182856
0.887097
0.32158
0.111322
0.276025
0.295938
0.720639
0.102999
0.32931
0.860972
0.522971
0.371074
0.251265
0.602367
0.658304
0.0297722
0.143355
0.99962
0.128163
0.498102
0.585433
0.120942
0.0238159
0.949547
0.631292
0.652108
0.698903
0.333365
0.746835
0.648837
0.940317
0.0168891
0.403564
0.934244
0.920913
0.739739
0.190815
0.973067
0.715617
0.30966
0.788397
0.312114
0.789804
0.89307
0.00102149
0.115824
0.213562
0.340736
0.0596642
0.788764
0.081212
0.17377
0.761453
0.183381
0.142899
0.757872
0.1791
0.937945
0.208254
0.285121
0.978716
0.475255
0.269512
0.0408725
0.754802
0.245513
0.904735
0.460392
0.722138
0.0588378
0.0117937
0.400257
0.995129
0.935329
0.724136
0.940926
0.2775
0.394599
0.238505
0.776148
0.0675884
0.495714
0.0874963
0.621558
0.316665
0.0921772
0.918952
0.138526
0.997859
0.845097
0.687455
0.931752
0.571941
0.288264
0.607002
0.461111
0.236787
0.830367
0.279986
0.874124
0.106422
0.152293
0.720782
0.058158
0.019472
0.321545
0.681164
0.827278
0.19207
0.917997
0.513344
0.649253
0.310284
0.53873
0.940261
0.744414
0.113249
0.782114
0.866603
0.49433
0.843858
0.198162
0.411344
0.54736
0.484152
0.855485
0.563082
0.851481
0.438731
0.34837
0.399702
0.321782
0.199379
0.429821
0.88334
0.598888
0.791137
0.0460398
0.876931
0.203783
0.021668
0.877517
0.774197
0.846782
0.941419
0.529067
0.0797367
0.0237967
0.127071
0.623325
0.055627
0.234544
0.550878
0.494951
0.654456
0.987243
0.0323422
0.0578998
0.967036
0.331996
0.532423
0.903388
0.825199
0.298459
0.619099
0.900173
0.885662
0.0784304
0.62867
0.926546
0.710219
0.453668
0.823989
0.147004
0.280793
0.730617
0.410116
0.406374
0.912669
0.755696
0.48694
0.237431
0.373219
0.87888
0.851874
0.0954251
0.223263
0.744832
0.43829
0.865344
0.0938467
0.790202
0.68652
0.677495
0.324923
0.423042
0.00817441
0.00819112
0.593027
0.042827
0.0973067
0.130367
0.644339
0.762649
0.870575
0.51657
0.975507
0.649832
0.359061
0.890742
0.719251
0.539602
0.0655894
0.974067
0.00610969
0.993453
0.38973
0.835912
0.80488
0.863749
0.856294
0.922324
0.850914
0.883872
0.0136124
0.219221
0.199725
0.957922
0.384702
0.918925
0.749828
0.386461
0.956326
0.517145
0.138244
0.396969
0.871508
0.307699
0.70214
0.604457
0.671982
0.359136
0.472745
0.556808
0.352749
0.507555
0.947028
0.238505
0.698541
0.587662
0.523396
0.283912
0.680008
0.639856
0.293759
0.679933
0.887337
0.910684
0.897733
0.0191741
0.732094
0.811229
0.220509
0.151808
0.956414
0.801058
0.216116
0.749277
0.0829925
0.0837626
0.367831
0.944416
0.173038
0.817469
0.260315
0.00627442
0.655436
0.103907
0.62987
0.819555
0.683648
0.301845
0.707928
0.660496
0.919199
0.900253
0.323229
0.333
0.760388
0.898266
0.676201
0.304189
0.0346774
0.167758
0.968479
0.431361
0.79095
0.44363
0.718509
0.160523
0.63417
0.0691933
0.505518
0.841394
0.00188682
0.626568
0.0643177
0.929895
0.833115
0.821353
0.764786
0.697464
0.799552
0.899256
0.519775
0.233079
0.00468698
0.380281
0.550014
0.439971
0.60615
0.0933811
0.435953
0.970251
0.239804
0.661738
0.158544
0.315268
0.0644453
0.24811
0.436937
0.701042
0.908805
0.0662427
0.357375
0.269525
0.900056
0.125256
0.742761
0.969144
0.0617919
0.623687
0.57076
0.0513647
0.842757
0.736145
0.80596
0.561596
0.903931
0.556234
0.63618
0.458852
0.21241
0.997299
0.258443
0.224742
0.93342
0.328632
0.878621
0.327086
0.450369
0.502705
0.540282
0.511013
0.0661314
0.600388
0.6155
0.384218
0.544863
0.413089
0.00831057
0.63605
0.734798
0.791083
0.461923
0.27157
0.228974
0.883956
0.651781
0.0254599
0.383531
0.880159
0.38513
0.855512
0.846757
0.418672
0.490956
0.922006
0.907918
0.419606
0.682371
0.165114
0.000103357
0.588406
0.799604
0.844246
0.100747
0.460185
0.700526
0.40751
0.18398
0.680687
0.476316
0.872124
0.287625
0.600691
0.420922
0.782402
0.552789
0.0184974
0.33175
0.752749
0.678026
0.453472
0.0498234
0.799744
0.797281
0.739243
0.780805
0.0814491
0.823896
0.544209
0.364747
0.630758
0.36392
0.0808815
0.0498469
0.656663
0.936296
0.92785
0.406043
0.781666
0.529522
0.956276
0.72925
0.921487
0.783021
0.569348
0.126708
0.535886
0.501694
0.195852
0.217729
0.618405
